1200	99.6172
1192.15	99.6344
1184.4	99.6508
1176.75	99.6611
1169.21	99.6633
1161.75	99.6602
1154.39	99.6574
1147.13	99.6603
1139.95	99.6711
1132.86	99.6876
1125.87	99.7041
1118.95	99.7152
1112.13	99.7181
1105.38	99.7148
1098.72	99.7109
1092.13	99.712
1085.63	99.7212
1079.2	99.7367
1072.84	99.7532
1066.56	99.7648
1060.36	99.7682
1054.23	99.7647
1048.16	99.7595
1042.17	99.7587
1036.24	99.766
1030.38	99.7804
1024.59	99.7969
1018.86	99.8091
1013.2	99.8129
1007.6	99.809
1002.06	99.8022
996.576	99.7993
991.156	99.8046
985.795	99.818
980.491	99.8345
975.244	99.8474
970.053	99.8516
964.917	99.8471
959.835	99.8385
954.806	99.8331
949.83	99.8363
944.905	99.8488
940.031	99.8657
935.207	99.8796
930.433	99.8844
925.707	99.879
921.028	99.868
916.397	99.8595
911.812	99.8605
907.273	99.8725
902.778	99.891
898.328	99.9071
893.922	99.9128
889.559	99.9058
885.238	99.8906
880.958	99.8773
876.72	99.8755
872.523	99.8891
868.365	99.9135
864.247	99.9369
860.168	99.9468
856.127	99.9359
852.124	99.9071
848.159	99.8724
844.23	99.848
840.337	99.846
836.48	99.8683
832.658	99.9052
828.871	99.9396
825.118	99.9553
821.399	99.9447
817.714	99.9124
814.061	99.8736
810.441	99.8459
806.853	99.8416
803.296	99.8612
799.771	99.8939
796.277	99.9229
792.813	99.9336
789.379	99.921
785.974	99.8917
782.599	99.8601
779.253	99.8412
775.935	99.8431
772.645	99.8631
769.383	99.8898
766.149	99.909
762.941	99.9109
759.761	99.895
756.606	99.8698
753.478	99.848
750.376	99.8401
747.299	99.8489
744.247	99.8687
741.22	99.8882
738.218	99.8969
735.239	99.89
732.285	99.8711
729.354	99.8493
726.447	99.8348
723.563	99.8332
720.702	99.843
717.863	99.8567
715.046	99.8654
712.251	99.8632
709.479	99.8506
706.727	99.8338
703.997	99.8215
701.288	99.82
698.6	99.8304
695.932	99.8483
693.285	99.8671
690.657	99.8817
688.05	99.8919
685.462	99.902
682.893	99.9182
680.344	99.9437
677.814	99.9747
675.302	100
672.809	100.005
670.334	99.9747
667.878	99.9044
665.439	99.799
663.018	99.6741
660.615	99.5502
658.229	99.4466
655.86	99.3747
653.508	99.3354
651.173	99.3205
648.854	99.3174
646.553	99.315
644.267	99.3075
641.997	99.2964
639.744	99.2882
637.506	99.2901
635.283	99.306
633.077	99.3343
630.885	99.3678
628.709	99.3969
626.547	99.4139
624.4	99.4158
622.268	99.4064
620.151	99.3945
618.048	99.3904
615.959	99.4019
613.884	99.4307
611.823	99.4715
609.776	99.5141
607.742	99.5472
605.723	99.5632
603.716	99.5612
601.723	99.5475
599.742	99.5331
597.775	99.5288
595.821	99.5408
593.879	99.5677
591.95	99.6012
590.034	99.6299
588.13	99.6446
586.238	99.6428
584.358	99.63
582.49	99.6177
580.634	99.6177
578.79	99.6365
576.958	99.672
575.137	99.714
573.328	99.7487
571.53	99.7656
569.743	99.7622
567.967	99.746
566.203	99.731
564.449	99.7307
562.706	99.7518
560.974	99.7904
559.253	99.8337
557.542	99.8663
555.841	99.8772
554.151	99.8661
552.471	99.8433
550.802	99.825
549.142	99.8253
547.492	99.8488
545.852	99.8886
544.222	99.9289
542.602	99.9534
540.991	99.9533
539.39	99.9318
537.798	99.9028
536.216	99.884
534.643	99.888
533.079	99.9155
531.524	99.9552
529.979	99.9892
528.442	100.002
526.914	99.9881
525.395	99.9564
523.885	99.924
522.383	99.9086
520.89	99.9195
519.405	99.952
517.929	99.9902
516.461	100.015
515.002	100.013
513.551	99.986
512.108	99.9466
510.673	99.915
509.246	99.9073
507.827	99.9274
506.415	99.9646
505.012	99.9992
503.616	100.012
502.229	99.9958
500.848	99.9568
499.476	99.9137
498.111	99.8877
496.753	99.891
495.402	99.921
494.059	99.9612
492.724	99.9895
491.395	99.9896
490.074	99.9595
488.759	99.9126
487.452	99.8714
486.152	99.8557
484.858	99.8724
483.572	99.912
482.292	99.9531
481.019	99.9733
479.753	99.9609
478.493	99.9211
477.24	99.8734
475.994	99.8422
474.754	99.8439
473.52	99.8784
472.293	99.9291
471.072	99.9707
469.858	99.9824
468.649	99.9584
467.447	99.911
466.251	99.8648
465.062	99.8439
463.878	99.8593
462.7	99.9023
461.528	99.9479
460.362	99.9662
459.202	99.9368
458.048	99.8588
456.9	99.7512
455.757	99.6452
454.62	99.5692
453.489	99.5368
452.363	99.5419
451.243	99.5626
450.129	99.5737
449.02	99.5595
447.916	99.5209
446.818	99.4746
445.725	99.4439
444.638	99.446
443.556	99.4832
442.479	99.5412
441.407	99.5962
440.34	99.6267
439.279	99.6237
438.223	99.5946
437.171	99.5595
436.125	99.5406
435.084	99.5514
434.048	99.5903
433.017	99.6422
431.99	99.6867
430.969	99.7078
429.952	99.7022
428.94	99.6799
427.933	99.6581
426.93	99.6528
425.932	99.6698
424.939	99.7033
423.951	99.7388
422.967	99.7619
421.987	99.7656
421.012	99.754
420.042	99.7397
419.076	99.7366
418.115	99.7521
417.158	99.783
416.205	99.8169
415.257	99.8386
414.313	99.8387
413.373	99.8182
412.437	99.789
411.506	99.7674
410.579	99.7662
409.656	99.7877
408.737	99.8227
407.823	99.8544
406.912	99.8671
406.005	99.854
405.103	99.8206
404.204	99.7823
403.31	99.757
402.419	99.7565
401.533	99.7813
400.65	99.8203
399.771	99.8565
398.896	99.875
398.025	99.8693
397.157	99.8441
396.294	99.8113
395.434	99.7837
394.578	99.7685
393.725	99.7641
392.877	99.762
392.031	99.7521
391.19	99.729
390.352	99.6953
389.518	99.6611
388.687	99.6389
387.86	99.6376
387.036	99.6572
386.216	99.6893
385.399	99.7199
384.586	99.7366
383.776	99.7335
382.969	99.7138
382.166	99.688
381.367	99.6683
380.57	99.6628
379.777	99.6725
378.987	99.6907
378.201	99.7073
377.418	99.7135
376.638	99.706
375.861	99.6882
375.087	99.668
374.317	99.6534
373.55	99.6492
372.785	99.6545
372.024	99.6639
371.267	99.6706
370.512	99.6696
369.76	99.66
369.011	99.6454
368.266	99.6311
367.523	99.6218
366.783	99.6195
366.047	99.6225
365.313	99.6268
364.582	99.6285
363.854	99.6254
363.129	99.6179
362.407	99.6085
361.688	99.6002
360.971	99.5952
360.258	99.5941
359.547	99.5956
358.839	99.5982
358.134	99.6003
357.432	99.6012
356.732	99.6009
356.035	99.6
355.341	99.5991
354.649	99.5985
353.96	99.5986
353.274	99.6001
352.591	99.6037
351.91	99.6097
351.232	99.6178
350.556	99.6265
349.883	99.6337
349.213	99.6373
348.545	99.637
347.879	99.6341
347.217	99.6318
346.556	99.6336
345.899	99.6417
345.243	99.6554
344.591	99.6712
343.94	99.6841
343.292	99.6899
342.647	99.6872
342.004	99.6786
341.363	99.6697
340.725	99.6669
340.089	99.6739
339.456	99.6906
338.825	99.7125
338.196	99.7328
337.569	99.7455
336.945	99.7482
336.324	99.7427
335.704	99.734
335.087	99.7278
334.472	99.7275
333.859	99.7326
333.249	99.7389
332.64	99.741
332.034	99.7346
331.43	99.7185
330.829	99.6949
330.229	99.6676
329.632	99.6398
329.037	99.6128
328.444	99.5854
327.853	99.556
327.264	99.5241
326.678	99.4924
326.093	99.4659
325.511	99.4503
324.93	99.4487
324.352	99.4599
323.776	99.4776
323.201	99.4936
322.629	99.5007
322.059	99.4969
321.491	99.4859
320.925	99.4758
320.361	99.475
319.799	99.4882
319.238	99.5132
318.68	99.5424
318.124	99.5657
317.57	99.576
317.017	99.5723
316.467	99.5607
315.918	99.5516
315.371	99.5542
314.826	99.5726
314.284	99.6028
313.743	99.6353
313.203	99.6592
312.666	99.6676
312.13	99.6613
311.597	99.6479
311.065	99.6384
310.535	99.6412
310.007	99.658
309.48	99.6824
308.956	99.7029
308.433	99.7084
307.912	99.6936
307.392	99.6616
306.875	99.6225
306.359	99.5892
305.845	99.5714
305.332	99.5716
304.821	99.5847
304.312	99.6012
303.805	99.6113
303.3	99.6099
302.796	99.5976
302.293	99.579
301.793	99.5592
301.294	99.5404
300.797	99.5205
300.301	99.4952
299.807	99.4612
299.314	99.4197
298.824	99.3773
298.335	99.3438
297.847	99.3274
297.361	99.3308
296.877	99.3488
296.394	99.3703
295.912	99.3832
295.433	99.3801
294.955	99.3616
294.478	99.3364
294.003	99.3167
293.529	99.3121
293.057	99.3244
292.587	99.3468
292.118	99.3668
291.65	99.3726
291.184	99.359
290.72	99.3303
290.257	99.2982
289.795	99.2762
289.335	99.2727
288.877	99.287
288.419	99.3092
287.964	99.3257
287.509	99.3255
287.057	99.3063
286.605	99.2754
286.155	99.2462
285.706	99.2317
285.259	99.2375
284.813	99.2593
284.369	99.285
283.926	99.3009
283.484	99.2982
283.044	99.2782
282.605	99.2509
282.168	99.2301
281.731	99.2266
281.297	99.2423
280.863	99.2695
280.431	99.295
280	99.3065
