1200	98.905
1192.15	98.9029
1184.4	98.9094
1176.75	98.9292
1169.21	98.9584
1161.75	98.9867
1154.39	99.0046
1147.13	99.0093
1139.95	99.0072
1132.86	99.0091
1125.87	99.0234
1118.95	99.0502
1112.13	99.0814
1105.38	99.1059
1098.72	99.1168
1092.13	99.1166
1085.63	99.115
1079.2	99.1229
1072.84	99.1448
1066.56	99.176
1060.36	99.2055
1054.23	99.2232
1048.16	99.2268
1042.17	99.2233
1036.24	99.2247
1030.38	99.2397
1024.59	99.2679
1018.86	99.3002
1013.2	99.3243
1007.6	99.3334
1002.06	99.3302
996.576	99.326
991.156	99.3326
985.795	99.3549
980.491	99.387
975.244	99.4165
970.053	99.4322
964.917	99.4317
959.835	99.4236
954.806	99.4214
949.83	99.4349
944.905	99.4637
940.031	99.4966
935.207	99.5194
930.433	99.5241
925.707	99.5143
921.028	99.5037
916.397	99.5064
911.812	99.5281
907.273	99.5618
902.778	99.5917
898.328	99.6038
893.922	99.5956
889.559	99.5775
885.238	99.5675
880.958	99.5782
876.72	99.6092
872.523	99.6458
868.365	99.6685
864.247	99.6657
860.168	99.6419
856.127	99.6161
852.124	99.6097
848.159	99.6328
844.23	99.6762
840.337	99.7157
836.48	99.7268
832.658	99.7
828.871	99.6485
825.118	99.6018
821.399	99.5894
817.714	99.6232
814.061	99.6896
810.441	99.7568
806.853	99.7924
803.296	99.7819
799.771	99.7366
796.277	99.6866
792.813	99.6631
789.379	99.6807
785.974	99.7292
782.599	99.7813
779.253	99.8088
775.935	99.7995
772.645	99.7633
769.383	99.7249
766.149	99.7086
762.941	99.7237
759.761	99.76
756.606	99.795
753.478	99.809
750.376	99.7962
747.299	99.7676
744.247	99.7427
741.22	99.7367
738.218	99.7518
735.239	99.7766
732.285	99.7951
729.354	99.797
726.447	99.7843
723.563	99.7683
720.702	99.7611
717.863	99.7662
715.046	99.7767
712.251	99.7806
709.479	99.7706
706.727	99.7505
703.997	99.7342
701.288	99.7361
698.6	99.7607
695.932	99.7973
693.285	99.8245
690.657	99.8235
688.05	99.7899
685.462	99.7384
682.893	99.6955
680.344	99.6842
677.814	99.7097
675.302	99.756
672.809	99.7944
670.334	99.8014
667.878	99.7725
665.439	99.7266
663.018	99.6946
660.615	99.7015
658.229	99.7515
655.86	99.8245
653.508	99.8884
651.173	99.9172
648.854	99.9063
646.553	99.8738
644.267	99.8486
641.997	99.8505
639.744	99.8769
637.506	99.9012
635.283	99.887
633.077	99.8081
630.885	99.6629
628.709	99.4762
626.547	99.2865
624.4	99.1277
622.268	99.0148
620.151	98.9414
618.048	98.8891
615.959	98.8419
613.884	98.7959
611.823	98.7589
609.776	98.7423
607.742	98.7501
605.723	98.7737
603.716	98.7969
601.723	98.8052
599.742	98.7957
597.775	98.7788
595.821	98.7713
593.879	98.7852
591.95	98.8194
590.034	98.8598
588.13	98.8888
586.238	98.8962
584.358	98.8866
582.49	98.8765
580.634	98.8839
578.79	98.9163
576.958	98.9655
575.137	99.0126
573.328	99.0399
571.53	99.0424
569.743	99.0314
567.967	99.0276
566.203	99.0479
564.449	99.0944
562.706	99.1522
560.974	99.199
559.253	99.2188
557.542	99.2124
555.841	99.1975
554.151	99.1977
552.471	99.2276
550.802	99.2833
549.142	99.3438
547.492	99.3845
545.852	99.3922
544.222	99.3739
542.602	99.3534
540.991	99.3567
539.39	99.3961
537.798	99.4619
536.216	99.5282
534.643	99.5683
533.079	99.5715
531.524	99.5502
529.979	99.5327
528.442	99.5469
526.914	99.6028
525.395	99.6859
523.885	99.7653
522.383	99.8105
520.89	99.8077
519.405	99.7663
517.929	99.7111
516.461	99.6656
515.002	99.6381
513.551	99.6182
512.108	99.5859
510.673	99.528
509.246	99.4499
507.827	99.3761
506.415	99.337
505.012	99.3513
503.616	99.4134
502.229	99.4949
500.848	99.5597
499.476	99.5838
498.111	99.5685
496.753	99.5393
495.402	99.53
494.059	99.563
492.724	99.6348
491.395	99.7172
490.074	99.7718
488.759	99.7699
487.452	99.7061
486.152	99.5989
484.858	99.4789
483.572	99.3713
482.292	99.2853
481.019	99.2139
479.753	99.1438
478.493	99.0686
477.24	98.9951
475.994	98.9399
474.754	98.9177
473.52	98.9309
472.293	98.9653
471.072	98.9973
469.858	99.0071
468.649	98.9901
467.447	98.9591
466.251	98.9365
465.062	98.9401
463.878	98.9724
462.7	99.0191
461.528	99.058
460.362	99.0727
459.202	99.0624
458.048	99.0422
456.9	99.0336
455.757	99.0509
454.62	99.0928
453.489	99.143
452.363	99.181
451.243	99.1942
450.129	99.186
449.02	99.1729
447.916	99.1744
446.818	99.2007
445.725	99.2466
444.638	99.295
443.556	99.3276
442.479	99.3361
441.407	99.3273
440.34	99.3185
439.279	99.3264
438.223	99.3569
437.171	99.4016
436.125	99.4433
435.084	99.4671
434.048	99.4689
433.017	99.4584
431.99	99.452
430.969	99.463
429.952	99.4932
428.94	99.5321
427.933	99.5639
426.93	99.5776
425.932	99.5732
424.939	99.5617
423.951	99.5576
422.967	99.5695
421.987	99.5955
421.012	99.6247
420.042	99.6448
419.076	99.6501
418.115	99.6447
417.158	99.6387
416.205	99.6412
415.257	99.6535
414.313	99.6685
413.373	99.6763
412.437	99.6721
411.506	99.6609
410.579	99.6551
409.656	99.6663
408.737	99.6962
407.823	99.7333
406.912	99.7583
406.005	99.7551
405.103	99.722
404.204	99.6744
403.31	99.6378
402.419	99.6329
401.533	99.6635
400.65	99.7123
399.771	99.7504
398.896	99.7535
398.025	99.7164
397.157	99.6571
396.294	99.6071
395.434	99.5934
394.578	99.6223
393.725	99.6757
392.877	99.7206
392.031	99.7287
391.19	99.6929
390.352	99.6318
389.518	99.5792
388.687	99.5642
387.86	99.5941
387.036	99.6497
386.216	99.6968
385.399	99.7059
384.586	99.6699
383.776	99.6085
382.969	99.5568
382.166	99.5443
381.367	99.578
380.57	99.6375
379.777	99.6874
378.987	99.6978
378.201	99.6617
377.418	99.5991
376.638	99.545
375.861	99.529
375.087	99.5577
374.317	99.6115
373.55	99.6566
372.785	99.6648
372.024	99.6303
371.267	99.5726
370.512	99.5247
369.76	99.513
369.011	99.5421
368.266	99.5924
367.523	99.6324
366.783	99.6374
366.047	99.6047
365.313	99.5538
364.582	99.5147
363.854	99.5095
363.129	99.5393
362.407	99.5839
361.688	99.6152
360.971	99.6144
360.258	99.5834
359.547	99.5434
358.839	99.5211
358.134	99.5317
357.432	99.5691
356.732	99.6098
356.035	99.6277
355.341	99.6114
354.649	99.5725
353.96	99.5397
353.274	99.5418
352.591	99.5891
351.91	99.6656
351.232	99.7363
350.556	99.7665
349.883	99.7423
349.213	99.6792
348.545	99.6152
347.879	99.5896
347.217	99.6214
346.556	99.6985
345.899	99.7841
345.243	99.8371
344.591	99.8353
343.94	99.7869
343.292	99.7259
342.647	99.6927
342.004	99.7113
341.363	99.7762
340.725	99.8563
340.089	99.9124
339.456	99.9198
338.825	99.881
338.196	99.8239
337.569	99.7851
336.945	99.7893
336.324	99.836
335.704	99.9007
335.087	99.9493
334.472	99.9582
333.859	99.9267
333.249	99.877
332.64	99.8403
332.034	99.8394
331.43	99.876
330.829	99.9305
330.229	99.9741
329.632	99.9852
329.037	99.9612
328.444	99.9189
327.853	99.8839
327.264	99.8752
326.678	99.8941
326.093	99.9233
325.511	99.9371
324.93	99.9155
324.352	99.8563
323.776	99.7761
323.201	99.7025
322.629	99.6597
322.059	99.657
321.491	99.6848
320.925	99.7214
320.361	99.7439
319.799	99.7405
319.238	99.7147
318.68	99.6825
318.124	99.6627
317.57	99.6668
317.017	99.6933
316.467	99.7293
315.918	99.7574
315.371	99.7645
314.826	99.7474
314.284	99.7135
313.743	99.6756
313.203	99.6451
312.666	99.6265
312.13	99.6166
311.597	99.607
311.065	99.5907
310.535	99.5662
310.007	99.5396
309.48	99.5216
308.956	99.5219
308.433	99.5441
307.912	99.5829
307.392	99.6258
306.875	99.6588
306.359	99.6726
305.845	99.667
305.332	99.6511
304.821	99.6383
304.312	99.6402
303.805	99.6601
303.3	99.6919
302.796	99.7229
302.293	99.7408
301.793	99.7398
301.294	99.7237
300.797	99.7036
300.301	99.6917
299.807	99.6947
299.314	99.7102
298.824	99.7286
298.335	99.7389
297.847	99.7355
297.361	99.7215
296.877	99.7063
296.394	99.7001
295.912	99.7062
295.433	99.7184
294.955	99.7237
294.478	99.7101
294.003	99.6744
293.529	99.6253
293.057	99.5804
292.587	99.5566
292.118	99.561
291.65	99.5863
291.184	99.6141
290.72	99.6253
290.257	99.6104
289.795	99.5749
289.335	99.5367
288.877	99.5154
288.419	99.5213
287.964	99.5486
287.509	99.5794
287.057	99.5932
286.605	99.5795
286.155	99.544
285.706	99.5055
285.259	99.4847
284.813	99.4924
284.369	99.5225
283.926	99.5556
283.484	99.5704
283.044	99.5567
282.605	99.5219
282.168	99.487
281.731	99.4744
281.297	99.4945
280.863	99.5388
280.431	99.5848
280	99.6082
