1200	99.7163
1192.15	99.7125
1184.4	99.7148
1176.75	99.7196
1169.21	99.721
1161.75	99.7162
1154.39	99.7079
1147.13	99.7019
1139.95	99.7021
1132.86	99.7069
1125.87	99.7106
1118.95	99.7085
1112.13	99.7013
1105.38	99.694
1098.72	99.6922
1092.13	99.6965
1085.63	99.7022
1079.2	99.7034
1072.84	99.6985
1066.56	99.6912
1060.36	99.6877
1054.23	99.6909
1048.16	99.698
1042.17	99.7027
1036.24	99.7011
1030.38	99.6949
1024.59	99.6903
1018.86	99.6921
1013.2	99.6997
1007.6	99.7075
1002.06	99.7098
996.576	99.7059
991.156	99.7009
985.795	99.701
980.491	99.7082
975.244	99.7182
970.053	99.7245
964.917	99.7238
959.835	99.7193
954.806	99.7177
949.83	99.7235
944.905	99.7345
940.031	99.7443
935.207	99.7472
930.433	99.7441
925.707	99.7411
921.028	99.7445
916.397	99.7551
911.812	99.7673
907.273	99.774
902.778	99.773
898.328	99.769
893.922	99.7695
889.559	99.7782
885.238	99.7914
880.958	99.8014
876.72	99.8031
872.523	99.7988
868.365	99.796
864.247	99.8012
860.168	99.8137
856.127	99.8261
852.124	99.831
848.159	99.8272
844.23	99.8214
840.337	99.822
836.48	99.8318
832.658	99.8452
828.871	99.8532
825.118	99.851
821.399	99.8428
817.714	99.8381
814.061	99.8434
810.441	99.8562
806.853	99.8669
803.296	99.8674
799.771	99.8581
796.277	99.8481
792.813	99.8474
789.379	99.8575
785.974	99.8702
782.599	99.8744
779.253	99.8658
775.935	99.8515
772.645	99.8436
769.383	99.8491
766.149	99.8626
762.941	99.8713
759.761	99.8658
756.606	99.8489
753.478	99.8337
750.376	99.8325
747.299	99.8451
744.247	99.8588
741.22	99.8591
738.218	99.8425
735.239	99.8207
732.285	99.8109
729.354	99.8205
726.447	99.8395
723.563	99.8486
720.702	99.836
717.863	99.8089
715.046	99.7888
712.251	99.7929
709.479	99.8177
706.727	99.8401
703.997	99.8365
701.288	99.8046
698.6	99.7693
695.932	99.7636
693.285	99.7999
690.657	99.855
688.05	99.884
685.462	99.8546
682.893	99.7765
680.344	99.6995
677.814	99.6793
675.302	99.7356
672.809	99.8343
670.334	99.91
667.878	99.9137
665.439	99.8486
663.018	99.7677
660.615	99.7332
658.229	99.769
655.86	99.8437
653.508	99.8966
651.173	99.8859
648.854	99.8214
646.553	99.756
644.267	99.7429
641.997	99.7927
639.744	99.8657
637.506	99.9037
635.283	99.8772
633.077	99.8081
630.885	99.752
628.709	99.7531
626.547	99.8094
624.4	99.8748
622.268	99.8974
620.151	99.8608
618.048	99.7967
615.959	99.7583
613.884	99.7767
611.823	99.8368
609.776	99.8902
607.742	99.8955
605.723	99.8517
603.716	99.7976
601.723	99.7796
599.742	99.8135
597.775	99.8725
595.821	99.9098
593.879	99.8976
591.95	99.8495
590.034	99.808
588.13	99.8091
586.238	99.8529
584.358	99.9043
582.49	99.9227
580.634	99.8952
578.79	99.8472
576.958	99.8199
575.137	99.8366
573.328	99.8831
571.53	99.921
569.743	99.9195
567.967	99.8809
566.203	99.8379
564.449	99.826
562.706	99.8538
560.974	99.8966
559.253	99.9176
557.542	99.8988
555.841	99.8557
554.151	99.8236
552.471	99.828
550.802	99.8632
549.142	99.898
547.492	99.9023
545.852	99.872
544.222	99.8323
542.602	99.8157
540.991	99.8348
539.39	99.872
537.798	99.8946
536.216	99.8831
534.643	99.8471
533.079	99.817
531.524	99.8177
529.979	99.8476
528.442	99.8802
526.914	99.8867
525.395	99.8608
523.885	99.824
522.383	99.8071
520.89	99.8239
519.405	99.8593
517.929	99.8818
516.461	99.8703
515.002	99.8323
513.551	99.798
512.108	99.7948
510.673	99.8245
509.246	99.8615
507.827	99.8745
506.415	99.8523
505.012	99.8139
503.616	99.792
502.229	99.806
500.848	99.8454
499.476	99.8785
498.111	99.8788
496.753	99.8461
495.402	99.8058
494.059	99.7861
492.724	99.7931
491.395	99.8057
490.074	99.7942
488.759	99.7468
487.452	99.6821
486.152	99.6355
484.858	99.6302
483.572	99.6586
482.292	99.6873
481.019	99.6846
479.753	99.6468
478.493	99.6007
477.24	99.5815
475.994	99.6031
474.754	99.6459
473.52	99.6726
472.293	99.6589
471.072	99.6143
469.858	99.5744
468.649	99.5724
467.447	99.6118
466.251	99.6636
465.062	99.6898
463.878	99.6742
462.7	99.6349
461.528	99.6088
460.362	99.6207
459.202	99.6631
458.048	99.7031
456.9	99.7099
455.757	99.6803
454.62	99.6412
453.489	99.627
452.363	99.6505
451.243	99.6926
450.129	99.7184
449.02	99.7065
447.916	99.6665
446.818	99.6309
445.725	99.6282
444.638	99.6587
443.556	99.6951
442.479	99.7051
441.407	99.6785
440.34	99.6354
439.279	99.6093
438.223	99.6191
437.171	99.6536
436.125	99.6808
435.084	99.6756
434.048	99.6398
433.017	99.6012
431.99	99.5896
430.969	99.6121
429.952	99.6474
428.94	99.6637
427.933	99.6456
426.93	99.6066
425.932	99.5781
424.939	99.5822
423.951	99.6142
422.967	99.6457
421.987	99.6493
421.012	99.6211
420.042	99.5841
419.076	99.5685
418.115	99.5867
417.158	99.6227
416.205	99.6456
415.257	99.6357
414.313	99.6008
413.373	99.57
412.437	99.5688
411.506	99.5982
410.579	99.6334
409.656	99.6449
408.737	99.6229
407.823	99.586
406.912	99.5652
406.005	99.5788
405.103	99.6166
404.204	99.6485
403.31	99.6489
402.419	99.6175
401.533	99.5795
400.65	99.5646
399.771	99.5831
398.896	99.6181
398.025	99.6404
397.157	99.6325
396.294	99.6029
395.434	99.5775
394.578	99.5776
393.725	99.602
392.877	99.6286
392.031	99.6333
391.19	99.6106
390.352	99.5779
389.518	99.561
388.687	99.5717
387.86	99.599
387.036	99.618
386.216	99.6117
385.399	99.5848
384.586	99.5595
383.776	99.5567
382.969	99.5778
382.166	99.6041
381.367	99.6127
380.57	99.596
379.777	99.568
378.987	99.5522
378.201	99.5614
377.418	99.5868
376.638	99.6057
375.861	99.6004
375.087	99.5738
374.317	99.5467
373.55	99.54
372.785	99.5573
372.024	99.5811
371.267	99.5885
370.512	99.57
369.76	99.5381
369.011	99.5166
368.266	99.5206
367.523	99.5433
366.783	99.5619
366.047	99.5567
365.313	99.5281
364.582	99.4964
363.854	99.4845
363.129	99.4988
362.407	99.523
361.688	99.5324
360.971	99.5143
360.258	99.479
359.547	99.4519
358.839	99.4513
358.134	99.4733
357.432	99.4947
356.732	99.4921
356.035	99.4622
355.341	99.425
354.649	99.4068
353.96	99.4186
353.274	99.446
352.591	99.461
351.91	99.4457
351.232	99.4077
350.556	99.3741
349.883	99.3695
349.213	99.3946
348.545	99.425
347.879	99.431
347.217	99.4029
346.556	99.3599
345.899	99.3356
345.243	99.3498
344.591	99.3913
343.94	99.4249
343.292	99.4187
342.647	99.3704
342.004	99.3106
341.363	99.2805
340.725	99.3009
340.089	99.3562
339.456	99.4066
338.825	99.4182
338.196	99.3882
337.569	99.3456
336.945	99.3273
336.324	99.3499
335.704	99.3971
335.087	99.4339
334.472	99.4342
333.859	99.3995
333.249	99.3568
332.64	99.3363
332.034	99.349
331.43	99.3804
330.829	99.404
330.229	99.4029
329.632	99.3815
329.037	99.3591
328.444	99.3537
327.853	99.3674
327.264	99.3872
326.678	99.3974
326.093	99.3919
325.511	99.3785
324.93	99.3696
324.352	99.3716
323.776	99.3799
323.201	99.385
322.629	99.3814
322.059	99.373
321.491	99.3683
320.925	99.372
320.361	99.38
319.799	99.3835
319.238	99.3771
318.68	99.3646
318.124	99.3559
317.57	99.3579
317.017	99.3676
316.467	99.3742
315.918	99.3687
315.371	99.3523
314.826	99.3362
314.284	99.3326
313.743	99.3432
313.203	99.3575
312.666	99.3607
312.13	99.3469
311.597	99.3244
311.065	99.3095
310.535	99.3125
310.007	99.3289
309.48	99.3421
308.956	99.3378
308.433	99.3161
307.912	99.2923
307.392	99.2842
306.875	99.2967
306.359	99.3172
305.845	99.3254
305.332	99.3108
304.821	99.2823
304.312	99.2613
303.805	99.2643
303.3	99.288
302.796	99.3113
302.293	99.312
301.793	99.2857
301.294	99.2499
300.797	99.2305
300.301	99.2404
299.807	99.2689
299.314	99.2896
298.824	99.2828
298.335	99.2514
297.847	99.2195
297.361	99.2119
296.877	99.2337
296.394	99.2651
295.912	99.2782
295.433	99.2595
294.955	99.2226
294.478	99.1967
294.003	99.2026
293.529	99.2348
293.057	99.2654
292.587	99.2671
292.118	99.2362
291.65	99.1961
291.184	99.1788
290.72	99.1979
290.257	99.2369
289.795	99.262
289.335	99.2505
288.877	99.2096
288.419	99.1715
287.964	99.1666
287.509	99.1984
287.057	99.2395
286.605	99.2543
286.155	99.2283
285.706	99.1807
285.259	99.1495
284.813	99.1596
284.369	99.202
283.926	99.2402
283.484	99.2403
283.044	99.1991
282.605	99.1477
282.168	99.1261
281.731	99.15
281.297	99.1969
280.863	99.2238
280.431	99.2026
280	99.1436
