1200	0.338322
1192.15	0.337742
1184.4	0.336916
1176.75	0.335779
1169.21	0.334305
1161.75	0.33253
1154.39	0.330524
1147.13	0.328363
1139.95	0.326077
1132.86	0.323631
1125.87	0.320945
1118.95	0.317932
1112.13	0.314555
1105.38	0.310849
1098.72	0.306912
1092.13	0.302849
1085.63	0.29872
1079.2	0.294502
1072.84	0.290102
1066.56	0.28541
1060.36	0.280364
1054.23	0.274997
1048.16	0.269425
1042.17	0.263791
1036.24	0.25819
1030.38	0.252617
1024.59	0.246968
1018.86	0.241104
1013.2	0.234931
1007.6	0.228467
1002.06	0.22184
996.576	0.215233
991.156	0.208785
985.795	0.202516
980.491	0.196319
975.244	0.190018
970.053	0.183477
964.917	0.176688
959.835	0.169787
954.806	0.162996
949.83	0.156503
944.905	0.150361
940.031	0.144456
935.207	0.138569
930.433	0.132505
925.707	0.126218
921.028	0.119856
916.397	0.113699
911.812	0.108011
907.273	0.102891
902.778	0.0981978
898.328	0.0936082
893.922	0.0887839
889.559	0.0835706
885.238	0.0781267
880.958	0.0729084
876.72	0.068509
872.523	0.0654224
868.365	0.0638381
864.247	0.063563
860.168	0.0640995
856.127	0.0648378
852.124	0.0652672
848.159	0.0651118
844.23	0.0643444
840.337	0.0630976
836.48	0.0615416
832.658	0.0598029
828.871	0.0579603
825.118	0.0560998
821.399	0.0543697
817.714	0.0529798
814.061	0.0521295
810.441	0.0519026
806.853	0.0522009
803.296	0.0527695
799.771	0.0533196
796.277	0.0536874
792.813	0.0539364
789.379	0.0543337
785.974	0.0551977
782.599	0.0566954
779.253	0.0587075
775.935	0.0608511
772.645	0.0626706
769.383	0.0639016
766.149	0.0646634
762.941	0.0654566
759.761	0.0669456
756.606	0.069629
753.478	0.0735753
750.376	0.0783844
747.299	0.0834181
744.247	0.0881864
741.22	0.0926749
738.218	0.0974052
735.239	0.103156
732.285	0.110466
729.354	0.119185
726.447	0.128352
723.563	0.136526
720.702	0.142432
717.863	0.1456
715.046	0.146587
712.251	0.146582
709.479	0.146488
706.727	0.145955
703.997	0.142932
701.288	0.134205
698.6	0.116939
695.932	0.0907053
693.285	0.059138
690.657	0.0303047
688.05	0.0153134
685.462	0.0253586
682.893	0.0681168
680.344	0.144791
677.814	0.24898
675.302	0.367939
672.809	0.485887
670.334	0.588277
667.878	0.665515
665.439	0.714901
663.018	0.740227
660.615	0.749378
658.229	0.751004
655.86	0.751577
653.508	0.753851
651.173	0.757069
648.854	0.758529
646.553	0.755606
644.267	0.747282
641.997	0.734596
639.744	0.719986
637.506	0.706002
635.283	0.694117
633.077	0.684178
630.885	0.674713
628.709	0.663835
626.547	0.650245
624.4	0.633834
622.268	0.615634
620.151	0.597228
618.048	0.579951
615.959	0.56431
613.884	0.54987
611.823	0.535616
609.776	0.520536
607.742	0.504115
605.723	0.48651
603.716	0.468351
601.723	0.450348
599.742	0.432933
597.775	0.416151
595.821	0.399813
593.879	0.383815
591.95	0.368385
590.034	0.354105
588.13	0.341672
586.238	0.331518
584.358	0.3235
582.49	0.31683
580.634	0.31031
578.79	0.302768
576.958	0.293491
575.137	0.28246
573.328	0.270281
571.53	0.25786
569.743	0.245992
567.967	0.235051
566.203	0.22492
564.449	0.215153
562.706	0.205284
560.974	0.195089
559.253	0.184696
557.542	0.1745
555.841	0.164941
554.151	0.156286
552.471	0.14852
550.802	0.141382
549.142	0.134538
547.492	0.127755
545.852	0.121016
544.222	0.114502
542.602	0.108479
540.991	0.103148
539.39	0.0985543
537.798	0.0945802
536.216	0.0910304
534.643	0.0877417
533.079	0.0846604
531.524	0.0818493
529.979	0.0794298
528.442	0.0774994
526.914	0.0760758
525.395	0.075094
523.885	0.0744523
522.383	0.0740714
520.89	0.0739316
519.405	0.0740646
517.929	0.0745121
516.461	0.0752808
515.002	0.0763247
513.551	0.077566
512.108	0.0789404
510.673	0.0804349
509.246	0.0820912
507.827	0.0839692
506.415	0.0860934
505.012	0.088416
503.616	0.0908249
502.229	0.0931954
500.848	0.0954572
499.476	0.0976359
498.111	0.0998377
496.753	0.102182
495.402	0.104718
494.059	0.107373
492.724	0.109976
491.395	0.112337
490.074	0.11436
488.759	0.116098
487.452	0.117733
486.152	0.119457
484.858	0.121328
483.572	0.123185
482.292	0.12467
481.019	0.12539
479.753	0.125126
478.493	0.12401
477.24	0.122535
475.994	0.121385
474.754	0.121145
473.52	0.122003
472.293	0.123628
471.072	0.125273
469.858	0.126099
468.649	0.125554
467.447	0.123645
466.251	0.120926
465.062	0.118209
463.878	0.116112
462.7	0.114678
461.528	0.113266
460.362	0.110818
459.202	0.106402
458.048	0.0997766
456.9	0.0916895
455.757	0.083717
454.62	0.0776642
453.489	0.0747779
452.363	0.0751543
451.243	0.0776813
450.129	0.0806379
449.02	0.0827646
447.916	0.0843605
446.818	0.0878754
445.725	0.0976143
444.638	0.118514
443.556	0.154348
442.479	0.205996
441.407	0.270474
440.34	0.34116
439.279	0.409241
438.223	0.465943
437.171	0.504799
436.125	0.523203
435.084	0.52276
434.048	0.508381
433.017	0.486524
431.99	0.463242
430.969	0.442704
429.952	0.426594
428.94	0.41445
427.933	0.404612
426.93	0.39532
425.932	0.385507
424.939	0.375057
423.951	0.364566
422.967	0.354837
421.987	0.346412
421.012	0.33935
420.042	0.333305
419.076	0.327786
418.115	0.322428
417.158	0.317126
416.205	0.311986
415.257	0.307168
414.313	0.302731
413.373	0.298595
412.437	0.294616
411.506	0.290725
410.579	0.287011
409.656	0.283698
408.737	0.281002
407.823	0.278963
406.912	0.277358
406.005	0.27576
405.103	0.273747
404.204	0.271128
403.31	0.268084
402.419	0.265113
401.533	0.262797
400.65	0.261492
399.771	0.261108
398.896	0.261103
398.025	0.260721
397.157	0.259352
396.294	0.25686
395.434	0.253675
394.578	0.250613
393.725	0.248477
392.877	0.247642
392.031	0.247829
391.19	0.248198
390.352	0.247729
389.518	0.245715
388.687	0.242129
387.86	0.237663
387.036	0.233428
386.216	0.230427
385.399	0.229073
384.586	0.228991
383.776	0.229202
382.969	0.228629
382.166	0.226657
381.367	0.223479
380.57	0.220036
379.777	0.217561
378.987	0.216937
378.201	0.218207
377.418	0.220483
376.638	0.222343
375.861	0.222551
375.087	0.220741
374.317	0.217705
373.55	0.215071
372.785	0.214461
372.024	0.216474
371.267	0.219985
370.512	0.222181
369.76	0.21945
369.011	0.208876
368.266	0.189795
367.523	0.164749
366.783	0.139374
366.047	0.121107
365.313	0.117083
364.582	0.131917
363.854	0.166138
363.129	0.215844
362.407	0.273713
361.688	0.331021
360.971	0.379969
360.258	0.41555
359.547	0.436378
358.839	0.444338
358.134	0.443303
357.432	0.437517
356.732	0.430231
356.035	0.423055
355.341	0.416099
354.649	0.40868
353.96	0.400167
353.274	0.390564
352.591	0.380603
351.91	0.371394
351.232	0.363867
350.556	0.358344
349.883	0.354427
349.213	0.351268
348.545	0.34804
347.879	0.344358
347.217	0.34045
346.556	0.336981
345.899	0.334655
345.243	0.333802
344.591	0.334155
343.94	0.334941
343.292	0.335214
342.647	0.33428
342.004	0.331992
341.363	0.328789
340.725	0.325496
340.089	0.323
339.456	0.321988
338.825	0.322861
338.196	0.325833
337.569	0.331103
336.945	0.338941
336.324	0.349585
335.704	0.362965
335.087	0.378401
334.472	0.39447
333.859	0.409194
333.249	0.420539
332.64	0.427046
332.034	0.428324
331.43	0.425164
330.829	0.419175
330.229	0.412086
329.632	0.40502
329.037	0.398075
328.444	0.390448
327.853	0.381053
327.264	0.369377
326.678	0.356152
326.093	0.343494
325.511	0.33438
324.93	0.331613
324.352	0.336713
323.776	0.349172
323.201	0.366436
322.629	0.384642
322.059	0.399826
321.491	0.409153
320.925	0.411683
320.361	0.408408
319.799	0.401609
319.238	0.393838
318.68	0.386968
318.124	0.381685
317.57	0.377554
317.017	0.373561
316.467	0.368814
315.918	0.36305
315.371	0.356758
314.826	0.350891
314.284	0.346361
313.743	0.3436
313.203	0.342381
312.666	0.341992
312.13	0.341635
311.597	0.340834
311.065	0.339661
310.535	0.338661
310.007	0.338543
309.48	0.339805
308.956	0.342487
308.433	0.346177
307.912	0.350268
307.392	0.354335
306.875	0.358438
306.359	0.363209
305.845	0.369676
305.332	0.378885
304.821	0.391482
304.312	0.407421
303.805	0.425902
303.3	0.445543
302.796	0.464714
302.293	0.481897
301.793	0.495966
301.294	0.506327
300.797	0.512905
300.301	0.516043
299.807	0.51635
299.314	0.514548
298.824	0.511348
298.335	0.50734
297.847	0.502918
297.361	0.498243
296.877	0.493262
296.394	0.487787
295.912	0.481619
295.433	0.474682
294.955	0.467101
294.478	0.459208
294.003	0.451447
293.529	0.444223
293.057	0.43776
292.587	0.432021
292.118	0.426739
291.65	0.421537
291.184	0.416094
290.72	0.410279
290.257	0.404209
289.795	0.398188
289.335	0.392583
288.877	0.387664
288.419	0.383502
287.964	0.379945
287.509	0.376682
287.057	0.373366
286.605	0.369741
286.155	0.365712
285.706	0.36136
285.259	0.356877
284.813	0.352482
284.369	0.348331
283.926	0.34447
283.484	0.340838
283.044	0.337314
282.605	0.333777
282.168	0.330166
281.731	0.326509
281.297	0.322917
280.863	0.319545
280.431	0.316543
280	0.314002
