1200	99.6839
1192.15	99.6982
1184.4	99.7122
1176.75	99.7245
1169.21	99.7354
1161.75	99.7464
1154.39	99.7588
1147.13	99.7723
1139.95	99.7856
1132.86	99.7972
1125.87	99.8071
1118.95	99.8168
1112.13	99.8276
1105.38	99.8396
1098.72	99.8514
1092.13	99.8616
1085.63	99.8698
1079.2	99.8774
1072.84	99.8859
1066.56	99.8957
1060.36	99.9055
1054.23	99.9138
1048.16	99.9199
1042.17	99.925
1036.24	99.9309
1030.38	99.938
1024.59	99.9455
1018.86	99.9515
1013.2	99.9554
1007.6	99.9579
1002.06	99.9609
996.576	99.9654
991.156	99.9705
985.795	99.9744
980.491	99.9761
975.244	99.9761
970.053	99.9765
964.917	99.9783
959.835	99.9813
954.806	99.9835
949.83	99.9834
944.905	99.9814
940.031	99.9794
935.207	99.9791
930.433	99.9804
925.707	99.9814
921.028	99.9803
916.397	99.9769
911.812	99.9731
907.273	99.9712
902.778	99.9715
898.328	99.9723
893.922	99.971
889.559	99.967
885.238	99.9621
880.958	99.9592
876.72	99.9597
872.523	99.9618
868.365	99.9619
864.247	99.9575
860.168	99.9493
856.127	99.9411
852.124	99.936
848.159	99.9344
844.23	99.9329
840.337	99.9274
836.48	99.9162
832.658	99.9016
828.871	99.8883
825.118	99.8797
821.399	99.8756
817.714	99.8729
814.061	99.8681
810.441	99.8607
806.853	99.8528
803.296	99.8475
799.771	99.8461
796.277	99.8467
792.813	99.8463
789.379	99.8428
785.974	99.8372
782.599	99.8322
779.253	99.83
775.935	99.8307
772.645	99.8319
769.383	99.8312
766.149	99.8281
762.941	99.8242
759.761	99.8222
756.606	99.823
753.478	99.8255
750.376	99.8276
747.299	99.8277
744.247	99.8263
741.22	99.8255
738.218	99.827
735.239	99.831
732.285	99.8355
729.354	99.8385
726.447	99.8393
723.563	99.8391
720.702	99.8401
717.863	99.8432
715.046	99.8471
712.251	99.8493
709.479	99.8482
706.727	99.8437
703.997	99.8377
701.288	99.8318
698.6	99.8255
695.932	99.8164
693.285	99.8019
690.657	99.7814
688.05	99.7567
685.462	99.7308
682.893	99.7054
680.344	99.6791
677.814	99.6493
675.302	99.6147
672.809	99.5777
670.334	99.5434
667.878	99.5163
665.439	99.4972
663.018	99.483
660.615	99.4698
658.229	99.4561
655.86	99.4447
653.508	99.4396
651.173	99.4425
648.854	99.4507
646.553	99.459
644.267	99.464
641.997	99.4671
639.744	99.4731
637.506	99.4858
635.283	99.5041
633.077	99.5225
630.885	99.5359
628.709	99.5441
626.547	99.5522
624.4	99.5659
622.268	99.5864
620.151	99.6086
618.048	99.6254
615.959	99.6346
613.884	99.6407
611.823	99.6515
609.776	99.6707
607.742	99.6941
605.723	99.7128
603.716	99.7216
601.723	99.724
599.742	99.7299
597.775	99.746
595.821	99.7698
593.879	99.7904
591.95	99.7987
590.034	99.7963
588.13	99.7949
586.238	99.8065
584.358	99.8314
582.49	99.8562
580.634	99.8654
578.79	99.8558
576.958	99.8422
575.137	99.8463
573.328	99.877
571.53	99.9198
569.743	99.9448
567.967	99.9311
566.203	99.8852
564.449	99.8401
562.706	99.8309
560.974	99.8675
559.253	99.9258
557.542	99.966
555.841	99.9639
554.151	99.9293
552.471	99.8973
550.802	99.8985
549.142	99.934
547.492	99.9755
545.852	99.9904
544.222	99.9698
542.602	99.9359
540.991	99.922
539.39	99.9431
537.798	99.9824
536.216	100.006
534.643	99.9927
533.079	99.9531
531.524	99.9206
529.979	99.922
528.442	99.9547
526.914	99.9882
525.395	99.991
523.885	99.9581
522.383	99.9158
520.89	99.8982
519.405	99.918
517.929	99.9552
516.461	99.9748
515.002	99.9576
513.551	99.9172
512.108	99.8875
510.673	99.8932
509.246	99.9275
507.827	99.9587
506.415	99.958
505.012	99.9251
503.616	99.8887
502.229	99.8809
500.848	99.9089
499.476	99.9486
498.111	99.965
496.753	99.9435
495.402	99.9022
494.059	99.8761
492.724	99.8869
491.395	99.924
490.074	99.9548
488.759	99.9529
487.452	99.9214
486.152	99.8892
484.858	99.8855
483.572	99.9136
482.292	99.9489
481.019	99.9604
479.753	99.9384
478.493	99.9028
477.24	99.8857
475.994	99.9032
474.754	99.9413
473.52	99.9679
472.293	99.9603
471.072	99.9235
469.858	99.8859
468.649	99.8749
467.447	99.8953
466.251	99.9274
465.062	99.9455
463.878	99.9392
462.7	99.9201
461.528	99.9084
460.362	99.9145
459.202	99.9307
458.048	99.94
456.9	99.9331
455.757	99.9163
454.62	99.9056
453.489	99.9109
452.363	99.927
451.243	99.9387
450.129	99.9351
449.02	99.9188
447.916	99.9037
446.818	99.9013
445.725	99.9108
444.638	99.9202
443.556	99.9177
442.479	99.9025
441.407	99.8848
440.34	99.8759
439.279	99.8777
438.223	99.8815
437.171	99.8766
436.125	99.8608
435.084	99.8422
434.048	99.8316
433.017	99.8316
431.99	99.8344
430.969	99.8292
429.952	99.8126
428.94	99.7931
427.933	99.7831
426.93	99.7878
425.932	99.7986
424.939	99.7988
423.951	99.7764
422.967	99.7327
421.987	99.6807
421.012	99.6345
420.042	99.5995
419.076	99.5715
418.115	99.5441
417.158	99.5169
416.205	99.4965
415.257	99.4899
414.313	99.497
413.373	99.5089
412.437	99.5147
411.506	99.5102
410.579	99.5005
409.656	99.4948
408.737	99.4982
407.823	99.5073
406.912	99.5142
406.005	99.5134
405.103	99.5071
404.204	99.502
403.31	99.5035
402.419	99.5109
401.533	99.5187
400.65	99.5221
399.771	99.521
398.896	99.52
398.025	99.5232
397.157	99.5304
396.294	99.538
395.434	99.543
394.578	99.5458
393.725	99.5499
392.877	99.5577
392.031	99.5678
391.19	99.5764
390.352	99.5812
389.518	99.5846
388.687	99.5911
387.86	99.6032
387.036	99.6179
386.216	99.6287
385.399	99.6322
384.586	99.6317
383.776	99.6356
382.969	99.6497
382.166	99.671
381.367	99.6887
380.57	99.6926
379.777	99.6816
378.987	99.6667
378.201	99.663
377.418	99.6784
376.638	99.7078
375.861	99.7364
375.087	99.7511
374.317	99.7496
373.55	99.7415
372.785	99.7399
372.024	99.751
371.267	99.7705
370.512	99.7873
369.76	99.7926
369.011	99.7864
368.266	99.7757
367.523	99.7697
366.783	99.7724
366.047	99.7819
365.313	99.7921
364.582	99.7978
363.854	99.7973
363.129	99.7923
362.407	99.7866
361.688	99.7839
360.971	99.7862
360.258	99.7927
359.547	99.7999
358.839	99.803
358.134	99.799
357.432	99.7896
356.732	99.7814
356.035	99.7815
355.341	99.7926
354.649	99.8094
353.96	99.8214
353.274	99.82
352.591	99.8051
351.91	99.7862
351.232	99.7761
350.556	99.7823
349.883	99.8019
349.213	99.8235
348.545	99.8353
347.879	99.8316
347.217	99.8154
346.556	99.7937
345.899	99.7724
345.243	99.7524
344.591	99.7306
343.94	99.703
343.292	99.6679
342.647	99.6257
342.004	99.5792
341.363	99.533
340.725	99.4923
340.089	99.4616
339.456	99.4422
338.825	99.4297
338.196	99.4161
337.569	99.3949
336.945	99.3663
336.324	99.3379
335.704	99.3192
335.087	99.3142
334.472	99.3169
333.859	99.3159
333.249	99.3037
332.64	99.2838
332.034	99.2686
331.43	99.2692
330.829	99.2858
330.229	99.3061
329.632	99.3155
329.037	99.3091
328.444	99.2967
327.853	99.2946
327.264	99.3122
326.678	99.3432
326.093	99.3706
325.511	99.3808
324.93	99.3755
324.352	99.3706
323.776	99.3824
323.201	99.4136
322.629	99.4505
322.059	99.4742
321.491	99.4772
320.925	99.4696
320.361	99.4707
319.799	99.4922
319.238	99.5279
318.68	99.5584
318.124	99.5681
317.57	99.5583
317.017	99.5466
316.467	99.5518
315.918	99.5776
315.371	99.6097
314.826	99.6276
314.284	99.6227
313.743	99.6053
313.203	99.5956
312.666	99.6065
312.13	99.6318
311.597	99.6521
311.065	99.6511
310.535	99.6299
310.007	99.6066
309.48	99.6008
308.956	99.6173
308.433	99.6418
307.912	99.6532
307.392	99.641
306.875	99.6141
306.359	99.593
305.845	99.5924
305.332	99.6089
304.821	99.6245
304.312	99.6214
303.805	99.5974
303.3	99.5674
302.796	99.5507
302.293	99.5552
301.793	99.5712
301.294	99.5795
300.797	99.5675
300.301	99.5392
299.807	99.5114
299.314	99.4999
298.824	99.5063
298.335	99.5175
297.847	99.5163
297.361	99.4958
296.877	99.4644
296.394	99.4385
295.912	99.4294
295.433	99.434
294.955	99.4384
294.478	99.4289
294.003	99.4034
293.529	99.3727
293.057	99.3514
292.587	99.3463
292.118	99.3512
291.65	99.3525
291.184	99.3408
290.72	99.3183
290.257	99.2971
289.795	99.2888
289.335	99.295
288.877	99.3057
288.419	99.3075
287.964	99.2946
287.509	99.2737
287.057	99.258
286.605	99.2565
286.155	99.2663
285.706	99.2752
285.259	99.272
284.813	99.2564
284.369	99.2396
283.926	99.2345
283.484	99.2449
283.044	99.2616
282.605	99.2706
282.168	99.2656
281.731	99.2535
281.297	99.2487
280.863	99.2598
280.431	99.2806
280	99.2947
