1200	0.524896
1192.15	0.524992
1184.4	0.525223
1176.75	0.525774
1169.21	0.526568
1161.75	0.527293
1154.39	0.527573
1147.13	0.527185
1139.95	0.526196
1132.86	0.524933
1125.87	0.523798
1118.95	0.523033
1112.13	0.522561
1105.38	0.522017
1098.72	0.520944
1092.13	0.519064
1085.63	0.516445
1079.2	0.513487
1072.84	0.510693
1066.56	0.508383
1060.36	0.506485
1054.23	0.504564
1048.16	0.50206
1042.17	0.49862
1036.24	0.494327
1030.38	0.489686
1024.59	0.48535
1018.86	0.481748
1013.2	0.478809
1007.6	0.475981
1002.06	0.472536
996.576	0.468008
991.156	0.462523
985.795	0.456797
980.491	0.451779
975.244	0.448115
970.053	0.445728
964.917	0.443785
959.835	0.441112
954.806	0.436891
949.83	0.431275
944.905	0.425581
940.031	0.42189
935.207	0.422199
930.433	0.427497
925.707	0.437187
921.028	0.449157
916.397	0.460467
911.812	0.468358
907.273	0.471133
902.778	0.468545
898.328	0.461592
893.922	0.451877
889.559	0.440896
885.238	0.429589
880.958	0.418289
876.72	0.406993
872.523	0.395699
868.365	0.38457
864.247	0.37384
860.168	0.363566
856.127	0.353444
852.124	0.342863
848.159	0.331202
844.23	0.318203
840.337	0.304157
836.48	0.289769
832.658	0.275718
828.871	0.262201
825.118	0.248748
821.399	0.234505
817.714	0.218871
814.061	0.202143
810.441	0.185747
806.853	0.171814
803.296	0.162229
799.771	0.157623
796.277	0.156882
792.813	0.157529
789.379	0.156876
785.974	0.153345
782.599	0.14719
779.253	0.140058
775.935	0.133459
772.645	0.126878
769.383	0.116657
766.149	0.0966066
762.941	0.0605338
759.761	0.0058998
756.606	-0.0629782
753.478	-0.133877
750.376	-0.188768
747.299	-0.208786
744.247	-0.180464
741.22	-0.100885
738.218	0.0203807
735.239	0.163532
732.285	0.304312
729.354	0.421237
726.447	0.501607
723.563	0.544164
720.702	0.557641
717.863	0.556103
715.046	0.553146
712.251	0.557331
709.479	0.570424
706.727	0.588716
703.997	0.606334
701.288	0.618785
698.6	0.62508
695.932	0.62771
693.285	0.630823
690.657	0.637766
688.05	0.649341
685.462	0.663566
682.893	0.676924
680.344	0.6863
677.814	0.690554
675.302	0.690935
672.809	0.690221
670.334	0.691141
667.878	0.694943
665.439	0.70085
663.018	0.706621
660.615	0.70984
658.229	0.709215
655.86	0.705197
653.508	0.699649
651.173	0.694799
648.854	0.692065
646.553	0.691387
644.267	0.691377
641.997	0.690153
639.744	0.686385
637.506	0.679977
635.283	0.672058
633.077	0.664331
630.885	0.658154
628.709	0.653866
626.547	0.650691
624.4	0.647231
622.268	0.642263
620.151	0.635379
618.048	0.627164
615.959	0.618826
613.884	0.611528
611.823	0.605782
609.776	0.601229
607.742	0.596896
605.723	0.59176
603.716	0.585299
601.723	0.577739
599.742	0.56988
597.775	0.562632
595.821	0.556523
593.879	0.551442
591.95	0.546752
590.034	0.541668
588.13	0.535695
586.238	0.528871
584.358	0.521702
582.49	0.514848
580.634	0.508745
578.79	0.503377
576.958	0.498317
575.137	0.492996
573.328	0.487038
571.53	0.480465
569.743	0.473674
567.967	0.467197
566.203	0.461391
564.449	0.456242
562.706	0.451371
560.974	0.446253
559.253	0.440494
557.542	0.434038
555.841	0.427173
554.151	0.420352
552.471	0.413939
550.802	0.408013
549.142	0.402349
547.492	0.396569
545.852	0.390369
544.222	0.383699
542.602	0.376784
540.991	0.369985
539.39	0.363581
537.798	0.357599
536.216	0.351796
534.643	0.34579
533.079	0.339288
531.524	0.332257
529.979	0.324959
528.442	0.31781
526.914	0.311145
525.395	0.305015
523.885	0.29913
522.383	0.292993
520.89	0.286167
519.405	0.278543
517.929	0.270469
516.461	0.26266
515.002	0.255924
513.551	0.250817
512.108	0.247383
510.673	0.24511
509.246	0.243113
507.827	0.240483
506.415	0.236635
505.012	0.231528
503.616	0.225638
502.229	0.219739
500.848	0.214562
499.476	0.210504
498.111	0.207501
496.753	0.20511
495.402	0.202738
494.059	0.199924
492.724	0.196516
491.395	0.192699
490.074	0.18885
488.759	0.185318
487.452	0.182244
486.152	0.179493
484.858	0.176748
483.572	0.173689
482.292	0.170174
481.019	0.166316
479.753	0.162418
478.493	0.158803
477.24	0.155637
475.994	0.152837
474.754	0.150115
473.52	0.147149
472.293	0.143769
471.072	0.140067
469.858	0.136352
468.649	0.132982
467.447	0.130147
466.251	0.127737
465.062	0.125379
463.878	0.122621
462.7	0.119182
461.528	0.115128
460.362	0.110862
459.202	0.106939
458.048	0.103781
456.9	0.101466
455.757	0.0997017
454.62	0.0980032
453.489	0.0959805
452.363	0.0935618
451.243	0.0910121
450.129	0.0887218
449.02	0.0868837
447.916	0.0852575
446.818	0.083194
445.725	0.079948
444.638	0.0751302
443.556	0.0690352
442.479	0.0626143
441.407	0.0570405
440.34	0.0530527
439.279	0.0504413
438.223	0.0480198
437.171	0.0442105
436.125	0.0380329
435.084	0.0300048
434.048	0.0224116
433.017	0.0186387
431.99	0.0217174
430.969	0.0326953
429.952	0.0496631
428.94	0.0681022
427.933	0.0826744
426.93	0.0898886
425.932	0.0905535
424.939	0.0908437
423.951	0.101254
422.967	0.133554
421.987	0.196716
421.012	0.293327
420.042	0.4179
419.076	0.557834
418.115	0.696775
417.158	0.819176
416.205	0.914449
415.257	0.97927
414.313	1.01738
413.373	1.03718
412.437	1.04824
411.506	1.05807
410.579	1.07029
409.656	1.08461
408.737	1.09824
407.823	1.10791
406.912	1.1115
406.005	1.10883
405.103	1.10131
404.204	1.09099
403.31	1.07953
402.419	1.06758
401.533	1.05478
400.65	1.04018
399.771	1.02288
398.896	1.00249
398.025	0.979212
397.157	0.953729
396.294	0.926883
395.434	0.899417
394.578	0.871813
393.725	0.844245
392.877	0.816586
392.031	0.788453
391.19	0.759282
390.352	0.728501
389.518	0.69577
388.687	0.661231
387.86	0.625632
387.036	0.5902
386.216	0.55626
385.399	0.524732
384.586	0.49574
383.776	0.468582
382.969	0.44212
382.166	0.415452
381.367	0.388555
380.57	0.362515
379.777	0.339196
378.987	0.320419
378.201	0.307054
377.418	0.298499
376.638	0.29288
375.861	0.287977
375.087	0.282492
374.317	0.277048
373.55	0.274372
372.785	0.278476
372.024	0.293077
371.267	0.319931
370.512	0.357812
369.76	0.402625
369.011	0.448653
368.266	0.490436
367.523	0.524513
366.783	0.550294
366.047	0.569773
365.313	0.586279
364.582	0.602873
363.854	0.621136
363.129	0.640804
362.407	0.660334
361.688	0.677999
360.971	0.692921
360.258	0.705545
359.547	0.717357
358.839	0.730076
358.134	0.744769
357.432	0.761361
356.732	0.778763
356.035	0.795509
355.341	0.81053
354.649	0.823662
353.96	0.83562
353.274	0.847503
352.591	0.860107
351.91	0.873434
351.232	0.886644
350.556	0.898475
349.883	0.90787
349.213	0.914488
348.545	0.918827
347.879	0.921895
347.217	0.924639
346.556	0.927421
345.899	0.929825
345.243	0.930887
344.591	0.929604
343.94	0.925463
343.292	0.918701
342.647	0.910173
342.004	0.900925
341.363	0.891674
340.725	0.882501
340.089	0.872872
339.456	0.861991
338.825	0.849275
338.196	0.834699
337.569	0.818861
336.945	0.802725
336.324	0.787189
335.704	0.77271
335.087	0.759155
334.472	0.745938
333.859	0.732365
333.249	0.717994
332.64	0.702833
332.034	0.687304
331.43	0.671991
330.829	0.657328
330.229	0.643372
329.632	0.629774
329.037	0.615953
328.444	0.601363
327.853	0.585748
327.264	0.569251
326.678	0.552353
326.093	0.535675
325.511	0.519742
324.93	0.504805
324.352	0.490791
323.776	0.47739
323.201	0.464237
322.629	0.451099
322.059	0.438018
321.491	0.425325
320.925	0.413538
320.361	0.403151
319.799	0.394423
319.238	0.387215
318.68	0.380991
318.124	0.374978
317.57	0.368464
317.017	0.361102
316.467	0.353088
315.918	0.34509
315.371	0.337932
314.826	0.332123
314.284	0.32746
313.743	0.32292
313.203	0.316989
312.666	0.308368
312.13	0.296818
311.597	0.283791
311.065	0.272494
310.535	0.267252
310.007	0.272297
309.48	0.290363
308.956	0.321597
308.433	0.363218
307.912	0.410083
307.392	0.455988
306.875	0.495261
306.359	0.524101
305.845	0.541239
305.332	0.547786
304.821	0.546428
304.312	0.540366
303.805	0.532403
303.3	0.524469
302.796	0.517602
302.293	0.51222
301.793	0.508448
301.294	0.506284
300.797	0.505585
300.301	0.505971
299.807	0.506815
299.314	0.507411
298.824	0.507293
298.335	0.506522
297.847	0.505768
297.361	0.50607
296.877	0.508339
296.394	0.512851
295.912	0.518985
295.433	0.525389
294.955	0.530551
294.478	0.533518
294.003	0.534421
293.529	0.534513
293.057	0.535665
292.587	0.539524
292.118	0.546735
291.65	0.55661
291.184	0.567468
290.72	0.57751
290.257	0.585858
289.795	0.59324
289.335	0.601974
288.877	0.615156
288.419	0.635383
287.964	0.663513
287.509	0.698028
287.057	0.735284
286.605	0.770599
286.155	0.799742
285.706	0.820247
285.259	0.832042
284.813	0.837177
284.369	0.838828
283.926	0.840004
283.484	0.842508
283.044	0.846522
282.605	0.850919
282.168	0.854066
281.731	0.854718
281.297	0.852607
280.863	0.848487
280.431	0.8437
280	0.839492
