1200	89.3086
1192.15	89.3062
1184.4	89.3223
1176.75	89.3627
1169.21	89.4184
1161.75	89.4707
1154.39	89.5035
1147.13	89.513
1139.95	89.5101
1132.86	89.5139
1125.87	89.5396
1118.95	89.5887
1112.13	89.6483
1105.38	89.699
1098.72	89.7271
1092.13	89.7333
1085.63	89.732
1079.2	89.7429
1072.84	89.7779
1066.56	89.8344
1060.36	89.8961
1054.23	89.9437
1048.16	89.9665
1042.17	89.9697
1036.24	89.9708
1030.38	89.989
1024.59	90.0329
1018.86	90.0952
1013.2	90.1571
1007.6	90.1999
1002.06	90.2167
996.576	90.217
991.156	90.2208
985.795	90.2463
980.491	90.2982
975.244	90.3647
970.053	90.4247
964.917	90.4609
959.835	90.4705
954.806	90.4676
949.83	90.4742
944.905	90.5067
940.031	90.5654
935.207	90.634
930.433	90.6895
925.707	90.7166
921.028	90.7173
916.397	90.7103
911.812	90.7191
907.273	90.758
902.778	90.822
898.328	90.8902
893.922	90.938
889.559	90.9526
885.238	90.9416
880.958	90.9284
876.72	90.9383
872.523	90.9824
868.365	91.0501
864.247	91.1148
860.168	91.15
856.127	91.1463
852.124	91.1181
848.159	91.0951
844.23	91.1051
840.337	91.1555
836.48	91.2275
832.658	91.2864
828.871	91.302
825.118	91.2675
821.399	91.206
817.714	91.1573
814.061	91.1549
810.441	91.2042
806.853	91.2772
803.296	91.3267
799.771	91.3143
796.277	91.236
792.813	91.1293
789.379	91.0576
785.974	91.0779
782.599	91.2093
779.253	91.4204
775.935	91.6421
772.645	91.8018
769.383	91.8592
766.149	91.8262
762.941	91.759
759.761	91.7279
756.606	91.7793
753.478	91.9126
750.376	92.0819
747.299	92.223
744.247	92.2883
741.22	92.2727
738.218	92.2147
735.239	92.1739
732.285	92.1979
729.354	92.2962
726.447	92.4366
723.563	92.5641
720.702	92.6322
717.863	92.6282
715.046	92.5793
712.251	92.5363
709.479	92.5448
706.727	92.6209
703.997	92.7428
701.288	92.8656
698.6	92.947
695.932	92.9719
693.285	92.9609
690.657	92.9596
688.05	93.0134
685.462	93.1441
682.893	93.3384
680.344	93.5555
677.814	93.7474
675.302	93.8818
672.809	93.9545
670.334	93.9865
667.878	94.0092
665.439	94.0466
663.018	94.1044
660.615	94.1715
658.229	94.2299
655.86	94.2676
653.508	94.2849
651.173	94.2921
648.854	94.3005
646.553	94.3136
644.267	94.3242
641.997	94.3196
639.744	94.2908
637.506	94.24
635.283	94.1807
633.077	94.13
630.885	94.098
628.709	94.0802
626.547	94.0589
624.4	94.0131
622.268	93.9303
620.151	93.8152
618.048	93.6877
615.959	93.5715
613.884	93.4802
611.823	93.4078
609.776	93.3307
607.742	93.22
605.723	93.0581
603.716	92.8503
601.723	92.6248
599.742	92.4193
597.775	92.2634
595.821	92.1632
593.879	92.0996
591.95	92.0387
590.034	91.9505
588.13	91.8253
586.238	91.678
584.358	91.5393
582.49	91.4367
580.634	91.3786
578.79	91.3475
576.958	91.3096
575.137	91.2336
573.328	91.1108
571.53	90.9636
569.743	90.8383
567.967	90.7853
566.203	90.835
564.449	90.9836
562.706	91.1947
560.974	91.4166
559.253	91.6063
557.542	91.7488
555.841	91.8618
554.151	91.9835
552.471	92.1524
550.802	92.3866
549.142	92.6755
547.492	92.9862
545.852	93.2808
544.222	93.5349
542.602	93.7479
540.991	93.9397
539.39	94.1374
537.798	94.3588
536.216	94.6021
534.643	94.8476
533.079	95.0687
531.524	95.2472
529.979	95.3828
528.442	95.4931
526.914	95.6034
525.395	95.7326
523.885	95.8836
522.383	96.0419
520.89	96.1849
519.405	96.2945
517.929	96.3673
516.461	96.4163
515.002	96.4634
513.551	96.5271
512.108	96.613
510.673	96.7109
509.246	96.8011
507.827	96.8662
506.415	96.9003
505.012	96.9126
503.616	96.9218
502.229	96.9456
500.848	96.9911
499.476	97.0513
498.111	97.1094
496.753	97.1487
495.402	97.1617
494.059	97.1544
492.724	97.1426
491.395	97.1429
490.074	97.1635
488.759	97.1999
487.452	97.2378
486.152	97.2615
484.858	97.2625
483.572	97.2444
482.292	97.2202
481.019	97.2054
479.753	97.2088
478.493	97.2281
477.24	97.2513
475.994	97.2638
474.754	97.2566
473.52	97.2311
472.293	97.1983
471.072	97.1722
469.858	97.1621
468.649	97.1675
467.447	97.1787
466.251	97.1822
465.062	97.1688
463.878	97.1381
462.7	97.0991
461.528	97.0645
460.362	97.044
459.202	97.0386
458.048	97.0407
456.9	97.038
455.757	97.0211
454.62	96.9882
453.489	96.9463
452.363	96.907
451.243	96.8802
450.129	96.8685
449.02	96.8659
447.916	96.8617
446.818	96.8459
445.725	96.8154
444.638	96.7754
443.556	96.7365
442.479	96.7088
441.407	96.6964
440.34	96.6952
439.279	96.6954
438.223	96.6868
437.171	96.6646
436.125	96.6322
435.084	96.5993
434.048	96.5765
433.017	96.5696
431.99	96.5764
430.969	96.5878
429.952	96.593
428.94	96.5852
427.933	96.566
426.93	96.5442
425.932	96.5314
424.939	96.5357
423.951	96.5569
422.967	96.5867
421.987	96.6125
421.012	96.6253
420.042	96.6239
419.076	96.6173
418.115	96.6194
417.158	96.6421
416.205	96.6885
415.257	96.7502
414.313	96.8113
413.373	96.8567
412.437	96.8801
411.506	96.8886
410.579	96.8997
409.656	96.9323
408.737	96.9965
407.823	97.087
406.912	97.1848
406.005	97.2661
405.103	97.3156
404.204	97.336
403.31	97.3486
402.419	97.3842
401.533	97.467
400.65	97.6003
399.771	97.7616
398.896	97.9106
398.025	98.0077
397.157	98.0347
396.294	98.0063
395.434	97.9669
394.578	97.972
393.725	98.0621
392.877	98.2415
392.031	98.4734
391.19	98.6931
390.352	98.8366
389.518	98.87
388.687	98.8055
387.86	98.6981
387.036	98.621
386.216	98.6333
385.399	98.7527
384.586	98.9487
383.776	99.1566
382.969	99.3087
382.166	99.365
381.367	99.3312
380.57	99.2545
379.777	99.1992
378.987	99.2157
378.201	99.3166
377.418	99.4712
376.638	99.6217
375.861	99.7117
375.087	99.713
374.317	99.6379
373.55	99.5318
372.785	99.45
372.024	99.4304
371.267	99.4763
370.512	99.5565
369.76	99.6225
369.011	99.6337
368.266	99.5773
367.523	99.474
366.783	99.3666
366.047	99.2981
365.313	99.2906
364.582	99.335
363.854	99.397
363.129	99.4352
362.407	99.4222
361.688	99.3579
360.971	99.2686
360.258	99.1929
359.547	99.1613
358.839	99.181
358.134	99.2325
357.432	99.28
356.732	99.2905
356.035	99.2508
355.341	99.1747
354.649	99.096
353.96	99.0518
353.274	99.0632
352.591	99.1255
351.91	99.2098
351.232	99.2785
350.556	99.3046
349.883	99.2853
349.213	99.2444
348.545	99.2199
347.879	99.2448
347.217	99.3299
346.556	99.458
345.899	99.5919
345.243	99.6926
344.591	99.7386
343.94	99.736
343.292	99.7147
342.647	99.7127
342.004	99.7567
341.363	99.8488
340.725	99.9674
340.089	100.08
339.456	100.16
338.825	100.204
338.196	100.23
337.569	100.266
336.945	100.328
336.324	100.411
335.704	100.482
335.087	100.496
334.472	100.42
333.859	100.249
333.249	100.015
332.64	99.7775
332.034	99.5925
331.43	99.4929
330.829	99.4731
330.229	99.4953
329.632	99.5113
329.037	99.4878
328.444	99.4233
327.853	99.346
327.264	99.2954
326.678	99.2981
326.093	99.3505
325.511	99.4195
324.93	99.4606
324.352	99.4427
323.776	99.3667
323.201	99.2664
322.629	99.1896
322.059	99.1722
321.491	99.2165
320.925	99.2892
320.361	99.3389
319.799	99.3245
319.238	99.2395
318.68	99.1166
318.124	99.0109
317.57	98.9696
317.017	99.0052
316.467	99.0872
315.918	99.1582
315.371	99.1654
314.826	99.0912
314.284	98.9642
313.743	98.8454
313.203	98.7955
312.666	98.8407
312.13	98.9574
311.597	99.0838
311.065	99.153
310.535	99.1303
310.007	99.0331
309.48	98.9227
308.956	98.8718
308.433	98.9245
307.912	99.0715
307.392	99.2548
306.875	99.3986
306.359	99.4507
305.845	99.4114
305.332	99.3335
304.821	99.2929
304.312	99.3468
303.805	99.5014
303.3	99.708
302.796	99.8897
302.293	99.984
301.793	99.9776
301.294	99.914
300.797	99.8693
300.301	99.9095
299.807	100.054
299.314	100.263
298.824	100.461
298.335	100.579
297.847	100.593
297.361	100.539
296.877	100.492
296.394	100.526
295.912	100.672
295.433	100.897
294.955	101.128
294.478	101.283
294.003	101.326
293.529	101.28
293.057	101.216
292.587	101.212
292.118	101.311
291.65	101.491
291.184	101.677
290.72	101.784
290.257	101.758
289.795	101.608
289.335	101.398
288.877	101.214
288.419	101.113
287.964	101.098
287.509	101.118
287.057	101.101
286.605	101.002
286.155	100.827
285.706	100.633
285.259	100.496
284.813	100.465
284.369	100.529
283.926	100.623
283.484	100.657
283.044	100.57
282.605	100.363
282.168	100.1
281.731	99.8775
281.297	99.7717
280.863	99.8021
280.431	99.9218
280	100.046
