1200	0.331353
1192.15	0.335743
1184.4	0.339566
1176.75	0.343012
1169.21	0.346435
1161.75	0.349974
1154.39	0.353388
1147.13	0.356284
1139.95	0.358501
1132.86	0.360263
1125.87	0.361934
1118.95	0.363633
1112.13	0.365096
1105.38	0.365932
1098.72	0.36602
1092.13	0.365618
1085.63	0.365095
1079.2	0.364542
1072.84	0.363675
1066.56	0.362122
1060.36	0.359805
1054.23	0.357017
1048.16	0.354121
1042.17	0.351174
1036.24	0.347881
1030.38	0.343901
1024.59	0.339203
1018.86	0.334107
1013.2	0.328956
1007.6	0.323779
1002.06	0.318276
996.576	0.312145
991.156	0.305403
985.795	0.298383
980.491	0.291401
975.244	0.284457
970.053	0.27726
964.917	0.269551
959.835	0.261389
954.806	0.253104
949.83	0.244979
944.905	0.236991
940.031	0.228868
935.207	0.220396
930.433	0.211662
925.707	0.20298
921.028	0.194595
916.397	0.186469
911.812	0.178358
907.273	0.170092
902.778	0.161766
898.328	0.153664
893.922	0.145994
889.559	0.138716
885.238	0.131621
880.958	0.124568
876.72	0.117643
872.523	0.111089
868.365	0.105083
864.247	0.0995948
860.168	0.0944507
856.127	0.0895249
852.124	0.0848748
848.159	0.0806934
844.23	0.0771381
840.337	0.0742019
836.48	0.0717417
832.658	0.0696266
828.871	0.0678666
825.118	0.0666062
821.399	0.0659974
817.714	0.0660656
814.061	0.0666895
810.441	0.0677113
806.853	0.0690798
803.296	0.0708989
799.771	0.0733325
796.277	0.0764453
792.813	0.0801242
789.379	0.0841629
785.974	0.0884426
782.599	0.093041
779.253	0.0981541
775.935	0.103889
772.645	0.110123
769.383	0.116584
766.149	0.123089
762.941	0.129709
759.761	0.136692
756.606	0.144186
753.478	0.152043
750.376	0.159912
747.299	0.167553
744.247	0.175062
741.22	0.182756
738.218	0.190818
735.239	0.199053
732.285	0.207029
729.354	0.21447
726.447	0.221524
723.563	0.22859
720.702	0.235877
717.863	0.243128
715.046	0.249828
712.251	0.255696
709.479	0.260957
706.727	0.266102
703.997	0.271346
701.288	0.27636
698.6	0.280557
695.932	0.283675
693.285	0.286044
690.657	0.288243
688.05	0.290479
685.462	0.292335
682.893	0.293167
680.344	0.292766
677.814	0.29158
675.302	0.290267
672.809	0.289002
670.334	0.287275
667.878	0.284406
665.439	0.280258
663.018	0.275409
660.615	0.270576
658.229	0.265877
655.86	0.260708
653.508	0.25437
651.173	0.246822
648.854	0.238761
646.553	0.230938
644.267	0.223393
641.997	0.215428
639.744	0.206344
637.506	0.1962
635.283	0.185796
633.077	0.175883
630.885	0.166411
628.709	0.156606
626.547	0.145803
624.4	0.134196
622.268	0.122722
620.151	0.112202
618.048	0.102623
615.959	0.0932966
613.884	0.0837183
611.823	0.0742068
609.776	0.0656405
607.742	0.058547
605.723	0.0524962
603.716	0.0464531
601.723	0.0397616
599.742	0.0327715
597.775	0.026473
595.821	0.0215083
593.879	0.0175592
591.95	0.0137196
590.034	0.00946136
588.13	0.0052095
586.238	0.00195705
584.358	0.000324688
582.49	7.54741e-06
580.634	0.000126546
578.79	7.99662e-05
576.958	2.57359e-05
575.137	0.000560725
573.328	0.00200632
571.53	0.00407403
569.743	0.00622485
567.967	0.00827806
566.203	0.0105821
564.449	0.0135662
562.706	0.0171776
560.974	0.0208349
559.253	0.0239649
557.542	0.0265593
555.841	0.0291606
554.151	0.0322951
552.471	0.0359523
550.802	0.0396564
549.142	0.0430395
547.492	0.0462985
545.852	0.0500457
544.222	0.0547114
542.602	0.060124
540.991	0.0656989
539.39	0.0710205
537.798	0.0761971
536.216	0.081622
534.643	0.0874173
533.079	0.0931684
531.524	0.0982473
529.979	0.102391
528.442	0.105931
526.914	0.109437
525.395	0.113134
523.885	0.116691
522.383	0.11958
520.89	0.121609
519.405	0.123079
517.929	0.124432
516.461	0.125769
515.002	0.126759
513.551	0.127009
512.108	0.126496
510.673	0.125612
509.246	0.124775
507.827	0.124043
506.415	0.123114
505.012	0.121695
503.616	0.119848
502.229	0.117933
500.848	0.116251
499.476	0.11475
498.111	0.113117
496.753	0.111129
495.402	0.108886
494.059	0.106697
492.724	0.104748
491.395	0.102917
490.074	0.100914
488.759	0.0985948
487.452	0.0960943
486.152	0.0936609
484.858	0.091376
483.572	0.0890617
482.292	0.0864625
481.019	0.0834962
479.753	0.0803077
478.493	0.077082
477.24	0.0738321
475.994	0.0703902
474.754	0.0666056
473.52	0.0625311
472.293	0.0584035
471.072	0.0544509
469.858	0.0507366
468.649	0.0471993
467.447	0.0438263
466.251	0.0407609
465.062	0.038225
463.878	0.0363411
462.7	0.0350446
461.528	0.0341721
460.362	0.0336245
459.202	0.0334358
458.048	0.0336887
456.9	0.0343816
455.757	0.0353921
454.62	0.0365659
453.489	0.0378312
452.363	0.0392228
451.243	0.0408078
450.129	0.0426006
449.02	0.0445456
447.916	0.0465627
446.818	0.0485907
445.725	0.0505968
444.638	0.0525687
443.556	0.0545137
442.479	0.056445
441.407	0.0583269
440.34	0.0600095
439.279	0.0612473
438.223	0.0618446
437.171	0.0618332
436.125	0.0614959
435.084	0.0611555
434.048	0.0608879
433.017	0.0604519
431.99	0.0595724
430.969	0.0583618
429.952	0.0574636
428.94	0.0576864
427.933	0.0593573
426.93	0.0619359
425.932	0.0642604
424.939	0.0652692
423.951	0.0646175
422.967	0.0627083
421.987	0.0601752
421.012	0.0573293
420.042	0.0540498
419.076	0.050133
418.115	0.0456717
417.158	0.0410578
416.205	0.0366276
415.257	0.0323549
414.313	0.0279339
413.373	0.0231688
412.437	0.018252
411.506	0.0136273
410.579	0.0095777
409.656	0.00598344
408.737	0.00252983
407.823	-0.000824783
406.912	-0.00359276
406.005	-0.00497827
405.103	-0.00435683
404.204	-0.00154183
403.31	0.00338028
402.419	0.0103716
401.533	0.0194517
400.65	0.0302712
399.771	0.0416777
398.896	0.0518636
398.025	0.0592148
397.157	0.0632854
396.294	0.0650867
395.434	0.0663848
394.578	0.0685386
393.725	0.0717971
392.877	0.0755562
392.031	0.0792215
391.19	0.0828278
390.352	0.0868695
389.518	0.0915922
388.687	0.0965141
387.86	0.100702
387.036	0.10358
386.216	0.105514
385.399	0.107616
384.586	0.110923
383.776	0.115677
382.969	0.121308
382.166	0.127063
381.367	0.132675
380.57	0.138474
379.777	0.144916
378.987	0.152042
378.201	0.159381
377.418	0.166345
376.638	0.172684
375.861	0.17857
375.087	0.184247
374.317	0.189644
373.55	0.194344
372.785	0.197923
372.024	0.200322
371.267	0.201879
370.512	0.202995
369.76	0.203778
369.011	0.203986
368.266	0.203332
367.523	0.201815
366.783	0.199767
366.047	0.197585
365.313	0.195406
364.582	0.193049
363.854	0.190258
363.129	0.186999
362.407	0.183521
361.688	0.180132
360.971	0.176923
360.258	0.173703
359.547	0.170196
358.839	0.166309
358.134	0.1622
357.432	0.158099
356.732	0.154071
356.035	0.149945
355.341	0.145479
354.649	0.140585
353.96	0.13541
353.274	0.130187
352.591	0.12503
351.91	0.119854
351.232	0.114503
350.556	0.10894
349.883	0.10332
349.213	0.0978842
348.545	0.092777
347.879	0.0879738
347.217	0.083369
346.556	0.0789335
345.899	0.0747846
345.243	0.0711104
344.591	0.0680286
343.94	0.0655178
343.292	0.0634784
342.647	0.0618531
342.004	0.0606912
341.363	0.0601008
340.725	0.0601474
340.089	0.0607964
339.456	0.0619496
338.825	0.0635299
338.196	0.0655341
337.569	0.0680095
336.945	0.0709885
336.324	0.074444
335.704	0.0783036
335.087	0.0825
334.472	0.0870087
333.859	0.0918456
333.249	0.0970327
332.64	0.102566
332.034	0.10841
331.43	0.114512
330.829	0.120834
330.229	0.127362
329.632	0.134104
329.037	0.141065
328.444	0.148227
327.853	0.155533
327.264	0.162912
326.678	0.170305
326.093	0.177688
325.511	0.185054
324.93	0.19238
324.352	0.19959
323.776	0.206573
323.201	0.213228
322.629	0.219506
322.059	0.225401
321.491	0.230898
320.925	0.235935
320.361	0.240412
319.799	0.244243
319.238	0.24741
318.68	0.249955
318.124	0.25193
317.57	0.253351
317.017	0.254192
316.467	0.254423
315.918	0.25404
315.371	0.253088
314.826	0.251662
314.284	0.249911
313.743	0.24801
313.203	0.246048
312.666	0.243877
312.13	0.241033
311.597	0.236866
311.065	0.230864
310.535	0.22298
310.007	0.213671
309.48	0.203589
308.956	0.193134
308.433	0.182241
307.912	0.170588
307.392	0.158023
306.875	0.144837
306.359	0.131657
305.845	0.119168
305.332	0.108103
304.821	0.0996489
304.312	0.0958948
303.805	0.099624
303.3	0.113145
302.796	0.136687
302.293	0.167479
301.793	0.200381
301.294	0.229891
300.797	0.252349
300.301	0.266965
299.807	0.2752
299.314	0.279173
298.824	0.280352
298.335	0.279332
297.847	0.27648
297.361	0.272579
296.877	0.268787
296.394	0.26598
295.912	0.264169
295.433	0.262568
294.955	0.260293
294.478	0.257117
294.003	0.253707
293.529	0.251224
293.057	0.250643
292.587	0.252264
292.118	0.255633
291.65	0.259812
291.184	0.263789
290.72	0.26687
290.257	0.268921
289.795	0.270376
289.335	0.271945
288.877	0.274157
288.419	0.277053
287.964	0.280275
287.509	0.283526
287.057	0.286984
286.605	0.291283
286.155	0.297006
285.706	0.304138
285.259	0.311973
284.813	0.319609
284.369	0.326589
283.926	0.333122
283.484	0.339688
283.044	0.346435
282.605	0.352948
282.168	0.358602
281.731	0.363123
281.297	0.366785
280.863	0.370052
280.431	0.373036
280	0.375355
