1200	0.262605
1192.15	0.263062
1184.4	0.263272
1176.75	0.26307
1169.21	0.262608
1161.75	0.262207
1154.39	0.262039
1147.13	0.261957
1139.95	0.261643
1132.86	0.260915
1125.87	0.25991
1118.95	0.258949
1112.13	0.258221
1105.38	0.257601
1098.72	0.25677
1092.13	0.25553
1085.63	0.253999
1079.2	0.252497
1072.84	0.251232
1066.56	0.250099
1060.36	0.24878
1054.23	0.24706
1048.16	0.24504
1042.17	0.243037
1036.24	0.241274
1030.38	0.239666
1024.59	0.237898
1018.86	0.235743
1013.2	0.233279
1007.6	0.230819
1002.06	0.228603
996.576	0.226562
991.156	0.224392
985.795	0.221848
980.491	0.21899
975.244	0.216124
970.053	0.213502
964.917	0.211079
959.835	0.208559
954.806	0.205684
949.83	0.202492
944.905	0.19928
940.031	0.196315
935.207	0.193575
930.433	0.190774
925.707	0.187643
921.028	0.184197
916.397	0.180722
911.812	0.1775
907.273	0.174532
902.778	0.171548
898.328	0.168267
893.922	0.164679
889.559	0.161056
885.238	0.157693
880.958	0.154622
876.72	0.151588
872.523	0.148302
868.365	0.144723
864.247	0.141106
860.168	0.137757
856.127	0.134744
852.124	0.131835
848.159	0.128728
844.23	0.125349
840.337	0.121926
836.48	0.11878
832.658	0.116018
828.871	0.113439
825.118	0.11073
821.399	0.107769
817.714	0.104751
814.061	0.102008
810.441	0.0997005
806.853	0.0976671
803.296	0.0955798
799.771	0.0932568
796.277	0.0908418
792.813	0.088679
789.379	0.0869968
785.974	0.0856923
782.599	0.0844199
779.253	0.08291
775.935	0.0812267
772.645	0.079725
769.383	0.0787336
766.149	0.078243
762.941	0.077886
759.761	0.0772478
756.606	0.0762445
753.478	0.0752312
750.376	0.0747145
747.299	0.0748807
744.247	0.0753294
741.22	0.0752634
738.218	0.0740313
735.239	0.0716344
732.285	0.0688208
729.354	0.066691
726.447	0.0660891
723.563	0.0671907
720.702	0.0695215
717.863	0.072326
715.046	0.0749914
712.251	0.0772687
709.479	0.079237
706.727	0.0811343
703.997	0.0831978
701.288	0.0855637
698.6	0.0882047
695.932	0.0909107
693.285	0.0933716
690.657	0.095379
688.05	0.0970302
685.462	0.0987275
682.893	0.100884
680.344	0.103522
677.814	0.106136
675.302	0.108045
672.809	0.109022
670.334	0.109626
667.878	0.11081
665.439	0.112953
663.018	0.115118
660.615	0.115317
658.229	0.111873
655.86	0.104968
653.508	0.0971173
651.173	0.0919765
648.854	0.0921311
646.553	0.097416
644.267	0.105
641.997	0.111203
639.744	0.113732
637.506	0.112759
635.283	0.110218
633.077	0.108069
630.885	0.106952
628.709	0.106149
626.547	0.104625
624.4	0.102092
622.268	0.0992064
620.151	0.0968834
618.048	0.0954825
615.959	0.0946034
613.884	0.0935876
611.823	0.0921685
609.776	0.0906538
607.742	0.0895391
605.723	0.0889886
603.716	0.0886933
601.723	0.0881983
599.742	0.0873354
597.775	0.0863398
595.821	0.0855766
593.879	0.0851817
591.95	0.0849701
590.034	0.084665
588.13	0.0841865
586.238	0.083712
584.358	0.0834806
582.49	0.0835657
580.634	0.0838414
578.79	0.0841458
576.958	0.0844457
575.137	0.0848367
573.328	0.0854079
571.53	0.0861411
569.743	0.0869451
567.967	0.0877554
566.203	0.0885546
564.449	0.0892779
562.706	0.0897339
560.974	0.0896696
559.253	0.0889353
557.542	0.0875437
555.841	0.0855004
554.151	0.082568
552.471	0.0783156
550.802	0.0726339
549.142	0.0664207
547.492	0.0617971
545.852	0.0613876
544.222	0.0668832
542.602	0.0777697
540.991	0.0911713
539.39	0.103074
537.798	0.110232
536.216	0.111578
534.643	0.108289
533.079	0.102636
531.524	0.096476
529.979	0.0903992
528.442	0.0839042
526.914	0.076235
525.395	0.0671609
523.885	0.0572036
522.383	0.0473193
520.89	0.0384045
519.405	0.0309794
517.929	0.0251616
516.461	0.0208105
515.002	0.0176873
513.551	0.0155548
512.108	0.0142278
510.673	0.0135902
509.246	0.0135745
507.827	0.0141136
506.415	0.0151097
505.012	0.0164622
503.616	0.0181351
502.229	0.0201841
500.848	0.0226889
499.476	0.0256384
498.111	0.0288871
496.753	0.0322539
495.402	0.0356825
494.059	0.0392951
492.724	0.0432493
491.395	0.0475162
490.074	0.0518105
488.759	0.05579
487.452	0.0593659
486.152	0.0628014
484.858	0.0664234
483.572	0.070153
482.292	0.0733151
481.019	0.0750285
479.753	0.0749709
478.493	0.0738833
477.24	0.0732681
475.994	0.0743565
474.754	0.077085
473.52	0.0799334
472.293	0.0808564
471.072	0.0786499
469.858	0.0736859
468.649	0.0674333
467.447	0.0611968
466.251	0.0552179
465.062	0.0490336
463.878	0.0429209
462.7	0.039221
461.528	0.042224
460.362	0.0562852
459.202	0.0832054
458.048	0.120597
456.9	0.162401
455.757	0.201336
454.62	0.231825
453.489	0.251764
452.363	0.262371
451.243	0.2666
450.129	0.267316
449.02	0.266262
447.916	0.26406
446.818	0.26081
445.725	0.256632
444.638	0.251846
443.556	0.246822
442.479	0.241786
441.407	0.236738
440.34	0.231529
439.279	0.22598
438.223	0.220019
437.171	0.213749
436.125	0.207416
435.084	0.201252
434.048	0.19525
433.017	0.189065
431.99	0.18218
430.969	0.174324
429.952	0.165845
428.94	0.157698
427.933	0.150954
426.93	0.146101
425.932	0.142659
424.939	0.139455
423.951	0.135389
422.967	0.13018
421.987	0.12453
421.012	0.119623
420.042	0.116339
419.076	0.114774
418.115	0.114367
417.158	0.114438
416.205	0.114668
415.257	0.115159
414.313	0.116125
413.373	0.117549
412.437	0.119148
411.506	0.120642
410.579	0.122045
409.656	0.123686
408.737	0.125897
407.823	0.128636
406.912	0.131382
406.005	0.133447
405.103	0.134511
404.204	0.135002
403.31	0.135987
402.419	0.138615
401.533	0.143406
400.65	0.149845
399.771	0.156531
398.896	0.161826
398.025	0.164613
397.157	0.164736
396.294	0.162889
395.434	0.160083
394.578	0.157055
393.725	0.153995
392.877	0.150696
392.031	0.146931
391.19	0.142732
390.352	0.138372
389.518	0.134124
388.687	0.130048
387.86	0.126006
387.036	0.12186
386.216	0.117663
385.399	0.113653
384.586	0.110064
383.776	0.106948
382.969	0.104172
382.166	0.101597
381.367	0.0992494
380.57	0.0973198
379.777	0.0959836
378.987	0.0952305
378.201	0.0948712
377.418	0.0947209
376.638	0.094778
375.861	0.0952184
375.087	0.096203
374.317	0.0976869
373.55	0.0994222
372.785	0.101167
372.024	0.102903
371.267	0.104854
370.512	0.107261
369.76	0.110115
369.011	0.113094
368.266	0.115759
367.523	0.11787
366.783	0.119545
366.047	0.121154
365.313	0.123037
364.582	0.125283
363.854	0.127709
363.129	0.130025
362.407	0.132005
361.688	0.133571
360.971	0.134754
360.258	0.135647
359.547	0.136387
358.839	0.137155
358.134	0.138141
357.432	0.139452
356.732	0.141051
356.035	0.142771
355.341	0.144415
354.649	0.145859
353.96	0.147075
353.274	0.148076
352.591	0.14885
351.91	0.149372
351.232	0.149649
350.556	0.149759
349.883	0.149801
349.213	0.149818
348.545	0.149751
347.879	0.149496
347.217	0.149008
346.556	0.148358
345.899	0.14767
345.243	0.147013
344.591	0.146346
343.94	0.14557
343.292	0.144645
342.647	0.143645
342.004	0.142708
341.363	0.141927
340.725	0.1413
340.089	0.140762
339.456	0.140247
338.825	0.139696
338.196	0.138989
337.569	0.137923
336.945	0.13631
336.324	0.134156
335.704	0.131751
335.087	0.129522
334.472	0.127716
333.859	0.126181
333.249	0.124465
332.64	0.122219
332.034	0.119558
331.43	0.117023
330.829	0.115112
330.229	0.113741
329.632	0.11214
329.037	0.109372
328.444	0.105138
327.853	0.100212
327.264	0.0960787
326.678	0.0939716
326.093	0.093994
325.511	0.0949961
324.93	0.0953175
324.352	0.0938516
323.776	0.0906669
323.201	0.0867889
322.629	0.0833985
322.059	0.0810947
321.491	0.0797322
320.925	0.0788247
320.361	0.0780715
319.799	0.0775491
319.238	0.0774767
318.68	0.0778532
318.124	0.078335
317.57	0.0784653
317.017	0.0780241
316.467	0.0771773
315.918	0.0762991
315.371	0.0756453
314.826	0.0751694
314.284	0.0746237
313.743	0.0738233
313.203	0.0728223
312.666	0.0718548
312.13	0.0711177
311.597	0.0706063
311.065	0.0701451
310.535	0.0695663
310.007	0.0688616
309.48	0.0681752
308.956	0.0676592
308.433	0.0673358
307.912	0.067087
307.392	0.0667679
306.875	0.0663302
306.359	0.0658459
305.845	0.0654244
305.332	0.0651068
304.821	0.0648329
304.312	0.0644996
303.805	0.0640474
303.3	0.0635009
302.796	0.0629353
302.293	0.0624098
301.793	0.0619244
301.294	0.061429
300.797	0.0608668
300.301	0.0602169
299.807	0.0595083
299.314	0.0588027
298.824	0.0581579
298.335	0.057596
297.847	0.0570952
297.361	0.056616
296.877	0.0561463
296.394	0.0557279
295.912	0.0554309
295.433	0.0552898
294.955	0.0552602
294.478	0.0552648
294.003	0.0553173
293.529	0.0556191
293.057	0.0564966
292.587	0.0581566
292.118	0.0604178
291.65	0.06267
291.184	0.0642066
290.72	0.0647912
290.257	0.0650777
289.795	0.0665164
289.335	0.0706882
288.877	0.0784178
288.419	0.0892145
287.964	0.101408
287.509	0.112902
287.057	0.12209
286.605	0.1284
286.155	0.132242
285.706	0.134519
285.259	0.136088
284.813	0.13749
284.369	0.138979
283.926	0.140696
283.484	0.14279
283.044	0.145401
282.605	0.148579
282.168	0.152234
281.731	0.156153
281.297	0.160065
280.863	0.163703
280.431	0.166852
280	0.169372
