1200	98.9244
1192.15	98.933
1184.4	98.9387
1176.75	98.9472
1169.21	98.9621
1161.75	98.9824
1154.39	99.0036
1147.13	99.0204
1139.95	99.031
1132.86	99.0379
1125.87	99.0464
1118.95	99.0605
1112.13	99.0804
1105.38	99.1022
1098.72	99.1205
1092.13	99.1327
1085.63	99.1405
1079.2	99.1486
1072.84	99.1616
1066.56	99.1804
1060.36	99.202
1054.23	99.2212
1048.16	99.2347
1042.17	99.2431
1036.24	99.2507
1030.38	99.262
1024.59	99.279
1018.86	99.2996
1013.2	99.3191
1007.6	99.3336
1002.06	99.3426
996.576	99.3494
991.156	99.3586
985.795	99.3731
980.491	99.3918
975.244	99.4109
970.053	99.426
964.917	99.4356
959.835	99.4417
954.806	99.4485
949.83	99.4595
944.905	99.4753
940.031	99.4929
935.207	99.5084
930.433	99.5189
925.707	99.5248
921.028	99.529
916.397	99.5354
911.812	99.5464
907.273	99.5613
902.778	99.5769
898.328	99.5894
893.922	99.5963
889.559	99.5981
885.238	99.5981
880.958	99.6006
876.72	99.609
872.523	99.6236
868.365	99.6405
864.247	99.6532
860.168	99.6549
856.127	99.6433
852.124	99.6223
848.159	99.6026
844.23	99.5967
840.337	99.6132
836.48	99.6503
832.658	99.6955
828.871	99.7304
825.118	99.7404
821.399	99.7232
817.714	99.6917
814.061	99.6674
810.441	99.6687
806.853	99.6996
803.296	99.7463
799.771	99.7846
796.277	99.7941
792.813	99.7712
789.379	99.7322
785.974	99.7038
782.599	99.7067
779.253	99.7424
775.935	99.7912
772.645	99.8242
769.383	99.8216
766.149	99.7859
762.941	99.7414
759.761	99.7185
756.606	99.7347
753.478	99.7821
750.376	99.8319
747.299	99.8528
744.247	99.8309
741.22	99.7805
738.218	99.7345
735.239	99.7238
732.285	99.7564
729.354	99.8111
726.447	99.8503
723.563	99.8451
720.702	99.7944
717.863	99.7271
715.046	99.6839
712.251	99.6909
709.479	99.7414
706.727	99.7995
703.997	99.8232
701.288	99.7921
698.6	99.723
695.932	99.6601
693.285	99.6472
690.657	99.6991
688.05	99.7903
685.462	99.8702
682.893	99.8957
680.344	99.8602
677.814	99.7991
675.302	99.7682
672.809	99.8069
670.334	99.9085
667.878	100.02
665.439	100.067
663.018	100
660.615	99.8216
658.229	99.5859
655.86	99.3712
653.508	99.2359
651.173	99.1899
648.854	99.1952
646.553	99.1942
644.267	99.1476
641.997	99.0574
639.744	98.9625
637.506	98.9099
635.283	98.9227
633.077	98.9844
630.885	99.0494
628.709	99.0724
626.547	99.0369
624.4	98.9644
622.268	98.8995
620.151	98.8804
618.048	98.9151
615.959	98.9776
613.884	99.0261
611.823	99.0309
609.776	98.9927
607.742	98.941
605.723	98.9138
603.716	98.9319
601.723	98.9864
599.742	99.0456
597.775	99.0761
595.821	99.0652
593.879	99.0286
591.95	98.9987
590.034	99.0032
588.13	99.0469
586.238	99.109
584.358	99.1577
582.49	99.1713
580.634	99.1521
578.79	99.1243
576.958	99.1172
575.137	99.1462
573.328	99.2028
571.53	99.2609
569.743	99.2943
567.967	99.2941
566.203	99.2734
564.449	99.2588
562.706	99.2718
560.974	99.3156
559.253	99.3728
557.542	99.4182
555.841	99.4347
554.151	99.4246
552.471	99.4073
550.802	99.4059
549.142	99.4322
547.492	99.4794
545.852	99.5269
544.222	99.5545
542.602	99.5555
540.991	99.5404
539.39	99.5296
537.798	99.5395
536.216	99.5722
534.643	99.6145
533.079	99.6473
531.524	99.6587
529.979	99.6515
528.442	99.6408
526.914	99.6442
525.395	99.6695
523.885	99.71
522.383	99.7497
520.89	99.7735
519.405	99.7779
517.929	99.7728
516.461	99.7742
515.002	99.7927
513.551	99.825
512.108	99.8544
510.673	99.8594
509.246	99.8265
507.827	99.7574
506.415	99.6687
505.012	99.5824
503.616	99.5146
502.229	99.4693
500.848	99.439
499.476	99.4134
498.111	99.3874
496.753	99.3652
495.402	99.3567
494.059	99.3697
492.724	99.4029
491.395	99.4453
490.074	99.4815
488.759	99.5003
487.452	99.5013
486.152	99.4947
484.858	99.4945
483.572	99.5103
482.292	99.5412
481.019	99.5769
479.753	99.604
478.493	99.6146
477.24	99.6107
475.994	99.603
474.754	99.604
473.52	99.6204
472.293	99.6491
471.072	99.6797
469.858	99.7005
468.649	99.706
467.447	99.7001
466.251	99.693
465.062	99.6954
463.878	99.7116
462.7	99.7372
461.528	99.7618
460.362	99.7749
459.202	99.7721
458.048	99.7568
456.9	99.7385
455.757	99.7275
454.62	99.7301
453.489	99.7468
452.363	99.7733
451.243	99.8033
450.129	99.8298
449.02	99.8453
447.916	99.8403
446.818	99.8044
445.725	99.7288
444.638	99.6119
443.556	99.4643
442.479	99.309
441.407	99.1755
440.34	99.089
439.279	99.0603
438.223	99.081
437.171	99.1277
436.125	99.1733
435.084	99.1999
434.048	99.2064
433.017	99.2069
431.99	99.2203
430.969	99.2581
429.952	99.3168
428.94	99.3798
427.933	99.4267
426.93	99.4458
425.932	99.4412
424.939	99.4304
423.951	99.4347
422.967	99.4662
421.987	99.5212
421.012	99.5823
420.042	99.6282
419.076	99.6461
418.115	99.6385
417.158	99.6207
416.205	99.6123
415.257	99.6253
414.313	99.6586
413.373	99.6989
412.437	99.7299
411.506	99.741
410.579	99.7332
409.656	99.717
408.737	99.7061
407.823	99.7092
406.912	99.7262
406.005	99.7493
405.103	99.7684
404.204	99.7765
403.31	99.7728
402.419	99.7615
401.533	99.7488
400.65	99.7394
399.771	99.7352
398.896	99.7356
398.025	99.7386
397.157	99.7417
396.294	99.7424
395.434	99.7383
394.578	99.728
393.725	99.7123
392.877	99.6951
392.031	99.6821
391.19	99.6775
390.352	99.6815
389.518	99.6885
388.687	99.6902
387.86	99.6799
387.036	99.6576
386.216	99.631
385.399	99.6117
384.586	99.6076
383.776	99.6181
382.969	99.6327
382.166	99.6373
381.367	99.623
380.57	99.5925
379.777	99.5592
378.987	99.5398
378.201	99.5437
377.418	99.5659
376.638	99.5896
375.861	99.5956
375.087	99.575
374.317	99.5351
373.55	99.4963
372.785	99.4795
372.024	99.4933
371.267	99.528
370.512	99.5609
369.76	99.5699
369.011	99.5472
368.266	99.5037
367.523	99.4631
366.783	99.4463
366.047	99.459
365.313	99.4881
364.582	99.5106
363.854	99.5085
363.129	99.4802
362.407	99.4417
361.688	99.416
360.971	99.4179
360.258	99.4447
359.547	99.4779
358.839	99.4958
358.134	99.4879
357.432	99.4618
356.732	99.4388
356.035	99.4391
355.341	99.4687
354.649	99.5151
353.96	99.5551
353.274	99.5706
352.591	99.5607
351.91	99.5423
351.232	99.5395
350.556	99.5671
349.883	99.6208
349.213	99.6791
348.545	99.7174
347.879	99.7239
347.217	99.7074
346.556	99.6919
345.899	99.7006
345.243	99.7409
344.591	99.7992
343.94	99.8499
343.292	99.8723
342.647	99.8643
342.004	99.8433
341.363	99.8343
340.725	99.853
340.089	99.8944
339.456	99.9369
338.825	99.957
338.196	99.9471
337.569	99.9215
336.945	99.9086
336.324	99.9305
335.704	99.9872
335.087	100.052
334.472	100.089
333.859	100.073
333.249	100.009
332.64	99.932
332.034	99.8891
331.43	99.909
330.829	99.985
330.229	100.077
329.632	100.131
329.037	100.111
328.444	100.016
327.853	99.8781
327.264	99.7403
326.678	99.6315
326.093	99.5514
325.511	99.4756
324.93	99.3783
324.352	99.2539
323.776	99.1259
323.201	99.034
322.629	99.0097
322.059	99.0543
321.491	99.1355
320.925	99.2052
320.361	99.2267
319.799	99.1965
319.238	99.1451
318.68	99.1166
318.124	99.141
317.57	99.215
317.017	99.3048
316.467	99.3671
315.918	99.377
315.371	99.3425
314.826	99.299
314.284	99.2857
313.743	99.3211
313.203	99.392
312.666	99.463
312.13	99.5005
311.597	99.4946
311.065	99.4648
310.535	99.4461
310.007	99.4653
309.48	99.5224
308.956	99.5903
308.433	99.633
307.912	99.6294
307.392	99.5885
306.875	99.5434
306.359	99.5309
305.845	99.5664
305.332	99.634
304.821	99.6958
304.312	99.7161
303.805	99.6848
303.3	99.6244
302.796	99.5758
302.293	99.5726
301.793	99.6194
301.294	99.6888
300.797	99.7384
300.301	99.7384
299.807	99.6899
299.314	99.6248
298.824	99.5852
298.335	99.5969
297.847	99.6527
297.361	99.7178
296.877	99.7519
296.394	99.7347
295.912	99.6788
295.433	99.6212
294.955	99.5998
294.478	99.629
294.003	99.6911
293.529	99.7483
293.057	99.7666
292.587	99.7377
292.118	99.6836
291.65	99.642
291.184	99.6423
290.72	99.6869
290.257	99.7505
289.795	99.7967
289.335	99.8012
288.877	99.7669
288.419	99.7206
287.964	99.6956
287.509	99.7102
287.057	99.7574
286.605	99.8106
286.155	99.8421
285.706	99.8401
285.259	99.8149
284.813	99.7886
284.369	99.7779
283.926	99.7809
283.484	99.7782
283.044	99.7472
282.605	99.6795
282.168	99.5905
281.731	99.512
281.297	99.4736
280.863	99.4836
280.431	99.5236
280	99.5589
