1200	76.1452
1192.15	76.1791
1184.4	76.2448
1176.75	76.3192
1169.21	76.3751
1161.75	76.3927
1154.39	76.3683
1147.13	76.3164
1139.95	76.2636
1132.86	76.2369
1125.87	76.2523
1118.95	76.3072
1112.13	76.3813
1105.38	76.445
1098.72	76.472
1092.13	76.4514
1085.63	76.3922
1079.2	76.3203
1072.84	76.2674
1066.56	76.2568
1060.36	76.293
1054.23	76.3586
1048.16	76.4215
1042.17	76.4481
1036.24	76.4188
1030.38	76.3368
1024.59	76.228
1018.86	76.1301
1013.2	76.0757
1007.6	76.0765
1002.06	76.1148
996.576	76.1484
991.156	76.1259
985.795	76.0084
980.491	75.7877
975.244	75.4946
970.053	75.1909
964.917	74.9495
959.835	74.8278
954.806	74.8457
949.83	74.9768
944.905	75.1564
940.031	75.3052
935.207	75.3586
930.433	75.2916
925.707	75.1289
921.028	74.9358
916.397	74.7932
911.812	74.7661
907.273	74.8773
902.778	75.0976
898.328	75.3558
893.922	75.5659
889.559	75.6605
885.238	75.6185
880.958	75.4743
876.72	75.3065
872.523	75.2085
868.365	75.2518
864.247	75.4582
860.168	75.7888
856.127	76.1579
852.124	76.4648
848.159	76.6325
844.23	76.6396
840.337	76.5317
836.48	76.4077
832.658	76.3865
828.871	76.5643
825.118	76.9796
821.399	77.5969
817.714	78.318
814.061	79.0135
810.441	79.5666
806.853	79.911
803.296	80.0515
799.771	80.0584
796.277	80.0406
792.813	80.1059
789.379	80.3232
785.974	80.7012
782.599	81.188
779.253	81.6937
775.935	82.1242
772.645	82.4142
769.383	82.5488
766.149	82.5641
762.941	82.5301
759.761	82.5226
756.606	82.5939
753.478	82.7559
750.376	82.9785
747.299	83.2046
744.247	83.3743
741.22	83.4486
738.218	83.4236
735.239	83.3303
732.285	83.2215
729.354	83.1502
726.447	83.1496
723.563	83.2224
720.702	83.3415
717.863	83.4626
715.046	83.5432
712.251	83.5589
709.479	83.5122
706.727	83.4302
703.997	83.3526
701.288	83.3158
698.6	83.3386
695.932	83.4162
693.285	83.5231
690.657	83.6247
688.05	83.6911
685.462	83.7088
682.893	83.6853
680.344	83.6446
677.814	83.6171
675.302	83.6273
672.809	83.6841
670.334	83.7784
667.878	83.8873
665.439	83.9843
663.018	84.0496
660.615	84.0776
658.229	84.0785
655.86	84.073
653.508	84.0841
651.173	84.1269
648.854	84.2037
646.553	84.3036
644.267	84.4069
641.997	84.4941
639.744	84.5532
637.506	84.5839
635.283	84.5972
633.077	84.6106
630.885	84.6401
628.709	84.6947
626.547	84.7722
624.4	84.8612
622.268	84.9458
620.151	85.0117
618.048	85.0518
615.959	85.0681
613.884	85.0708
611.823	85.0732
609.776	85.0867
607.742	85.1166
605.723	85.1608
603.716	85.2114
601.723	85.2582
599.742	85.2933
597.775	85.3137
595.821	85.3219
593.879	85.3242
591.95	85.3279
590.034	85.3377
588.13	85.3543
586.238	85.3746
584.358	85.3933
582.49	85.4056
580.634	85.4091
578.79	85.4044
576.958	85.3946
575.137	85.3832
573.328	85.3727
571.53	85.363
569.743	85.3522
567.967	85.3376
566.203	85.3173
564.449	85.2911
562.706	85.261
560.974	85.2299
559.253	85.2003
557.542	85.1726
555.841	85.1449
554.151	85.1136
552.471	85.0752
550.802	85.0282
549.142	84.9738
547.492	84.9162
545.852	84.8602
544.222	84.8099
542.602	84.7658
540.991	84.7248
539.39	84.681
537.798	84.6276
536.216	84.5603
534.643	84.4788
533.079	84.3871
531.524	84.292
529.979	84.1999
528.442	84.1139
526.914	84.0314
525.395	83.9448
523.885	83.8436
522.383	83.7182
520.89	83.5634
519.405	83.3807
517.929	83.1776
516.461	82.9649
515.002	82.7531
513.551	82.548
512.108	82.3498
510.673	82.1531
509.246	81.9509
507.827	81.738
506.415	81.5148
505.012	81.2884
503.616	81.0709
502.229	80.875
500.848	80.7096
499.476	80.5761
498.111	80.4675
496.753	80.3706
495.402	80.2709
494.059	80.1579
492.724	80.0291
491.395	79.8908
490.074	79.7558
488.759	79.6381
487.452	79.5481
486.152	79.4881
484.858	79.4525
483.572	79.4297
482.292	79.4081
481.019	79.3809
479.753	79.35
478.493	79.3263
477.24	79.3263
475.994	79.3666
474.754	79.459
473.52	79.6058
472.293	79.8004
471.072	80.0291
469.858	80.2769
468.649	80.5311
467.447	80.7846
466.251	81.0353
465.062	81.2835
463.878	81.5279
462.7	81.7629
461.528	81.978
460.362	82.1609
459.202	82.3021
458.048	82.3999
456.9	82.4631
455.757	82.5101
454.62	82.5635
453.489	82.6434
452.363	82.7597
451.243	82.9078
450.129	83.0699
449.02	83.2199
447.916	83.3322
446.818	83.3909
445.725	83.3951
444.638	83.3596
443.556	83.3092
442.479	83.2706
441.407	83.2624
440.34	83.2889
439.279	83.339
438.223	83.391
437.171	83.4209
436.125	83.4121
435.084	83.3621
434.048	83.2837
433.017	83.2006
431.99	83.1391
430.969	83.1185
429.952	83.1449
428.94	83.2094
427.933	83.2924
426.93	83.3717
425.932	83.4313
424.939	83.4674
423.951	83.4895
422.967	83.5158
421.987	83.5648
421.012	83.6472
420.042	83.76
419.076	83.8862
418.115	84.0003
417.158	84.0771
416.205	84.1014
415.257	84.0734
414.313	84.0098
413.373	83.9379
412.437	83.8859
411.506	83.8734
410.579	83.9043
409.656	83.9652
408.737	84.0307
407.823	84.0726
406.912	84.0694
406.005	84.0146
405.103	83.918
404.204	83.8027
403.31	83.6959
402.419	83.62
401.533	83.5851
400.65	83.5857
399.771	83.6042
398.896	83.6179
398.025	83.6076
397.157	83.5653
396.294	83.4972
395.434	83.4216
394.578	83.3634
393.725	83.3463
392.877	83.3861
392.031	83.4871
391.19	83.6431
390.352	83.841
389.518	84.0664
388.687	84.3083
387.86	84.5614
387.036	84.8253
386.216	85.102
385.399	85.3919
384.586	85.6916
383.776	85.9932
382.969	86.2871
382.166	86.5645
381.367	86.8215
380.57	87.0606
379.777	87.2894
378.987	87.5183
378.201	87.7557
377.418	88.005
376.638	88.2627
375.861	88.5196
375.087	88.7642
374.317	88.9867
373.55	89.1826
372.785	89.3539
372.024	89.5079
371.267	89.6535
370.512	89.7978
369.76	89.9424
369.011	90.0827
368.266	90.2096
367.523	90.3132
366.783	90.3864
366.047	90.4283
365.313	90.4445
364.582	90.4452
363.854	90.4416
363.129	90.4415
362.407	90.447
361.688	90.4535
360.971	90.4515
360.258	90.4306
359.547	90.3829
358.839	90.3056
358.134	90.2015
357.432	90.0768
356.732	89.9378
356.035	89.7878
355.341	89.6248
354.649	89.442
353.96	89.2306
353.274	88.983
352.591	88.6972
351.91	88.3782
351.232	88.0383
350.556	87.6942
349.883	87.3634
349.213	87.0603
348.545	86.7939
347.879	86.5674
347.217	86.3797
346.556	86.228
345.899	86.1104
345.243	86.027
344.591	85.9799
343.94	85.971
343.292	85.9998
342.647	86.0616
342.004	86.1475
341.363	86.2457
340.725	86.3439
340.089	86.433
339.456	86.5087
338.825	86.5717
338.196	86.627
337.569	86.6807
336.945	86.7375
336.324	86.7989
335.704	86.863
335.087	86.9263
334.472	86.9856
333.859	87.0405
333.249	87.0944
332.64	87.1528
332.034	87.2218
331.43	87.3045
330.829	87.3992
330.229	87.4993
329.632	87.5947
329.037	87.6758
328.444	87.7374
327.853	87.7813
327.264	87.8168
326.678	87.8583
326.093	87.9208
325.511	88.0144
324.93	88.1411
324.352	88.2934
323.776	88.4564
323.201	88.6132
322.629	88.7501
322.059	88.8618
321.491	88.9528
320.925	89.036
320.361	89.1279
319.799	89.2424
319.238	89.3855
318.68	89.5532
318.124	89.7324
317.57	89.9056
317.017	90.0569
316.467	90.1778
315.918	90.2702
315.371	90.3459
314.826	90.4223
314.284	90.5161
313.743	90.6382
313.203	90.7892
312.666	90.96
312.13	91.1346
311.597	91.2964
311.065	91.4336
310.535	91.5431
310.007	91.631
309.48	91.7099
308.956	91.7942
308.433	91.8943
307.912	92.0136
307.392	92.1472
306.875	92.285
306.359	92.4158
305.845	92.532
305.332	92.6331
304.821	92.726
304.312	92.8222
303.805	92.9334
303.3	93.067
302.796	93.2225
302.293	93.3913
301.793	93.5598
301.294	93.7136
300.797	93.8431
300.301	93.9469
299.807	94.0324
299.314	94.1138
298.824	94.2068
298.335	94.3235
297.847	94.4682
297.361	94.6357
296.877	94.8133
296.394	94.9847
295.912	95.1354
295.433	95.2575
294.955	95.3514
294.478	95.4258
294.003	95.494
293.529	95.5689
293.057	95.6589
292.587	95.7643
292.118	95.8774
291.65	95.9839
291.184	96.0674
290.72	96.113
290.257	96.1108
289.795	96.0577
289.335	95.9572
288.877	95.8175
288.419	95.6491
287.964	95.4633
287.509	95.2707
287.057	95.0816
286.605	94.9062
286.155	94.7558
285.706	94.6425
285.259	94.5784
284.813	94.5741
284.369	94.6359
283.926	94.7643
283.484	94.9524
283.044	95.187
282.605	95.45
282.168	95.7216
281.731	95.9838
281.297	96.2233
280.863	96.4333
280.431	96.6137
280	96.7702
