1200	0.477564
1192.15	0.477708
1184.4	0.477581
1176.75	0.476878
1169.21	0.475582
1161.75	0.473964
1154.39	0.472404
1147.13	0.471118
1139.95	0.470014
1132.86	0.468747
1125.87	0.46695
1118.95	0.464486
1112.13	0.461534
1105.38	0.458472
1098.72	0.45561
1092.13	0.452983
1085.63	0.450318
1079.2	0.447223
1072.84	0.443455
1066.56	0.439083
1060.36	0.434446
1054.23	0.429919
1048.16	0.425657
1042.17	0.421491
1036.24	0.417042
1030.38	0.411984
1024.59	0.406268
1018.86	0.400163
1013.2	0.394069
1007.6	0.388252
1002.06	0.38266
996.576	0.376965
991.156	0.370791
985.795	0.363979
980.491	0.356698
975.244	0.349341
970.053	0.342257
964.917	0.335516
959.835	0.328873
954.806	0.321937
949.83	0.314452
944.905	0.306482
940.031	0.298374
935.207	0.290532
930.433	0.283143
925.707	0.276056
921.028	0.268895
916.397	0.261329
911.812	0.253314
907.273	0.245138
902.778	0.237241
898.328	0.22992
893.922	0.223134
889.559	0.216533
885.238	0.209712
880.958	0.202501
876.72	0.195109
872.523	0.188
868.365	0.181596
864.247	0.175992
860.168	0.170902
856.127	0.165875
852.124	0.160663
848.159	0.155501
844.23	0.151083
840.337	0.148219
836.48	0.14735
832.658	0.148174
828.871	0.149635
825.118	0.15028
821.399	0.148823
817.714	0.14464
814.061	0.137957
810.441	0.129665
806.853	0.120896
803.296	0.11257
799.771	0.105124
796.277	0.0985117
792.813	0.0924028
789.379	0.0864549
785.974	0.0805052
782.599	0.0746172
779.253	0.068999
775.935	0.063866
772.645	0.0593276
769.383	0.0553482
766.149	0.0517861
762.941	0.0484793
759.761	0.0453323
756.606	0.0423627
753.478	0.039684
750.376	0.0374312
747.299	0.0356673
744.247	0.0343204
741.22	0.0331982
738.218	0.0320832
735.239	0.0308647
732.285	0.0296298
729.354	0.0286453
726.447	0.0282219
723.563	0.0285244
720.702	0.0294387
717.863	0.0305876
715.046	0.0315063
712.251	0.0318932
709.479	0.0317958
706.727	0.031625
703.997	0.031985
701.288	0.0334151
698.6	0.036189
695.932	0.0402724
693.285	0.0454352
690.657	0.0514184
688.05	0.05803
685.462	0.0651095
682.893	0.0724089
680.344	0.079505
677.814	0.0858374
675.302	0.0908682
672.809	0.0942563
670.334	0.0959053
667.878	0.0958265
665.439	0.0938897
663.018	0.0896376
660.615	0.0823212
658.229	0.0711835
655.86	0.0558605
653.508	0.0366944
651.173	0.0148319
648.854	-0.00784213
646.553	-0.0287424
644.267	-0.04442
641.997	-0.0502415
639.744	-0.040235
637.506	-0.00756583
635.283	0.0540639
633.077	0.148265
630.885	0.273779
628.709	0.423288
626.547	0.584039
624.4	0.740431
622.268	0.877842
620.151	0.986304
618.048	1.06264
615.959	1.11027
613.884	1.13683
611.823	1.15092
609.776	1.15915
607.742	1.1648
605.723	1.16828
603.716	1.16866
601.723	1.16534
599.742	1.15889
597.775	1.15073
595.821	1.14225
593.879	1.13392
591.95	1.12508
590.034	1.11453
588.13	1.10146
586.238	1.08603
584.358	1.06937
582.49	1.0528
580.634	1.03701
578.79	1.02163
576.958	1.00551
575.137	0.987473
573.328	0.967157
571.53	0.945272
569.743	0.92318
567.967	0.902061
566.203	0.882188
564.449	0.862797
562.706	0.842633
560.974	0.820812
559.253	0.797443
557.542	0.773598
555.841	0.750659
554.151	0.729438
552.471	0.709669
550.802	0.690191
549.142	0.669726
547.492	0.647733
545.852	0.624782
544.222	0.602182
542.602	0.581076
540.991	0.561585
539.39	0.542587
537.798	0.522293
536.216	0.499303
534.643	0.473462
533.079	0.445937
531.524	0.418423
529.979	0.391956
528.442	0.366138
526.914	0.339379
525.395	0.3102
523.885	0.278939
522.383	0.248894
520.89	0.226109
519.405	0.217703
517.929	0.229396
516.461	0.263297
515.002	0.316901
513.551	0.383622
512.108	0.454485
510.673	0.520184
509.246	0.572764
507.827	0.606643
506.415	0.619103
505.012	0.610558
503.616	0.584689
502.229	0.548119
500.848	0.509206
499.476	0.475796
498.111	0.452508
496.753	0.438749
495.402	0.428773
494.059	0.414358
492.724	0.389386
491.395	0.35437
490.074	0.318555
488.759	0.298052
487.452	0.310223
486.152	0.366484
484.858	0.46671
483.572	0.597959
482.292	0.738367
481.019	0.864663
479.753	0.96008
478.493	1.01923
477.24	1.04802
475.994	1.0591
474.754	1.06532
473.52	1.07431
472.293	1.08671
471.072	1.09808
469.858	1.1031
468.649	1.09931
467.447	1.08862
466.251	1.07587
465.062	1.0658
463.878	1.06032
462.7	1.05762
461.528	1.05366
460.362	1.04478
459.202	1.02992
458.048	1.0112
456.9	0.992438
455.757	0.976875
454.62	0.965274
453.489	0.955648
452.363	0.944631
451.243	0.929587
450.129	0.910181
449.02	0.888502
447.916	0.867736
446.818	0.850265
445.725	0.836332
444.638	0.824035
443.556	0.810593
442.479	0.794063
441.407	0.774481
440.34	0.753775
439.279	0.734573
438.223	0.718655
437.171	0.705971
436.125	0.694784
435.084	0.682784
434.048	0.668486
433.017	0.652083
431.99	0.635273
430.969	0.620225
429.952	0.60831
428.94	0.599346
427.933	0.591774
426.93	0.583617
425.932	0.573635
424.939	0.562017
423.951	0.550226
422.967	0.540127
421.987	0.53291
421.012	0.528416
420.042	0.525231
419.076	0.521459
418.115	0.51573
417.158	0.507893
416.205	0.499047
415.257	0.490936
414.313	0.485063
413.373	0.482002
412.437	0.481244
411.506	0.481601
410.579	0.481901
409.656	0.481587
408.737	0.480915
407.823	0.480694
406.912	0.481759
406.005	0.484495
405.103	0.488666
404.204	0.493606
403.31	0.498628
402.419	0.503399
401.533	0.508056
400.65	0.513037
399.771	0.518724
398.896	0.525153
398.025	0.531941
397.157	0.538491
396.294	0.544334
395.434	0.5494
394.578	0.554056
393.725	0.558882
392.877	0.564311
392.031	0.570349
391.19	0.576529
390.352	0.582139
389.518	0.586576
388.687	0.589647
387.86	0.591634
387.036	0.593103
386.216	0.594586
385.399	0.596308
384.586	0.598132
383.776	0.599726
382.969	0.600843
382.166	0.601529
381.367	0.602128
380.57	0.603078
379.777	0.604626
378.987	0.606645
378.201	0.608665
377.418	0.610112
376.638	0.610616
375.861	0.610203
375.087	0.609267
374.317	0.608322
373.55	0.607693
372.785	0.60732
372.024	0.606785
371.267	0.60555
370.512	0.603271
369.76	0.599995
369.011	0.596147
368.266	0.592303
367.523	0.588886
366.783	0.585946
366.047	0.58315
365.313	0.579979
364.582	0.57602
363.854	0.571207
363.129	0.565879
362.407	0.560633
361.688	0.556031
360.971	0.552306
360.258	0.549191
359.547	0.545945
358.839	0.541587
358.134	0.535236
357.432	0.526459
356.732	0.515495
356.035	0.503253
355.341	0.49108
354.649	0.480348
353.96	0.471999
353.274	0.466211
352.591	0.46233
351.91	0.459117
351.232	0.455231
350.556	0.449744
349.883	0.442496
349.213	0.434099
348.545	0.425614
347.879	0.418032
347.217	0.411817
346.556	0.406727
345.899	0.401994
345.243	0.396764
344.591	0.390571
343.94	0.383587
343.292	0.376536
342.647	0.370327
342.004	0.365598
341.363	0.362427
340.725	0.360357
340.089	0.358706
339.456	0.356991
338.825	0.355212
338.196	0.353862
337.569	0.353641
336.945	0.355047
336.324	0.35808
335.704	0.362216
335.087	0.366679
334.472	0.370847
333.859	0.374574
333.249	0.378247
332.64	0.382527
332.034	0.387947
331.43	0.394565
330.829	0.4019
330.229	0.409212
329.632	0.415985
329.037	0.42238
328.444	0.429424
327.853	0.4388
327.264	0.452338
326.678	0.471422
326.093	0.496561
325.511	0.527264
324.93	0.562203
324.352	0.599494
323.776	0.636932
323.201	0.672093
322.629	0.702402
322.059	0.72535
321.491	0.738978
320.925	0.742573
320.361	0.737279
319.799	0.726218
319.238	0.713836
318.68	0.704542
318.124	0.701101
317.57	0.70353
317.017	0.7091
316.467	0.713649
315.918	0.71375
315.371	0.708776
314.826	0.701842
314.284	0.699026
313.743	0.707055
313.203	0.730399
312.666	0.769072
312.13	0.818169
311.597	0.869403
311.065	0.913993
310.535	0.945625
310.007	0.962236
309.48	0.965966
308.956	0.961498
308.433	0.953739
307.912	0.945993
307.392	0.939357
306.875	0.933371
306.359	0.927293
305.845	0.921108
305.332	0.91572
304.821	0.912307
304.312	0.911377
303.805	0.912236
303.3	0.913261
302.796	0.912861
302.293	0.91053
301.793	0.907323
301.294	0.905397
300.797	0.906816
300.301	0.912276
299.807	0.920462
299.314	0.92844
298.824	0.932922
298.335	0.931791
297.847	0.925117
297.361	0.915219
296.877	0.905756
296.394	0.900337
295.912	0.901262
295.433	0.908891
294.955	0.921758
294.478	0.937244
294.003	0.952411
293.529	0.964714
293.057	0.972428
292.587	0.974829
292.118	0.972195
291.65	0.96566
291.184	0.956921
290.72	0.947778
290.257	0.93961
289.795	0.932968
289.335	0.927487
288.877	0.922184
288.419	0.916039
287.964	0.908543
287.509	0.899951
287.057	0.891085
286.605	0.882821
286.155	0.87557
285.706	0.869051
285.259	0.862504
284.813	0.855185
284.369	0.84685
283.926	0.837905
283.484	0.829137
283.044	0.821208
282.605	0.814207
282.168	0.807563
281.731	0.800363
281.297	0.791872
280.863	0.781946
280.431	0.771082
280	0.760092
