1200	99.6647
1192.15	99.6584
1184.4	99.6523
1176.75	99.6502
1169.21	99.6523
1161.75	99.655
1154.39	99.6544
1147.13	99.6498
1139.95	99.6444
1132.86	99.6425
1125.87	99.6451
1118.95	99.6493
1112.13	99.6509
1105.38	99.6484
1098.72	99.6442
1092.13	99.6428
1085.63	99.646
1079.2	99.6517
1072.84	99.6555
1066.56	99.6553
1060.36	99.6526
1054.23	99.6518
1048.16	99.6555
1042.17	99.6625
1036.24	99.6685
1030.38	99.6705
1024.59	99.6694
1018.86	99.6693
1013.2	99.6733
1007.6	99.6812
1002.06	99.689
996.576	99.6931
991.156	99.6935
985.795	99.6937
980.491	99.6978
975.244	99.706
970.053	99.715
964.917	99.7208
959.835	99.7224
954.806	99.7229
949.83	99.7264
944.905	99.7343
940.031	99.7439
935.207	99.7509
930.433	99.7534
925.707	99.7537
921.028	99.7562
916.397	99.7631
911.812	99.7725
907.273	99.78
902.778	99.7829
898.328	99.7827
893.922	99.7836
889.559	99.7889
885.238	99.7973
880.958	99.8048
876.72	99.8077
872.523	99.8066
868.365	99.8056
864.247	99.8086
860.168	99.8154
856.127	99.8222
852.124	99.8247
848.159	99.8226
844.23	99.8195
840.337	99.8197
836.48	99.8244
832.658	99.83
828.871	99.832
825.118	99.8289
821.399	99.8236
817.714	99.821
814.061	99.8231
810.441	99.8273
806.853	99.8287
803.296	99.8248
799.771	99.8176
796.277	99.8122
792.813	99.8117
789.379	99.8145
785.974	99.8155
782.599	99.8113
779.253	99.8027
775.935	99.7949
772.645	99.792
769.383	99.7935
766.149	99.7946
762.941	99.7906
759.761	99.7815
756.606	99.772
753.478	99.767
750.376	99.7675
747.299	99.7691
744.247	99.7663
741.22	99.7577
738.218	99.7472
735.239	99.7408
732.285	99.7407
729.354	99.7433
726.447	99.7426
723.563	99.7355
720.702	99.7251
717.863	99.7177
715.046	99.7173
712.251	99.7215
709.479	99.7237
706.727	99.7193
703.997	99.7097
701.288	99.7018
698.6	99.7013
695.932	99.7073
693.285	99.7132
690.657	99.7124
688.05	99.7047
685.462	99.6965
682.893	99.6954
680.344	99.7031
677.814	99.7134
675.302	99.7178
672.809	99.7129
670.334	99.704
667.878	99.7007
665.439	99.7089
663.018	99.7252
660.615	99.7398
658.229	99.7442
655.86	99.7375
653.508	99.7266
651.173	99.7201
648.854	99.7222
646.553	99.7316
644.267	99.745
641.997	99.7607
639.744	99.7784
637.506	99.7952
635.283	99.8038
633.077	99.7967
630.885	99.7739
628.709	99.7471
626.547	99.7345
624.4	99.7484
622.268	99.7842
620.151	99.8219
618.048	99.8394
615.959	99.8294
613.884	99.8047
611.823	99.7881
609.776	99.7945
607.742	99.8188
605.723	99.841
603.716	99.8434
601.723	99.8255
599.742	99.8047
597.775	99.8009
595.821	99.8192
593.879	99.8455
591.95	99.8581
590.034	99.8469
588.13	99.822
586.238	99.8051
584.358	99.8109
582.49	99.8345
580.634	99.8558
578.79	99.8568
576.958	99.8372
575.137	99.8143
573.328	99.8075
571.53	99.8218
569.743	99.8436
567.967	99.8529
566.203	99.8414
564.449	99.819
562.706	99.8048
560.974	99.8099
559.253	99.8277
557.542	99.8403
555.841	99.8348
554.151	99.815
552.471	99.7975
550.802	99.7964
549.142	99.8101
547.492	99.823
545.852	99.8203
544.222	99.8018
542.602	99.7832
540.991	99.7808
539.39	99.7961
537.798	99.8125
536.216	99.8095
534.643	99.7817
533.079	99.7458
531.524	99.7281
529.979	99.7425
528.442	99.7777
526.914	99.8057
525.395	99.8046
523.885	99.7762
522.383	99.7446
520.89	99.7349
519.405	99.7523
517.929	99.7775
516.461	99.7846
515.002	99.7639
513.551	99.731
512.108	99.7134
510.673	99.7266
509.246	99.7599
507.827	99.7854
506.415	99.7812
505.012	99.7507
503.616	99.7192
502.229	99.7126
500.848	99.7354
499.476	99.767
498.111	99.7801
496.753	99.7637
495.402	99.7324
494.059	99.7131
492.724	99.7218
491.395	99.7497
490.074	99.7719
488.759	99.7687
487.452	99.7431
486.152	99.7171
484.858	99.7127
483.572	99.7323
482.292	99.7575
481.019	99.7654
479.753	99.7488
478.493	99.7221
477.24	99.7084
475.994	99.7191
474.754	99.7443
473.52	99.7621
472.293	99.7577
471.072	99.7359
469.858	99.7156
468.649	99.7125
467.447	99.7243
466.251	99.7332
465.062	99.7217
463.878	99.6889
462.7	99.6518
461.528	99.6311
460.362	99.6342
459.202	99.6497
458.048	99.6582
456.9	99.6498
455.757	99.6318
454.62	99.6218
453.489	99.6309
452.363	99.6543
451.243	99.6756
450.129	99.6816
449.02	99.674
447.916	99.666
446.818	99.6695
445.725	99.6822
444.638	99.6888
443.556	99.674
442.479	99.637
441.407	99.5935
440.34	99.5639
439.279	99.557
438.223	99.5643
437.171	99.5685
436.125	99.5595
435.084	99.543
434.048	99.5344
433.017	99.5445
431.99	99.5686
430.969	99.5904
429.952	99.5959
428.94	99.5856
427.933	99.5737
426.93	99.5757
425.932	99.5943
424.939	99.6171
423.951	99.6277
422.967	99.6199
421.987	99.6031
421.012	99.5936
420.042	99.6007
419.076	99.6182
418.115	99.631
417.158	99.6281
416.205	99.6122
415.257	99.5971
414.313	99.5947
413.373	99.6048
412.437	99.6154
411.506	99.6142
410.579	99.5994
409.656	99.5813
408.737	99.5726
407.823	99.577
406.912	99.5862
406.005	99.5876
405.103	99.5761
404.204	99.5585
403.31	99.5468
402.419	99.5472
401.533	99.5539
400.65	99.555
399.771	99.5436
398.896	99.5251
398.025	99.5124
397.157	99.5146
396.294	99.5275
395.434	99.5373
394.578	99.5324
393.725	99.5137
392.877	99.4948
392.031	99.4897
391.19	99.5005
390.352	99.5149
389.518	99.5174
388.687	99.5024
387.86	99.48
387.036	99.467
386.216	99.4723
385.399	99.4885
384.586	99.4986
383.776	99.4903
382.969	99.4678
382.166	99.4477
381.367	99.4449
380.57	99.4595
379.777	99.4764
378.987	99.4785
378.201	99.4618
377.418	99.4389
376.638	99.4281
375.861	99.4373
375.087	99.4571
374.317	99.4688
373.55	99.461
372.785	99.4394
372.024	99.4219
371.267	99.4229
370.512	99.4406
369.76	99.4588
369.011	99.4607
368.266	99.444
367.523	99.4227
366.783	99.4147
366.047	99.4264
365.313	99.4467
364.582	99.4573
363.854	99.4484
363.129	99.4272
362.407	99.4118
361.688	99.4148
360.971	99.4329
360.258	99.4494
359.547	99.4494
358.839	99.4322
358.134	99.4122
357.432	99.4057
356.732	99.4171
356.035	99.4349
355.341	99.4424
354.649	99.4321
353.96	99.412
353.274	99.3983
352.591	99.4009
351.91	99.4152
351.232	99.4262
350.556	99.4223
349.883	99.4053
349.213	99.388
348.545	99.3824
347.879	99.3887
347.217	99.395
346.556	99.3881
345.899	99.3659
345.243	99.339
344.591	99.3221
343.94	99.3208
343.292	99.3272
342.647	99.3274
342.004	99.3141
341.363	99.2932
340.725	99.2786
340.089	99.2791
339.456	99.2908
338.825	99.3002
338.196	99.2961
337.569	99.2795
336.945	99.2628
336.324	99.2583
335.704	99.2674
335.087	99.2793
334.472	99.2805
333.859	99.2671
333.249	99.2479
332.64	99.2368
332.034	99.24
331.43	99.2505
330.829	99.2547
330.229	99.2441
329.632	99.223
329.037	99.2044
328.444	99.1982
327.853	99.2028
327.264	99.2062
326.678	99.1982
326.093	99.1793
325.511	99.1608
324.93	99.1549
324.352	99.1633
323.776	99.1758
323.201	99.1795
322.629	99.17
322.059	99.1555
321.491	99.1489
320.925	99.1556
320.361	99.1685
319.799	99.1743
319.238	99.1661
318.68	99.1499
318.124	99.1399
317.57	99.1448
317.017	99.1597
316.467	99.1693
315.918	99.1622
315.371	99.1416
314.826	99.124
314.284	99.125
313.743	99.1452
313.203	99.1683
312.666	99.1746
312.13	99.1582
311.597	99.1326
311.065	99.1198
310.535	99.1311
310.007	99.1567
309.48	99.1734
308.956	99.1646
308.433	99.1346
307.912	99.1063
307.392	99.1016
306.875	99.123
306.359	99.1507
305.845	99.1595
305.332	99.1402
304.821	99.1073
304.312	99.087
303.805	99.0947
303.3	99.1217
302.796	99.1428
302.293	99.1376
301.793	99.1087
301.294	99.0789
300.797	99.0718
300.301	99.0914
299.807	99.1188
299.314	99.1282
298.824	99.1094
298.335	99.0766
297.847	99.0562
297.361	99.064
296.877	99.0918
296.394	99.1147
295.912	99.1124
295.433	99.0863
294.955	99.0583
294.478	99.0511
294.003	99.0693
293.529	99.0956
293.057	99.1063
292.587	99.0922
292.118	99.0659
291.65	99.0508
291.184	99.06
290.72	99.0853
290.257	99.1045
289.795	99.101
289.335	99.0775
288.877	99.0531
288.419	99.0448
287.964	99.0517
287.509	99.055
287.057	99.0345
286.605	98.987
286.155	98.9304
285.706	98.8904
285.259	98.8795
284.813	98.8887
284.369	98.8961
283.926	98.8867
283.484	98.8643
283.044	98.8473
282.605	98.8507
282.168	98.8723
281.731	98.8946
281.297	98.8998
280.863	98.886
280.431	98.8681
280	98.8648
