1200	97.1836
1192.15	97.2211
1184.4	97.2635
1176.75	97.2966
1169.21	97.3115
1161.75	97.3098
1154.39	97.3024
1147.13	97.3036
1139.95	97.3234
1132.86	97.3614
1125.87	97.4073
1118.95	97.4463
1112.13	97.4673
1105.38	97.4694
1098.72	97.4623
1092.13	97.4612
1085.63	97.4782
1079.2	97.5156
1072.84	97.5642
1066.56	97.6086
1060.36	97.6353
1054.23	97.6408
1048.16	97.6331
1042.17	97.6282
1036.24	97.6406
1030.38	97.6757
1024.59	97.7259
1018.86	97.7752
1013.2	97.8074
1007.6	97.8153
1002.06	97.8052
996.576	97.7936
991.156	97.7982
985.795	97.8282
980.491	97.8786
975.244	97.9322
970.053	97.9693
964.917	97.9779
959.835	97.9613
954.806	97.9369
949.83	97.927
944.905	97.9468
940.031	97.9948
935.207	98.0525
930.433	98.0928
925.707	98.0937
921.028	98.0507
916.397	97.9809
911.812	97.9163
907.273	97.8894
902.778	97.9184
898.328	97.9983
893.922	98.1034
889.559	98.1989
885.238	98.2573
880.958	98.2703
876.72	98.2512
872.523	98.2272
868.365	98.2256
864.247	98.2605
860.168	98.3273
856.127	98.4062
852.124	98.4738
848.159	98.5143
844.23	98.5271
840.337	98.5253
836.48	98.5281
832.658	98.5497
828.871	98.5934
825.118	98.6505
821.399	98.7069
817.714	98.7511
814.061	98.7804
810.441	98.8014
806.853	98.8243
803.296	98.8562
799.771	98.8961
796.277	98.9356
792.813	98.9643
789.379	98.9769
785.974	98.9774
782.599	98.9779
779.253	98.9917
775.935	99.0253
772.645	99.0736
769.383	99.1218
766.149	99.1538
762.941	99.1626
759.761	99.1569
756.606	99.1598
753.478	99.1981
750.376	99.2888
747.299	99.4267
744.247	99.582
741.22	99.7093
738.218	99.764
735.239	99.7199
732.285	99.5802
729.354	99.3757
726.447	99.1526
723.563	98.9546
720.702	98.8077
717.863	98.7148
715.046	98.6606
712.251	98.6239
709.479	98.5908
706.727	98.5609
703.997	98.5448
701.288	98.5552
698.6	98.5962
695.932	98.658
693.285	98.7194
690.657	98.7583
688.05	98.7622
685.462	98.7353
682.893	98.6967
680.344	98.6711
677.814	98.6759
675.302	98.7127
672.809	98.766
670.334	98.812
667.878	98.8301
665.439	98.8145
663.018	98.7764
660.615	98.7391
658.229	98.7251
655.86	98.745
653.508	98.7921
651.173	98.8455
648.854	98.8817
646.553	98.8863
644.267	98.862
641.997	98.8263
639.744	98.8026
637.506	98.8077
635.283	98.8423
633.077	98.8909
630.885	98.9296
628.709	98.9387
626.547	98.9135
624.4	98.8671
622.268	98.8245
620.151	98.8096
618.048	98.8328
615.959	98.8853
613.884	98.9426
611.823	98.9765
609.776	98.9691
607.742	98.9221
605.723	98.8565
603.716	98.8028
601.723	98.7871
599.742	98.8179
597.775	98.8831
595.821	98.9549
593.879	99.0035
591.95	99.0107
590.034	98.9781
588.13	98.9251
586.238	98.8795
584.358	98.8641
582.49	98.8859
580.634	98.9341
578.79	98.9861
576.958	99.0191
575.137	99.0207
573.328	98.9945
571.53	98.9572
569.743	98.9299
567.967	98.9272
566.203	98.9507
564.449	98.9892
562.706	99.0244
560.974	99.0406
559.253	99.0324
557.542	99.0067
555.841	98.9786
554.151	98.9636
552.471	98.9699
550.802	98.9946
549.142	99.0257
547.492	99.0485
545.852	99.0528
544.222	99.038
542.602	99.0129
540.991	98.991
539.39	98.9834
537.798	98.9941
536.216	99.0175
534.643	99.042
533.079	99.0559
531.524	99.0527
529.979	99.0348
528.442	99.0116
526.914	98.9953
525.395	98.9949
523.885	99.0123
522.383	99.0416
520.89	99.0725
519.405	99.095
517.929	99.1044
516.461	99.1028
515.002	99.0988
513.551	99.1026
512.108	99.1221
510.673	99.1592
509.246	99.2094
507.827	99.2634
506.415	99.311
505.012	99.3439
503.616	99.3576
502.229	99.3512
500.848	99.3256
499.476	99.2817
498.111	99.2191
496.753	99.1371
495.402	99.0365
494.059	98.9211
492.724	98.7997
491.395	98.6844
490.074	98.5883
488.759	98.5222
487.452	98.4909
486.152	98.4923
484.858	98.5183
483.572	98.5573
482.292	98.5983
481.019	98.634
479.753	98.6625
478.493	98.6863
477.24	98.7103
475.994	98.7388
474.754	98.7734
473.52	98.8123
472.293	98.8513
471.072	98.8863
469.858	98.9147
468.649	98.9373
467.447	98.9571
466.251	98.9789
465.062	99.0061
463.878	99.0401
462.7	99.0792
461.528	99.1199
460.362	99.1579
459.202	99.1902
458.048	99.2162
456.9	99.2374
455.757	99.2571
454.62	99.2792
453.489	99.3065
452.363	99.3408
451.243	99.3814
450.129	99.4261
449.02	99.4709
447.916	99.5108
446.818	99.5412
445.725	99.5587
444.638	99.5628
443.556	99.5569
442.479	99.5479
441.407	99.5446
440.34	99.5543
439.279	99.5804
438.223	99.6199
437.171	99.6637
436.125	99.7003
435.084	99.7197
434.048	99.7185
433.017	99.7018
431.99	99.6819
430.969	99.6736
429.952	99.6875
428.94	99.7249
427.933	99.7767
426.93	99.8265
425.932	99.8577
424.939	99.861
423.951	99.8391
422.967	99.806
421.987	99.7814
421.012	99.7818
420.042	99.8131
419.076	99.8678
418.115	99.9282
417.158	99.9744
416.205	99.9936
415.257	99.9857
414.313	99.963
413.373	99.9443
412.437	99.9454
411.506	99.9715
410.579	100.014
409.656	100.057
408.737	100.083
407.823	100.082
406.912	100.058
406.005	100.028
405.103	100.011
404.204	100.018
403.31	100.05
402.419	100.093
401.533	100.127
400.65	100.134
399.771	100.11
398.896	100.065
398.025	100.021
397.157	99.9968
396.294	100.005
395.434	100.039
394.578	100.079
393.725	100.102
392.877	100.091
392.031	100.045
391.19	99.9798
390.352	99.9205
389.518	99.8898
388.687	99.896
387.86	99.9294
387.036	99.9663
386.216	99.981
385.399	99.9577
384.586	99.899
383.776	99.8246
382.969	99.762
382.166	99.7332
381.367	99.7441
380.57	99.782
379.777	99.822
378.987	99.839
378.201	99.8206
377.418	99.7728
376.638	99.7167
375.861	99.6785
375.087	99.6762
374.317	99.7115
373.55	99.7694
372.785	99.8261
372.024	99.8614
371.267	99.8682
370.512	99.8561
369.76	99.8452
369.011	99.8554
368.266	99.8959
367.523	99.9598
366.783	100.028
366.047	100.078
365.313	100.097
364.582	100.084
363.854	100.054
363.129	100.025
362.407	100.008
361.688	100.003
360.971	99.9944
360.258	99.9624
359.547	99.8939
358.839	99.7917
358.134	99.6766
357.432	99.5795
356.732	99.5285
356.035	99.5358
355.341	99.5924
354.649	99.6719
353.96	99.7431
353.274	99.7843
352.591	99.7926
351.91	99.7839
351.232	99.7832
350.556	99.8101
349.883	99.8677
349.213	99.9395
348.545	99.9974
347.879	100.016
347.217	99.9862
346.556	99.9207
345.899	99.8497
345.243	99.8063
344.591	99.8107
343.94	99.8593
343.292	99.9263
342.647	99.9745
342.004	99.9732
341.363	99.9123
340.725	99.8067
340.089	99.6894
339.456	99.5948
338.825	99.5432
338.196	99.5313
337.569	99.5352
336.945	99.5236
336.324	99.474
335.704	99.385
335.087	99.2771
334.472	99.183
333.859	99.1308
333.249	99.1302
332.64	99.1667
332.034	99.209
331.43	99.2239
330.829	99.1924
330.229	99.1193
329.632	99.0306
329.037	98.9604
328.444	98.9344
327.853	98.9571
327.264	99.0099
326.678	99.0605
326.093	99.0789
325.511	99.0523
324.93	98.9914
324.352	98.9248
323.776	98.8848
323.201	98.8911
322.629	98.9417
322.059	99.0138
321.491	99.0752
320.925	99.1009
320.361	99.0846
319.799	99.0422
319.238	99.0031
318.68	98.995
318.124	99.0308
317.57	99.1012
317.017	99.1803
316.467	99.2385
315.918	99.2571
315.371	99.2382
314.826	99.2031
314.284	99.1821
313.743	99.1987
313.203	99.2586
312.666	99.3464
312.13	99.4333
311.597	99.491
311.065	99.5055
310.535	99.4835
310.007	99.4484
309.48	99.4287
308.956	99.444
308.433	99.4957
307.912	99.5674
307.392	99.6337
306.875	99.673
306.359	99.6783
305.845	99.6599
305.332	99.6392
304.821	99.6375
304.312	99.6648
303.805	99.7152
303.3	99.7707
302.796	99.8113
302.293	99.8264
301.793	99.8203
301.294	99.8106
300.797	99.8184
300.301	99.8573
299.807	99.9247
299.314	100.003
298.824	100.067
298.335	100.096
297.847	100.088
297.361	100.054
296.877	100.021
296.394	100.013
295.912	100.044
295.433	100.105
294.955	100.176
294.478	100.228
294.003	100.243
293.529	100.221
293.057	100.179
292.587	100.144
292.118	100.139
291.65	100.173
291.184	100.233
290.72	100.295
290.257	100.334
289.795	100.334
289.335	100.301
288.877	100.255
288.419	100.224
287.964	100.227
287.509	100.267
287.057	100.329
286.605	100.385
286.155	100.412
285.706	100.4
285.259	100.358
284.813	100.311
284.369	100.285
283.926	100.296
283.484	100.343
283.044	100.406
282.605	100.459
282.168	100.478
281.731	100.457
281.297	100.409
280.863	100.359
280.431	100.333
280	100.346
