1200	89.3294
1192.15	89.3325
1184.4	89.3311
1176.75	89.3399
1169.21	89.3681
1161.75	89.4141
1154.39	89.4662
1147.13	89.5093
1139.95	89.5338
1132.86	89.5405
1125.87	89.5408
1118.95	89.5498
1112.13	89.5779
1105.38	89.6249
1098.72	89.6798
1092.13	89.7273
1085.63	89.7564
1079.2	89.7664
1072.84	89.7677
1066.56	89.776
1060.36	89.803
1054.23	89.8501
1048.16	89.9073
1042.17	89.9589
1036.24	89.9923
1030.38	90.0049
1024.59	90.0063
1018.86	90.0125
1013.2	90.0368
1007.6	90.0827
1002.06	90.1414
996.576	90.1965
991.156	90.2336
985.795	90.2479
980.491	90.2477
975.244	90.2494
970.053	90.2684
964.917	90.3108
959.835	90.3692
954.806	90.4269
949.83	90.4669
944.905	90.4815
940.031	90.4768
935.207	90.4698
930.433	90.4787
925.707	90.5131
921.028	90.5679
916.397	90.6261
911.812	90.6673
907.273	90.6795
902.778	90.6656
898.328	90.6423
893.922	90.6315
889.559	90.648
885.238	90.6905
880.958	90.741
876.72	90.7733
872.523	90.7664
868.365	90.7163
864.247	90.6397
860.168	90.5684
856.127	90.5356
852.124	90.5617
848.159	90.6453
844.23	90.7644
840.337	90.8866
836.48	90.9829
832.658	91.0396
828.871	91.062
825.118	91.0697
821.399	91.0864
817.714	91.1285
814.061	91.1988
810.441	91.287
806.853	91.376
803.296	91.4503
799.771	91.5031
796.277	91.5374
792.813	91.5637
789.379	91.5943
785.974	91.6376
782.599	91.6956
779.253	91.7644
775.935	91.8364
772.645	91.9042
769.383	91.963
766.149	92.0115
762.941	92.0522
759.761	92.0897
756.606	92.1292
753.478	92.1756
750.376	92.231
747.299	92.2944
744.247	92.3611
741.22	92.4239
738.218	92.4758
735.239	92.5134
732.285	92.5388
729.354	92.5601
726.447	92.5883
723.563	92.6325
720.702	92.6958
717.863	92.7735
715.046	92.8557
712.251	92.932
709.479	92.9985
706.727	93.0601
703.997	93.1296
701.288	93.2214
698.6	93.3431
695.932	93.4907
693.285	93.6479
690.657	93.7932
688.05	93.9093
685.462	93.9921
682.893	94.0537
680.344	94.117
677.814	94.2048
675.302	94.3274
672.809	94.4747
670.334	94.6171
667.878	94.7155
665.439	94.7353
663.018	94.659
660.615	94.4925
658.229	94.2617
655.86	94.003
653.508	93.751
651.173	93.53
648.854	93.3511
646.553	93.2153
644.267	93.1195
641.997	93.061
639.744	93.0388
637.506	93.0505
635.283	93.0893
633.077	93.1429
630.885	93.1954
628.709	93.234
626.547	93.2536
624.4	93.2597
622.268	93.2653
620.151	93.2838
618.048	93.3215
615.959	93.3738
613.884	93.427
611.823	93.4653
609.776	93.4796
607.742	93.4724
605.723	93.4578
603.716	93.4539
601.723	93.4735
599.742	93.5172
597.775	93.5719
595.821	93.6175
593.879	93.6369
591.95	93.6249
590.034	93.5914
588.13	93.5568
586.238	93.5421
584.358	93.5583
582.49	93.6013
580.634	93.6536
578.79	93.6936
576.958	93.7066
575.137	93.6923
573.328	93.666
571.53	93.6517
569.743	93.6719
567.967	93.7375
566.203	93.8446
564.449	93.9765
562.706	94.1117
560.974	94.2313
559.253	94.3252
557.542	94.3913
555.841	94.4327
554.151	94.4536
552.471	94.4568
550.802	94.4452
549.142	94.4249
547.492	94.4074
545.852	94.4087
544.222	94.4444
542.602	94.5236
540.991	94.6432
539.39	94.7885
537.798	94.9379
536.216	95.0715
534.643	95.179
533.079	95.263
531.524	95.3364
529.979	95.414
528.442	95.505
526.914	95.6073
525.395	95.7093
523.885	95.7959
522.383	95.857
520.89	95.893
519.405	95.9149
517.929	95.9387
516.461	95.9769
515.002	96.0326
513.551	96.0976
512.108	96.1576
510.673	96.1999
509.246	96.2205
507.827	96.2261
506.415	96.2307
505.012	96.2479
503.616	96.2836
502.229	96.3331
500.848	96.3831
499.476	96.4189
498.111	96.4322
496.753	96.425
495.402	96.4085
494.059	96.3966
492.724	96.3984
491.395	96.4131
490.074	96.4303
488.759	96.4354
487.452	96.4167
486.152	96.3712
484.858	96.3055
483.572	96.2317
482.292	96.1614
481.019	96.0998
479.753	96.0451
478.493	95.9907
477.24	95.9313
475.994	95.8671
474.754	95.8038
473.52	95.7496
472.293	95.709
471.072	95.6781
469.858	95.6451
468.649	95.5952
467.447	95.5184
466.251	95.4166
465.062	95.3048
463.878	95.2066
462.7	95.1452
461.528	95.1339
460.362	95.1707
459.202	95.2404
458.048	95.3217
456.9	95.3969
455.757	95.4592
454.62	95.5135
453.489	95.5719
452.363	95.6456
451.243	95.7379
450.129	95.8424
449.02	95.9462
447.916	96.0374
446.818	96.1111
445.725	96.1719
444.638	96.2308
443.556	96.2988
442.479	96.3801
441.407	96.4703
440.34	96.5581
439.279	96.6325
438.223	96.6888
437.171	96.7317
436.125	96.7722
435.084	96.8211
434.048	96.8821
433.017	96.9487
431.99	97.007
430.969	97.0435
429.952	97.0542
428.94	97.0486
427.933	97.048
426.93	97.0753
425.932	97.1444
424.939	97.2511
423.951	97.3732
422.967	97.4787
421.987	97.5397
421.012	97.5452
420.042	97.5068
419.076	97.4541
418.115	97.422
417.158	97.4347
416.205	97.4955
415.257	97.5852
414.313	97.6711
413.373	97.7223
412.437	97.7236
411.506	97.6819
410.579	97.6224
409.656	97.5771
408.737	97.5694
407.823	97.6043
406.912	97.6666
406.005	97.7289
405.103	97.7646
404.204	97.7598
403.31	97.7194
402.419	97.6637
401.533	97.619
400.65	97.6053
399.771	97.6283
398.896	97.6776
398.025	97.7327
397.157	97.7726
396.294	97.7851
395.434	97.771
394.578	97.743
393.725	97.7184
392.877	97.7114
392.031	97.7273
391.19	97.7605
390.352	97.7986
389.518	97.8276
388.687	97.8385
387.86	97.8302
387.036	97.8091
386.216	97.7861
385.399	97.771
384.586	97.7692
383.776	97.7797
382.969	97.7956
382.166	97.8073
381.367	97.8062
380.57	97.788
379.777	97.7536
378.987	97.7095
378.201	97.6649
377.418	97.6286
376.638	97.6058
375.861	97.5961
375.087	97.5936
374.317	97.5894
373.55	97.5752
372.785	97.5474
372.024	97.5095
371.267	97.4711
370.512	97.4451
369.76	97.4421
369.011	97.4658
368.266	97.511
367.523	97.5659
366.783	97.6171
366.047	97.6562
365.313	97.6846
364.582	97.7134
363.854	97.7595
363.129	97.8373
362.407	97.9513
361.688	98.0926
360.971	98.2414
360.258	98.3741
359.547	98.4741
358.839	98.5391
358.134	98.5828
357.432	98.6301
356.732	98.7058
356.035	98.8238
355.341	98.9802
354.649	99.1534
353.96	99.3123
353.274	99.4282
352.591	99.4863
351.91	99.4903
351.232	99.4605
350.556	99.4237
349.883	99.4023
349.213	99.4053
348.545	99.4261
347.879	99.4476
347.217	99.4515
346.556	99.4281
345.899	99.3815
345.243	99.3283
344.591	99.2906
343.94	99.2865
343.292	99.3224
342.647	99.3909
342.004	99.4745
341.363	99.5527
340.725	99.611
340.089	99.6452
339.456	99.6625
338.825	99.6765
338.196	99.7011
337.569	99.7444
336.945	99.806
336.324	99.878
335.704	99.9492
335.087	100.009
334.472	100.053
333.859	100.081
333.249	100.097
332.64	100.109
332.034	100.125
331.43	100.15
330.829	100.188
330.229	100.238
329.632	100.301
329.037	100.369
328.444	100.434
327.853	100.483
327.264	100.501
326.678	100.477
326.093	100.403
325.511	100.28
324.93	100.119
324.352	99.9372
323.776	99.756
323.201	99.5956
322.629	99.471
322.059	99.3899
321.491	99.3527
320.925	99.3543
320.361	99.3864
319.799	99.4402
319.238	99.5075
318.68	99.5814
318.124	99.6567
317.57	99.7301
317.017	99.8005
316.467	99.8694
315.918	99.9402
315.371	100.017
314.826	100.102
314.284	100.193
313.743	100.284
313.203	100.365
312.666	100.423
312.13	100.45
311.597	100.441
311.065	100.402
310.535	100.343
310.007	100.281
309.48	100.228
308.956	100.195
308.433	100.182
307.912	100.186
307.392	100.199
306.875	100.213
306.359	100.223
305.845	100.23
305.332	100.235
304.821	100.243
304.312	100.255
303.805	100.268
303.3	100.281
302.796	100.287
302.293	100.285
301.793	100.275
301.294	100.261
300.797	100.249
300.301	100.242
299.807	100.242
299.314	100.247
298.824	100.251
298.335	100.25
297.847	100.241
297.361	100.226
296.877	100.211
296.394	100.202
295.912	100.203
295.433	100.216
294.955	100.234
294.478	100.253
294.003	100.266
293.529	100.267
293.057	100.261
292.587	100.251
292.118	100.247
291.65	100.255
291.184	100.278
290.72	100.315
290.257	100.358
289.795	100.401
289.335	100.441
288.877	100.475
288.419	100.508
287.964	100.545
287.509	100.591
287.057	100.647
286.605	100.709
286.155	100.771
285.706	100.83
285.259	100.881
284.813	100.928
284.369	100.975
283.926	101.027
283.484	101.086
283.044	101.148
282.605	101.206
282.168	101.25
281.731	101.274
281.297	101.279
280.863	101.271
280.431	101.263
280	101.265
