1200	97.2095
1192.15	97.2222
1184.4	97.2498
1176.75	97.2862
1169.21	97.3202
1161.75	97.342
1154.39	97.3484
1147.13	97.3451
1139.95	97.3435
1132.86	97.3542
1125.87	97.3816
1118.95	97.4207
1112.13	97.4601
1105.38	97.4876
1098.72	97.4979
1092.13	97.495
1085.63	97.4905
1079.2	97.4976
1072.84	97.5231
1066.56	97.564
1060.36	97.6081
1054.23	97.6412
1048.16	97.6544
1042.17	97.6498
1036.24	97.6396
1030.38	97.6397
1024.59	97.6606
1018.86	97.7016
1013.2	97.7497
1007.6	97.7872
1002.06	97.8007
996.576	97.7894
991.156	97.7664
985.795	97.7521
980.491	97.763
975.244	97.8014
970.053	97.8526
964.917	97.8908
959.835	97.8919
954.806	97.8476
949.83	97.7714
944.905	97.6952
940.031	97.6552
935.207	97.6746
930.433	97.7526
925.707	97.8629
921.028	97.9657
916.397	98.0264
911.812	98.0319
907.273	97.9972
902.778	97.9571
898.328	97.9497
893.922	97.9967
889.559	98.0921
885.238	98.2057
880.958	98.2978
876.72	98.3394
872.523	98.3278
868.365	98.288
864.247	98.2607
860.168	98.2815
856.127	98.3626
852.124	98.4857
848.159	98.6108
844.23	98.6957
840.337	98.7173
836.48	98.6844
832.658	98.6328
828.871	98.6083
825.118	98.6431
821.399	98.7383
817.714	98.863
814.061	98.9686
810.441	99.0143
806.853	98.9889
803.296	98.92
799.771	98.8636
796.277	98.8792
792.813	99.0013
789.379	99.2208
785.974	99.4851
782.599	99.7176
779.253	99.8475
775.935	99.838
772.645	99.6989
769.383	99.4806
766.149	99.2517
762.941	99.0711
759.761	98.9681
756.606	98.9364
753.478	98.9451
750.376	98.9584
747.299	98.954
744.247	98.9317
741.22	98.9098
738.218	98.9105
735.239	98.9458
732.285	99.0091
729.354	99.0775
726.447	99.1239
723.563	99.1309
720.702	99.0994
717.863	99.0482
715.046	99.0045
712.251	98.9895
709.479	99.0084
706.727	99.0485
703.997	99.0863
701.288	99.1001
698.6	99.0811
695.932	99.0377
693.285	98.9902
690.657	98.9609
688.05	98.9619
685.462	98.9897
682.893	99.0275
680.344	99.0542
677.814	99.0555
675.302	99.0308
672.809	98.9933
670.334	98.9626
667.878	98.9543
665.439	98.9724
663.018	99.0074
660.615	99.0416
658.229	99.0587
655.86	99.0518
653.508	99.0269
651.173	98.9992
648.854	98.985
646.553	98.993
644.267	99.0206
641.997	99.0551
639.744	99.0807
637.506	99.0868
635.283	99.0734
633.077	99.0505
630.885	99.0325
628.709	99.031
626.547	99.0485
624.4	99.0776
622.268	99.1052
620.151	99.1191
618.048	99.1149
615.959	99.0973
613.884	99.0779
611.823	99.0686
609.776	99.0756
607.742	99.0963
605.723	99.121
603.716	99.1381
601.723	99.1404
599.742	99.1283
597.775	99.1096
595.821	99.0951
593.879	99.0929
591.95	99.1042
590.034	99.1232
588.13	99.1401
586.238	99.1468
584.358	99.1403
582.49	99.1248
580.634	99.1084
578.79	99.0993
576.958	99.101
575.137	99.1113
573.328	99.1234
571.53	99.1303
569.743	99.1281
567.967	99.1183
566.203	99.1066
564.449	99.0992
562.706	99.0997
560.974	99.1069
559.253	99.1155
557.542	99.1197
555.841	99.1161
554.151	99.106
552.471	99.0945
550.802	99.0876
549.142	99.0886
547.492	99.0966
545.852	99.1064
544.222	99.1116
542.602	99.1085
540.991	99.0981
539.39	99.0855
537.798	99.0776
536.216	99.079
534.643	99.0891
533.079	99.1024
531.524	99.1112
529.979	99.1101
528.442	99.0988
526.914	99.0829
525.395	99.0711
523.885	99.0706
522.383	99.0829
520.89	99.1028
519.405	99.1207
517.929	99.1272
516.461	99.1181
515.002	99.0971
513.551	99.0737
512.108	99.0593
510.673	99.0609
509.246	99.078
507.827	99.1026
506.415	99.123
505.012	99.1302
503.616	99.1219
502.229	99.1036
500.848	99.0862
499.476	99.0794
498.111	99.0878
496.753	99.1079
495.402	99.1307
494.059	99.1466
492.724	99.1508
491.395	99.146
490.074	99.1408
488.759	99.1448
487.452	99.1629
486.152	99.192
484.858	99.2219
483.572	99.2407
482.292	99.241
481.019	99.2246
479.753	99.2024
478.493	99.1889
477.24	99.195
475.994	99.2214
474.754	99.2572
473.52	99.2848
472.293	99.2881
471.072	99.2616
469.858	99.2143
468.649	99.1669
467.447	99.1429
466.251	99.1573
465.062	99.2089
463.878	99.2798
462.7	99.3425
461.528	99.3728
460.362	99.3606
459.202	99.3155
458.048	99.2631
456.9	99.2337
455.757	99.2482
454.62	99.3089
453.489	99.3977
452.363	99.4843
451.243	99.5401
450.129	99.5513
449.02	99.5256
447.916	99.4886
446.818	99.4722
445.725	99.5
444.638	99.5761
443.556	99.6827
442.479	99.7878
441.407	99.8594
440.34	99.8793
439.279	99.8518
438.223	99.8015
437.171	99.7627
436.125	99.7646
435.084	99.8186
434.048	99.9129
433.017	100.017
431.99	100.093
430.969	100.11
429.952	100.055
428.94	99.9326
427.933	99.7664
426.93	99.5848
425.932	99.4128
424.939	99.2649
423.951	99.1441
422.967	99.0456
421.987	98.9623
421.012	98.8901
420.042	98.829
419.076	98.782
418.115	98.7512
417.158	98.7352
416.205	98.7281
415.257	98.7223
414.313	98.7111
413.373	98.6925
412.437	98.67
411.506	98.6505
410.579	98.6412
409.656	98.6454
408.737	98.6611
407.823	98.6817
406.912	98.699
406.005	98.7076
405.103	98.7074
404.204	98.7041
403.31	98.7069
402.419	98.7249
401.533	98.7625
400.65	98.8182
399.771	98.8846
398.896	98.9517
398.025	99.0107
397.157	99.0573
396.294	99.0931
395.434	99.1251
394.578	99.162
393.725	99.2116
392.877	99.2775
392.031	99.3578
391.19	99.446
390.352	99.5334
389.518	99.6116
388.687	99.6753
387.86	99.7234
387.036	99.7594
386.216	99.7895
385.399	99.8205
384.586	99.8575
383.776	99.9021
382.969	99.9515
382.166	99.9993
381.367	100.037
380.57	100.057
379.777	100.056
378.987	100.033
378.201	99.9945
377.418	99.9517
376.638	99.9155
375.861	99.8954
375.087	99.8955
374.317	99.9135
373.55	99.9403
372.785	99.9635
372.024	99.9702
371.267	99.9514
370.512	99.9047
369.76	99.8354
369.011	99.7546
368.266	99.676
367.523	99.6124
366.783	99.5711
366.047	99.5527
365.313	99.5514
364.582	99.5573
363.854	99.5599
363.129	99.5523
362.407	99.5329
361.688	99.506
360.971	99.4792
360.258	99.4602
359.547	99.4538
358.839	99.4592
358.134	99.4709
357.432	99.4807
356.732	99.4811
356.035	99.4689
355.341	99.4466
354.649	99.4211
353.96	99.4013
353.274	99.3939
352.591	99.4003
351.91	99.4162
351.232	99.4334
350.556	99.4431
349.883	99.4405
349.213	99.4265
348.545	99.4079
347.879	99.3939
347.217	99.3923
346.556	99.4055
345.899	99.4293
345.243	99.4549
344.591	99.473
343.94	99.4778
343.292	99.4702
342.647	99.4571
342.004	99.4485
341.363	99.4523
340.725	99.4708
340.089	99.4992
339.456	99.5283
338.825	99.5483
338.196	99.5541
337.569	99.5479
336.945	99.5382
336.324	99.5359
335.704	99.5487
335.087	99.5776
334.472	99.6158
333.859	99.652
333.249	99.6757
332.64	99.6828
332.034	99.6774
331.43	99.6704
330.829	99.6745
330.229	99.6975
329.632	99.7386
329.037	99.7881
328.444	99.8315
327.853	99.8565
327.264	99.8586
326.678	99.8436
326.093	99.8256
325.511	99.8204
324.93	99.8387
324.352	99.881
323.776	99.9375
323.201	99.9924
322.629	100.031
322.059	100.045
321.491	100.036
320.925	100.014
320.361	99.9873
319.799	99.9636
319.238	99.9413
318.68	99.9123
318.124	99.8675
317.57	99.8025
317.017	99.7227
316.467	99.6423
315.918	99.5802
315.371	99.5517
314.826	99.5623
314.284	99.6048
313.743	99.662
313.203	99.7144
312.666	99.7482
312.13	99.7607
311.597	99.7606
311.065	99.7629
310.535	99.7814
310.007	99.8213
309.48	99.8774
308.956	99.9365
308.433	99.9845
307.912	100.013
307.392	100.026
306.875	100.032
306.359	100.048
305.845	100.085
305.332	100.142
304.821	100.212
304.312	100.28
303.805	100.331
303.3	100.361
302.796	100.374
302.293	100.382
301.793	100.4
301.294	100.436
300.797	100.486
300.301	100.54
299.807	100.582
299.314	100.603
298.824	100.601
298.335	100.583
297.847	100.563
297.361	100.552
296.877	100.549
296.394	100.547
295.912	100.529
295.433	100.481
294.955	100.398
294.478	100.29
294.003	100.178
293.529	100.089
293.057	100.041
292.587	100.039
292.118	100.071
291.65	100.113
291.184	100.143
290.72	100.147
290.257	100.124
289.795	100.088
289.335	100.059
288.877	100.051
288.419	100.068
287.964	100.1
287.509	100.13
287.057	100.143
286.605	100.134
286.155	100.109
285.706	100.082
285.259	100.071
284.813	100.081
284.369	100.108
283.926	100.139
283.484	100.155
283.044	100.148
282.605	100.12
282.168	100.087
281.731	100.069
281.297	100.082
280.863	100.124
280.431	100.182
280	100.23
