1200	99.7309
1192.15	99.7303
1184.4	99.7303
1176.75	99.7294
1169.21	99.7266
1161.75	99.7229
1154.39	99.7201
1147.13	99.7192
1139.95	99.7194
1132.86	99.719
1125.87	99.7168
1118.95	99.7136
1112.13	99.7109
1105.38	99.7101
1098.72	99.7107
1092.13	99.7111
1085.63	99.71
1079.2	99.7076
1072.84	99.7054
1066.56	99.7051
1060.36	99.7064
1054.23	99.708
1048.16	99.7081
1042.17	99.7069
1036.24	99.7056
1030.38	99.706
1024.59	99.7082
1018.86	99.711
1013.2	99.7126
1007.6	99.7128
1002.06	99.7126
996.576	99.7138
991.156	99.7169
985.795	99.7209
980.491	99.7241
975.244	99.7257
970.053	99.7266
964.917	99.7286
959.835	99.7325
954.806	99.7375
949.83	99.742
944.905	99.7449
940.031	99.7469
935.207	99.7494
930.433	99.7539
925.707	99.7596
921.028	99.7651
916.397	99.7691
911.812	99.7717
907.273	99.7746
902.778	99.7791
898.328	99.7852
893.922	99.7912
889.559	99.7957
885.238	99.7987
880.958	99.8016
876.72	99.8058
872.523	99.8115
868.365	99.8175
864.247	99.8222
860.168	99.8251
856.127	99.8275
852.124	99.8309
848.159	99.8358
844.23	99.8412
840.337	99.8455
836.48	99.8479
832.658	99.8493
828.871	99.8515
825.118	99.8552
821.399	99.8595
817.714	99.8629
814.061	99.8643
810.441	99.8647
806.853	99.8654
803.296	99.8675
799.771	99.8703
796.277	99.8724
792.813	99.8727
789.379	99.8718
785.974	99.871
782.599	99.8714
779.253	99.8725
775.935	99.8731
772.645	99.8721
769.383	99.87
766.149	99.8681
762.941	99.8671
759.761	99.8666
756.606	99.8655
753.478	99.8632
750.376	99.8605
747.299	99.8584
744.247	99.857
741.22	99.8551
738.218	99.8518
735.239	99.8478
732.285	99.8455
729.354	99.8468
726.447	99.8501
723.563	99.8504
720.702	99.8429
717.863	99.8284
715.046	99.8143
712.251	99.8103
709.479	99.8204
706.727	99.8383
703.997	99.8505
701.288	99.8462
698.6	99.8265
695.932	99.8046
693.285	99.7956
690.657	99.8047
688.05	99.8218
685.462	99.8296
682.893	99.8183
680.344	99.7943
677.814	99.7761
675.302	99.7781
672.809	99.7984
670.334	99.8187
667.878	99.8197
665.439	99.7983
663.018	99.7713
660.615	99.762
658.229	99.7799
655.86	99.811
653.508	99.8283
651.173	99.8154
648.854	99.7818
646.553	99.758
644.267	99.77
641.997	99.8156
639.744	99.8626
637.506	99.8727
635.283	99.8329
633.077	99.7687
630.885	99.7274
628.709	99.7416
626.547	99.8039
624.4	99.8714
622.268	99.899
620.151	99.8735
618.048	99.8229
615.959	99.7925
613.884	99.8085
611.823	99.8574
609.776	99.8992
607.742	99.9012
605.723	99.8655
603.716	99.8257
601.723	99.8183
599.742	99.8515
597.775	99.8988
595.821	99.9218
593.879	99.9027
591.95	99.8589
590.034	99.8282
588.13	99.8362
586.238	99.8752
584.358	99.9118
582.49	99.915
580.634	99.8829
578.79	99.8431
576.958	99.8287
575.137	99.8501
573.328	99.8872
571.53	99.9068
569.743	99.8918
567.967	99.8551
566.203	99.8276
564.449	99.8312
562.706	99.8604
560.974	99.8876
559.253	99.8879
557.542	99.8603
555.841	99.8278
554.151	99.8172
552.471	99.8356
550.802	99.8645
549.142	99.8772
547.492	99.8618
545.852	99.8318
544.222	99.8134
542.602	99.8225
540.991	99.8511
539.39	99.8747
537.798	99.8739
536.216	99.8511
534.643	99.8273
533.079	99.8224
531.524	99.8373
529.979	99.8536
528.442	99.8508
526.914	99.8258
525.395	99.7968
523.885	99.7874
522.383	99.8051
520.89	99.8342
519.405	99.8484
517.929	99.8346
516.461	99.8046
515.002	99.7854
513.551	99.796
512.108	99.8293
510.673	99.8572
509.246	99.8537
507.827	99.8174
506.415	99.7736
505.012	99.7549
503.616	99.7746
502.229	99.8164
500.848	99.8481
499.476	99.8472
498.111	99.8181
496.753	99.7862
495.402	99.7755
494.059	99.7893
492.724	99.8093
491.395	99.8132
490.074	99.7941
488.759	99.7661
487.452	99.7508
486.152	99.7578
484.858	99.7772
483.572	99.7882
482.292	99.7782
481.019	99.7527
479.753	99.7305
478.493	99.7268
477.24	99.7401
475.994	99.7548
474.754	99.7547
473.52	99.7374
472.293	99.7155
471.072	99.7049
469.858	99.711
468.649	99.7247
467.447	99.7312
466.251	99.7232
465.062	99.7069
463.878	99.6957
462.7	99.6981
461.528	99.7104
460.362	99.7208
459.202	99.7204
458.048	99.7106
456.9	99.7017
455.757	99.7027
454.62	99.7137
453.489	99.7267
452.363	99.7331
451.243	99.7315
450.129	99.7285
449.02	99.7317
447.916	99.7426
446.818	99.7555
445.725	99.763
444.638	99.7624
443.556	99.7569
442.479	99.7495
441.407	99.7384
440.34	99.7172
439.279	99.6822
438.223	99.6391
437.171	99.6022
436.125	99.5848
435.084	99.5892
434.048	99.6035
433.017	99.6117
431.99	99.6056
430.969	99.5919
429.952	99.5854
428.94	99.5954
427.933	99.6173
426.93	99.6352
425.932	99.6365
424.939	99.6222
423.951	99.6071
422.967	99.6064
421.987	99.623
421.012	99.6442
420.042	99.6532
419.076	99.6433
418.115	99.6243
417.158	99.6136
416.205	99.6214
415.257	99.6416
414.313	99.6571
413.373	99.655
412.437	99.6376
411.506	99.6203
410.579	99.6181
409.656	99.6321
408.737	99.6489
407.823	99.6525
406.912	99.6385
406.005	99.6179
405.103	99.6071
404.204	99.6137
403.31	99.6292
402.419	99.6374
401.533	99.6284
400.65	99.6077
399.771	99.5911
398.896	99.5905
398.025	99.6034
397.157	99.6152
396.294	99.612
395.434	99.5936
394.578	99.5732
393.725	99.5657
392.877	99.5743
392.031	99.5876
391.19	99.59
390.352	99.5755
389.518	99.5531
388.687	99.539
387.86	99.5417
387.036	99.5547
386.216	99.5625
385.399	99.5545
384.586	99.535
383.776	99.519
382.969	99.5186
382.166	99.5315
381.367	99.5429
380.57	99.5381
379.777	99.5161
378.987	99.491
378.201	99.4798
377.418	99.4877
376.638	99.5041
375.861	99.5117
375.087	99.5023
374.317	99.4836
373.55	99.4722
372.785	99.4786
372.024	99.4972
371.267	99.5118
370.512	99.5098
369.76	99.4935
369.011	99.4783
368.266	99.4782
367.523	99.4929
366.783	99.508
366.047	99.5075
365.313	99.4894
364.582	99.4678
363.854	99.4611
363.129	99.4751
362.407	99.4971
361.688	99.5059
360.971	99.4901
360.258	99.4584
359.547	99.4333
358.839	99.4317
358.134	99.4515
357.432	99.4729
356.732	99.4757
356.035	99.4564
355.341	99.4305
354.649	99.4192
353.96	99.4305
353.274	99.4524
352.591	99.4638
351.91	99.4525
351.232	99.4255
350.556	99.4028
349.883	99.3997
349.213	99.4142
348.545	99.4294
347.879	99.4286
347.217	99.4101
346.556	99.3881
345.899	99.3793
345.243	99.3883
344.591	99.4037
343.94	99.409
343.292	99.3971
342.647	99.3769
342.004	99.3646
341.363	99.3689
340.725	99.3836
340.089	99.393
339.456	99.3867
338.825	99.3687
338.196	99.3536
337.569	99.3534
336.945	99.3665
336.324	99.3791
335.704	99.3779
335.087	99.3626
334.472	99.3457
333.859	99.3417
333.249	99.3534
332.64	99.3693
332.034	99.374
331.43	99.3622
330.829	99.344
330.229	99.3354
329.632	99.3445
329.037	99.3629
328.444	99.3738
327.853	99.3661
327.264	99.3454
326.678	99.3288
326.093	99.3305
325.511	99.349
324.93	99.3683
324.352	99.3719
323.776	99.357
323.201	99.337
322.629	99.3292
322.059	99.3396
321.491	99.3579
320.925	99.3672
320.361	99.3591
319.799	99.3409
319.238	99.3283
318.68	99.3309
318.124	99.3431
317.57	99.3499
317.017	99.3414
316.467	99.3229
315.918	99.3101
315.371	99.3143
314.826	99.3311
314.284	99.3427
313.743	99.3339
313.203	99.3067
312.666	99.2796
312.13	99.272
311.597	99.2864
311.065	99.3056
310.535	99.3069
310.007	99.2834
309.48	99.2514
308.956	99.2373
308.433	99.2545
307.912	99.2904
307.392	99.3155
306.875	99.3081
306.359	99.2735
305.845	99.2401
305.332	99.2358
304.821	99.2634
304.312	99.298
303.805	99.3075
303.3	99.2808
302.796	99.237
302.293	99.2095
301.793	99.2165
301.294	99.2451
300.797	99.2618
300.301	99.2419
299.807	99.1916
299.314	99.144
298.824	99.1309
298.335	99.1558
297.847	99.1907
297.361	99.2001
296.877	99.1716
296.394	99.1266
295.912	99.1016
295.433	99.1162
294.955	99.1559
294.478	99.1846
294.003	99.1755
293.529	99.1351
293.057	99.0971
292.587	99.0931
292.118	99.1249
291.65	99.1627
291.184	99.1715
290.72	99.1413
290.257	99.0968
289.795	99.0752
289.335	99.0942
288.877	99.1356
288.419	99.1616
287.964	99.1478
287.509	99.1045
287.057	99.0684
286.605	99.0702
286.155	99.1075
285.706	99.1467
285.259	99.152
284.813	99.1173
284.369	99.0717
283.926	99.0541
283.484	99.0791
283.044	99.1241
282.605	99.1483
282.168	99.129
281.731	99.0813
281.297	99.0458
280.863	99.0525
280.431	99.0948
280	99.1345
