1200	0.388581
1192.15	0.387966
1184.4	0.387069
1176.75	0.386159
1169.21	0.385368
1161.75	0.384596
1154.39	0.383572
1147.13	0.382053
1139.95	0.379991
1132.86	0.377568
1125.87	0.375059
1118.95	0.372634
1112.13	0.370234
1105.38	0.367611
1098.72	0.36451
1092.13	0.360849
1085.63	0.356784
1079.2	0.352588
1072.84	0.348464
1066.56	0.344394
1060.36	0.340156
1054.23	0.335491
1048.16	0.330289
1042.17	0.324674
1036.24	0.318916
1030.38	0.313238
1024.59	0.307665
1018.86	0.302007
1013.2	0.296006
1007.6	0.289525
1002.06	0.282656
996.576	0.275656
991.156	0.268767
985.795	0.262054
980.491	0.255363
975.244	0.24844
970.053	0.241126
964.917	0.233475
959.835	0.225725
954.806	0.218134
949.83	0.210806
944.905	0.203627
940.031	0.196355
935.207	0.188805
930.433	0.180989
925.707	0.173118
921.028	0.165459
916.397	0.158157
911.812	0.151142
907.273	0.144189
902.778	0.137088
898.328	0.129803
893.922	0.12251
889.559	0.11548
885.238	0.108905
880.958	0.102768
876.72	0.0968613
872.523	0.0909446
868.365	0.0849171
864.247	0.078902
860.168	0.073172
856.127	0.0679705
852.124	0.0633477
848.159	0.0591313
844.23	0.0550573
840.337	0.0509827
836.48	0.0470387
832.658	0.0436133
828.871	0.0411538
825.118	0.0398925
821.399	0.0396536
817.714	0.0398579
814.061	0.039737
810.441	0.0386478
806.853	0.0363284
803.296	0.0329675
799.771	0.029068
796.277	0.0251894
792.813	0.0217145
789.379	0.0187514
785.974	0.016198
782.599	0.0138982
779.253	0.0117814
775.935	0.00990161
772.645	0.00837272
769.383	0.00726367
766.149	0.0065393
762.941	0.0060903
759.761	0.00582645
756.606	0.00575775
753.478	0.00599638
750.376	0.0066706
747.299	0.00780956
744.247	0.00928561
741.22	0.0108653
738.218	0.0123449
735.239	0.013682
732.285	0.0150305
729.354	0.0166437
726.447	0.0187001
723.563	0.0211586
720.702	0.0237372
717.863	0.0260328
715.046	0.0277139
712.251	0.0286806
709.479	0.0291128
706.727	0.029401
703.997	0.0300183
701.288	0.0314017
698.6	0.033877
695.932	0.0376159
693.285	0.0426002
690.657	0.0485961
688.05	0.055182
685.462	0.0618676
682.893	0.0682896
680.344	0.0743854
677.814	0.0804203
675.302	0.0868027
672.809	0.0937569
670.334	0.101046
667.878	0.10794
665.439	0.113497
663.018	0.117003
660.615	0.1183
658.229	0.117752
655.86	0.115831
653.508	0.112581
651.173	0.107324
648.854	0.0988657
646.553	0.0861541
644.267	0.0690265
641.997	0.0486314
639.744	0.027304
637.506	0.00805954
635.283	-0.00587204
633.077	-0.0111072
630.885	-0.00377248
628.709	0.020775
626.547	0.0675448
624.4	0.140499
622.268	0.240453
620.151	0.363249
618.048	0.499334
615.959	0.635376
613.884	0.757578
611.823	0.855472
609.776	0.924579
607.742	0.966844
605.723	0.988774
603.716	0.998288
601.723	1.00179
599.742	1.00264
597.775	1.00149
595.821	0.997638
593.879	0.990586
591.95	0.980788
590.034	0.96939
588.13	0.957437
586.238	0.945219
584.358	0.932239
582.49	0.917753
580.634	0.90143
578.79	0.883656
576.958	0.865279
575.137	0.847023
573.328	0.829023
571.53	0.810788
569.743	0.791614
567.967	0.771123
566.203	0.749543
564.449	0.727567
562.706	0.705902
560.974	0.684839
559.253	0.664139
557.542	0.643278
555.841	0.621858
554.151	0.5999
552.471	0.577824
550.802	0.556182
549.142	0.53533
547.492	0.515268
545.852	0.495717
544.222	0.476354
542.602	0.457019
540.991	0.437783
539.39	0.418865
537.798	0.400481
536.216	0.382736
534.643	0.365588
533.079	0.348863
531.524	0.332301
529.979	0.315608
528.442	0.298543
526.914	0.28102
525.395	0.263173
523.885	0.245286
522.383	0.227589
520.89	0.210036
519.405	0.192231
517.929	0.17367
516.461	0.154218
515.002	0.134556
513.551	0.116259
512.108	0.101371
510.673	0.0916942
509.246	0.088271
507.827	0.0914748
506.415	0.101695
505.012	0.120043
503.616	0.148265
502.229	0.187396
500.848	0.235558
499.476	0.286199
498.111	0.32836
496.753	0.349784
495.402	0.342191
494.059	0.306455
492.724	0.254884
491.395	0.208695
490.074	0.191001
488.759	0.21797
487.452	0.29207
486.152	0.400666
484.858	0.520807
483.572	0.628147
482.292	0.705914
481.019	0.749958
479.753	0.767925
478.493	0.773543
477.24	0.779288
475.994	0.791139
474.754	0.807621
473.52	0.822883
472.293	0.83147
471.072	0.831889
469.858	0.827156
468.649	0.822479
467.447	0.821856
466.251	0.825789
465.062	0.831362
463.878	0.834401
462.7	0.832186
461.528	0.825008
460.362	0.815742
459.202	0.807867
458.048	0.8033
456.9	0.801373
455.757	0.799476
454.62	0.79484
453.489	0.786258
452.363	0.774718
451.243	0.762645
450.129	0.752331
449.02	0.744585
447.916	0.738381
446.818	0.731659
445.725	0.722675
444.638	0.711058
443.556	0.697945
442.479	0.685208
441.407	0.674297
440.34	0.665434
439.279	0.657597
438.223	0.649248
437.171	0.639306
436.125	0.627776
435.084	0.615683
434.048	0.604413
433.017	0.594891
431.99	0.587086
430.969	0.580106
429.952	0.572791
428.94	0.564408
427.933	0.555068
426.93	0.545616
425.932	0.537113
424.939	0.530218
423.951	0.524831
422.967	0.520186
421.987	0.515312
421.012	0.509596
420.042	0.503118
419.076	0.49658
418.115	0.490893
417.158	0.486652
416.205	0.483799
415.257	0.481646
414.313	0.479236
413.373	0.475826
412.437	0.471242
411.506	0.465921
410.579	0.460658
409.656	0.456227
408.737	0.453075
407.823	0.451242
406.912	0.450488
406.005	0.450502
405.103	0.451041
404.204	0.451944
403.31	0.453045
402.419	0.454127
401.533	0.45498
400.65	0.45555
399.771	0.456062
398.896	0.456978
398.025	0.45877
397.157	0.461599
396.294	0.465118
395.434	0.468536
394.578	0.47098
393.725	0.471949
392.877	0.471622
392.031	0.470799
391.19	0.4705
390.352	0.471424
389.518	0.473579
388.687	0.476302
387.86	0.478651
387.036	0.479943
386.216	0.480114
385.399	0.479701
384.586	0.479472
383.776	0.479929
382.969	0.481001
382.166	0.482087
381.367	0.482417
380.57	0.481505
379.777	0.479414
378.987	0.476695
378.201	0.474065
377.418	0.472023
376.638	0.470638
375.861	0.469598
375.087	0.468466
374.317	0.466964
373.55	0.465103
372.785	0.463121
372.024	0.461287
371.267	0.459709
370.512	0.458275
369.76	0.456734
369.011	0.454852
368.266	0.452551
367.523	0.449944
366.783	0.447268
366.047	0.444759
365.313	0.442541
364.582	0.440564
363.854	0.438631
363.129	0.436481
362.407	0.433917
361.688	0.430932
360.971	0.427765
360.258	0.42485
359.547	0.42262
358.839	0.421243
358.134	0.420404
357.432	0.419294
356.732	0.41687
356.035	0.412344
355.341	0.405664
354.649	0.397735
353.96	0.390199
353.274	0.384817
352.591	0.38272
351.91	0.383905
351.232	0.38724
350.556	0.39101
349.883	0.393716
349.213	0.394736
348.545	0.394499
347.879	0.394107
347.217	0.394642
346.556	0.396542
345.899	0.399386
345.243	0.402177
344.591	0.403924
343.94	0.404178
343.292	0.403224
342.647	0.401865
342.004	0.400942
341.363	0.400898
340.725	0.401617
340.089	0.402594
339.456	0.403296
338.825	0.403484
338.196	0.403317
337.569	0.403212
336.945	0.403567
336.324	0.404538
335.704	0.405979
335.087	0.407576
334.472	0.409059
333.859	0.410373
333.249	0.411714
332.64	0.413415
332.034	0.415764
331.43	0.41885
330.829	0.422512
330.229	0.426424
329.632	0.430251
329.037	0.433805
328.444	0.437117
327.853	0.440375
327.264	0.443767
326.678	0.447291
326.093	0.450665
325.511	0.453396
324.93	0.454999
324.352	0.455264
323.776	0.45441
323.201	0.453011
322.629	0.451721
322.059	0.450932
321.491	0.450621
320.925	0.450518
320.361	0.450581
319.799	0.451507
319.238	0.454932
318.68	0.463075
318.124	0.477863
317.57	0.499903
317.017	0.52782
316.467	0.558382
315.918	0.58745
315.371	0.611368
314.826	0.628184
314.284	0.638113
313.743	0.643079
313.203	0.645619
312.666	0.647747
312.13	0.65035
311.597	0.653338
311.065	0.656344
310.535	0.65944
310.007	0.663385
309.48	0.669262
308.956	0.677712
308.433	0.688307
307.912	0.699447
307.392	0.708913
306.875	0.714768
306.359	0.71613
305.845	0.713402
305.332	0.707913
304.821	0.701212
304.312	0.694467
303.805	0.688271
303.3	0.682861
302.796	0.678492
302.293	0.675613
301.793	0.674692
301.294	0.675796
300.797	0.678264
300.301	0.680761
299.807	0.681763
299.314	0.680233
298.824	0.676072
298.335	0.670063
297.847	0.663343
297.361	0.656733
296.877	0.650392
296.394	0.643997
295.912	0.637323
295.433	0.630755
294.955	0.625278
294.478	0.621826
294.003	0.620355
293.529	0.619315
293.057	0.61609
292.587	0.608426
292.118	0.596204
291.65	0.582524
291.184	0.573252
290.72	0.57492
290.257	0.591817
289.795	0.623666
289.335	0.665179
288.877	0.707876
288.419	0.743432
287.964	0.766984
287.509	0.778784
287.057	0.783458
286.605	0.787309
286.155	0.795142
285.706	0.808227
285.259	0.824337
284.813	0.839629
284.369	0.851133
283.926	0.858415
283.484	0.863536
283.044	0.869513
282.605	0.87832
282.168	0.889697
281.731	0.901416
281.297	0.910769
280.863	0.916271
280.431	0.918527
280	0.91975
