1200	0.274334
1192.15	0.272926
1184.4	0.271305
1176.75	0.269168
1169.21	0.266614
1161.75	0.264022
1154.39	0.261579
1147.13	0.259047
1139.95	0.256072
1132.86	0.252637
1125.87	0.249093
1118.95	0.245723
1112.13	0.242396
1105.38	0.238744
1098.72	0.234639
1092.13	0.230362
1085.63	0.226262
1079.2	0.222329
1072.84	0.218222
1066.56	0.213712
1060.36	0.208983
1054.23	0.204413
1048.16	0.20011
1042.17	0.195795
1036.24	0.191169
1030.38	0.186297
1024.59	0.181544
1018.86	0.177124
1013.2	0.172851
1007.6	0.168386
1002.06	0.163675
996.576	0.159023
991.156	0.154726
985.795	0.150713
980.491	0.146647
975.244	0.142358
970.053	0.138061
964.917	0.134096
959.835	0.130514
954.806	0.127025
949.83	0.123362
944.905	0.119621
940.031	0.116146
935.207	0.113106
930.433	0.110296
925.707	0.107386
921.028	0.10434
916.397	0.101457
911.812	0.0990083
907.273	0.0969043
902.778	0.0947993
898.328	0.0925171
893.922	0.0902697
889.559	0.0884003
885.238	0.0869588
880.958	0.085631
876.72	0.084115
872.523	0.0824929
868.365	0.0811359
864.247	0.0802477
860.168	0.079598
856.127	0.078786
852.124	0.0777273
848.159	0.0767681
844.23	0.0762654
840.337	0.0761287
836.48	0.0758973
832.658	0.0752895
828.871	0.0745629
825.118	0.0742167
821.399	0.0743611
817.714	0.074528
814.061	0.0742056
810.441	0.0734825
806.853	0.0729844
803.296	0.0731034
799.771	0.0734298
796.277	0.0731549
792.813	0.0720609
789.379	0.0708943
785.974	0.0705041
782.599	0.070602
779.253	0.0696614
775.935	0.0663826
772.645	0.0613672
769.383	0.0571625
766.149	0.0563648
762.941	0.0594852
759.761	0.0646094
756.606	0.0691216
753.478	0.0717546
750.376	0.0730766
747.299	0.074275
744.247	0.0757784
741.22	0.0771083
738.218	0.077776
735.239	0.0779411
732.285	0.078096
729.354	0.0783637
726.447	0.0784119
723.563	0.0780564
720.702	0.077655
717.863	0.0776692
715.046	0.0779469
712.251	0.0777708
709.479	0.0767715
706.727	0.0755482
703.997	0.0749809
701.288	0.0748083
698.6	0.0732515
695.932	0.0686083
693.285	0.0615068
690.657	0.0553586
688.05	0.0540503
685.462	0.0587142
682.893	0.0665936
680.344	0.0731713
677.814	0.0756377
675.302	0.0745757
672.809	0.0725999
670.334	0.0716266
667.878	0.0714822
665.439	0.0708476
663.018	0.0690947
660.615	0.0669565
658.229	0.0655544
655.86	0.0651366
653.508	0.0649794
651.173	0.0643986
648.854	0.0635734
646.553	0.0632515
644.267	0.0637982
641.997	0.0647721
639.744	0.0654928
637.506	0.0658593
635.283	0.0664257
633.077	0.0676898
630.885	0.0694893
628.709	0.0712357
626.547	0.0726701
624.4	0.0742047
622.268	0.0764418
620.151	0.0794714
618.048	0.0828131
615.959	0.0860623
613.884	0.0894366
611.823	0.0935433
609.776	0.0986513
607.742	0.104368
605.723	0.110116
603.716	0.115805
601.723	0.121847
599.742	0.128478
597.775	0.135242
595.821	0.141273
593.879	0.145971
591.95	0.149144
590.034	0.1505
588.13	0.149593
586.238	0.147197
584.358	0.147317
582.49	0.157444
580.634	0.185398
578.79	0.234097
576.958	0.298092
575.137	0.365025
573.328	0.421508
571.53	0.459381
569.743	0.478181
567.967	0.482851
566.203	0.479319
564.449	0.471455
562.706	0.460823
560.974	0.448058
559.253	0.433901
557.542	0.419124
555.841	0.404054
554.151	0.388561
552.471	0.372523
550.802	0.356155
549.142	0.339827
547.492	0.323687
545.852	0.307593
544.222	0.2914
542.602	0.27522
540.991	0.25934
539.39	0.243947
537.798	0.229013
536.216	0.214448
534.643	0.200305
533.079	0.186774
531.524	0.174007
529.979	0.162011
528.442	0.150711
526.914	0.140076
525.395	0.130152
523.885	0.120968
522.383	0.112484
520.89	0.104623
519.405	0.097325
517.929	0.0905491
516.461	0.0842237
515.002	0.0782555
513.551	0.0725851
512.108	0.0671974
510.673	0.0620415
509.246	0.0569639
507.827	0.0517715
506.415	0.0463739
505.012	0.0408095
503.616	0.035074
502.229	0.028949
500.848	0.0220934
499.476	0.0143723
498.111	0.00605621
496.753	-0.00237569
495.402	-0.0105674
494.059	-0.0181232
492.724	-0.0237152
491.395	-0.0241751
490.074	-0.0148085
488.759	0.00851177
487.452	0.0464739
486.152	0.0947361
484.858	0.145107
483.572	0.18905
482.292	0.221303
481.019	0.241369
479.753	0.252249
478.493	0.25779
477.24	0.260655
475.994	0.261975
474.754	0.262178
473.52	0.261798
472.293	0.261543
471.072	0.261872
469.858	0.26276
468.649	0.263949
467.447	0.265352
466.251	0.267182
465.062	0.269706
463.878	0.272986
462.7	0.276892
461.528	0.281337
460.362	0.286437
459.202	0.29245
458.048	0.299612
456.9	0.308072
455.757	0.317935
454.62	0.329216
453.489	0.34166
452.363	0.354596
451.243	0.3671
450.129	0.378435
449.02	0.388431
447.916	0.397435
446.818	0.405889
445.725	0.413913
444.638	0.421264
443.556	0.427656
442.479	0.433063
441.407	0.437707
440.34	0.441779
439.279	0.445245
438.223	0.44792
437.171	0.449719
436.125	0.450777
435.084	0.451309
434.048	0.451375
433.017	0.450838
431.99	0.449545
430.969	0.447538
429.952	0.44503
428.94	0.442189
427.933	0.438961
426.93	0.435162
425.932	0.430733
424.939	0.425863
423.951	0.420822
422.967	0.415677
421.987	0.410237
421.012	0.404309
420.042	0.397989
419.076	0.391622
418.115	0.385436
417.158	0.379275
416.205	0.372777
415.257	0.365834
414.313	0.358808
413.373	0.352157
412.437	0.345864
411.506	0.339344
410.579	0.332082
409.656	0.324388
408.737	0.317382
407.823	0.312072
406.912	0.30835
406.005	0.304928
405.103	0.300322
404.204	0.293979
403.31	0.286528
402.419	0.279082
401.533	0.272419
400.65	0.266778
399.771	0.262194
398.896	0.258724
398.025	0.256284
397.157	0.254471
396.294	0.252819
395.434	0.251267
394.578	0.25019
393.725	0.249802
392.877	0.249619
392.031	0.248802
391.19	0.247156
390.352	0.245611
389.518	0.245303
388.687	0.245994
387.86	0.245638
387.036	0.241969
386.216	0.234899
385.399	0.227293
384.586	0.223027
383.776	0.223855
382.969	0.227906
382.166	0.231195
381.367	0.230747
380.57	0.22658
379.777	0.22102
378.987	0.21642
378.201	0.213518
377.418	0.211697
376.638	0.210385
375.861	0.209921
375.087	0.211124
374.317	0.214234
373.55	0.218442
372.785	0.222461
372.024	0.225531
371.267	0.227877
370.512	0.230289
369.76	0.233277
369.011	0.236557
368.266	0.239259
367.523	0.240609
366.783	0.2405
366.047	0.2395
365.313	0.238366
364.582	0.237547
363.854	0.237116
363.129	0.237087
362.407	0.237686
361.688	0.239177
360.971	0.241437
360.258	0.243827
359.547	0.24566
358.839	0.246827
358.134	0.247859
357.432	0.249258
356.732	0.250795
356.035	0.2516
355.341	0.251065
354.649	0.24955
353.96	0.248055
353.274	0.24713
352.591	0.246265
351.91	0.244517
351.232	0.2417
350.556	0.23869
349.883	0.236288
349.213	0.233828
348.545	0.22928
347.879	0.221169
347.217	0.210606
346.556	0.201216
345.899	0.196634
345.243	0.197592
344.591	0.201221
343.94	0.203233
343.292	0.201096
342.647	0.195525
342.004	0.189268
341.363	0.184588
340.725	0.18173
340.089	0.179438
339.456	0.176595
338.825	0.173284
338.196	0.170414
337.569	0.168606
336.945	0.167568
336.324	0.166524
335.704	0.165079
335.087	0.163573
334.472	0.162599
333.859	0.162307
333.249	0.162241
332.64	0.16187
332.034	0.161173
331.43	0.160629
330.829	0.160652
330.229	0.161109
329.632	0.161472
329.037	0.161418
328.444	0.161172
327.853	0.161224
327.264	0.161742
326.678	0.162373
326.093	0.162658
325.511	0.162577
324.93	0.162568
324.352	0.163015
323.776	0.163805
323.201	0.164486
322.629	0.16483
322.059	0.165123
321.491	0.16583
320.925	0.167047
320.361	0.168398
319.799	0.169513
319.238	0.170482
318.68	0.171756
318.124	0.173591
317.57	0.175735
317.017	0.177734
316.467	0.179476
315.918	0.181309
315.371	0.183589
314.826	0.186216
314.284	0.188727
313.743	0.190839
313.203	0.192756
312.666	0.194877
312.13	0.197263
311.597	0.199525
311.065	0.20127
310.535	0.202539
310.007	0.203718
309.48	0.205018
308.956	0.206201
308.433	0.206859
307.912	0.206917
307.392	0.206708
306.875	0.206565
306.359	0.206422
305.845	0.205932
305.332	0.204927
304.821	0.203644
304.312	0.202436
303.805	0.201355
303.3	0.200119
302.796	0.198499
302.293	0.196618
301.793	0.194787
301.294	0.193106
300.797	0.191356
300.301	0.189308
299.807	0.187036
299.314	0.184814
298.824	0.182736
298.335	0.180586
297.847	0.178177
297.361	0.175726
296.877	0.173719
296.394	0.172316
295.912	0.170988
295.433	0.168916
294.955	0.165811
294.478	0.162299
294.003	0.159384
293.529	0.157522
293.057	0.156235
292.587	0.154628
292.118	0.152224
291.65	0.149209
291.184	0.145947
290.72	0.142472
290.257	0.138713
289.795	0.135425
289.335	0.134877
288.877	0.140374
288.419	0.154589
287.964	0.177728
287.509	0.206827
287.057	0.236755
286.605	0.262414
286.155	0.280798
285.706	0.291791
285.259	0.297397
284.813	0.300154
284.369	0.301827
283.926	0.303078
283.484	0.303956
283.044	0.304487
282.605	0.304866
282.168	0.305259
281.731	0.305655
281.297	0.305982
280.863	0.306308
280.431	0.306856
280	0.307791
