1200	99.63
1192.15	99.6238
1184.4	99.6201
1176.75	99.6209
1169.21	99.6237
1161.75	99.6243
1154.39	99.6208
1147.13	99.6161
1139.95	99.6145
1132.86	99.6174
1125.87	99.6215
1118.95	99.6229
1112.13	99.6205
1105.38	99.6176
1098.72	99.6183
1092.13	99.6232
1085.63	99.6287
1079.2	99.6309
1072.84	99.6297
1066.56	99.6286
1060.36	99.6315
1054.23	99.6382
1048.16	99.6449
1042.17	99.6478
1036.24	99.6476
1030.38	99.6483
1024.59	99.6532
1018.86	99.6614
1013.2	99.6688
1007.6	99.6721
1002.06	99.6727
996.576	99.6747
991.156	99.6811
985.795	99.6903
980.491	99.6978
975.244	99.7011
970.053	99.702
964.917	99.705
959.835	99.7124
954.806	99.7219
949.83	99.7289
944.905	99.7316
940.031	99.7323
935.207	99.7357
930.433	99.7434
925.707	99.7525
921.028	99.7584
916.397	99.7598
911.812	99.76
907.273	99.7633
902.778	99.7706
898.328	99.7786
893.922	99.7828
889.559	99.7825
885.238	99.7815
880.958	99.7842
876.72	99.7907
872.523	99.797
868.365	99.7989
864.247	99.7966
860.168	99.7942
856.127	99.7959
852.124	99.8011
848.159	99.8054
844.23	99.8047
840.337	99.8001
836.48	99.7963
832.658	99.7969
828.871	99.8007
825.118	99.8027
821.399	99.7994
817.714	99.7927
814.061	99.7875
810.441	99.7872
806.853	99.7895
803.296	99.7894
799.771	99.7837
796.277	99.7751
792.813	99.769
789.379	99.7681
785.974	99.7694
782.599	99.7674
779.253	99.7598
775.935	99.7499
772.645	99.7435
769.383	99.7426
766.149	99.7433
762.941	99.74
759.761	99.731
756.606	99.7207
753.478	99.7148
750.376	99.7146
747.299	99.7153
744.247	99.7114
741.22	99.7018
738.218	99.6918
735.239	99.6872
732.285	99.6884
729.354	99.6899
726.447	99.6858
723.563	99.6763
720.702	99.6674
717.863	99.665
715.046	99.6683
712.251	99.671
709.479	99.6673
706.727	99.6583
703.997	99.6512
701.288	99.6515
698.6	99.6574
695.932	99.6615
693.285	99.6583
690.657	99.6502
688.05	99.6452
685.462	99.6486
682.893	99.6573
680.344	99.6628
677.814	99.66
675.302	99.6528
672.809	99.65
670.334	99.6566
667.878	99.668
665.439	99.6745
663.018	99.6717
660.615	99.6649
658.229	99.6642
655.86	99.674
653.508	99.6877
651.173	99.6946
648.854	99.6908
646.553	99.6839
644.267	99.6851
641.997	99.6979
639.744	99.7136
637.506	99.7198
635.283	99.7139
633.077	99.7059
630.885	99.7089
628.709	99.7248
626.547	99.7418
624.4	99.7461
622.268	99.7364
620.151	99.7265
618.048	99.7314
615.959	99.751
613.884	99.7692
611.823	99.7696
609.776	99.7537
607.742	99.7408
605.723	99.7491
603.716	99.7753
601.723	99.7952
599.742	99.7878
597.775	99.7592
595.821	99.7406
593.879	99.7594
591.95	99.8078
590.034	99.8433
588.13	99.8243
586.238	99.7514
584.358	99.6747
582.49	99.6552
580.634	99.7125
578.79	99.805
576.958	99.863
575.137	99.8472
573.328	99.781
571.53	99.727
569.743	99.7309
567.967	99.7816
566.203	99.8253
564.449	99.8176
562.706	99.7656
560.974	99.719
559.253	99.722
557.542	99.7706
555.841	99.8168
554.151	99.815
552.471	99.7655
550.802	99.7142
549.142	99.7079
547.492	99.7502
545.852	99.7983
544.222	99.8044
542.602	99.7611
540.991	99.7077
539.39	99.692
537.798	99.7245
536.216	99.7698
534.643	99.7812
533.079	99.7458
531.524	99.6958
529.979	99.6762
528.442	99.7016
526.914	99.7431
525.395	99.7572
523.885	99.7283
522.383	99.6831
520.89	99.6631
519.405	99.6844
517.929	99.7229
516.461	99.7384
515.002	99.7145
513.551	99.6737
512.108	99.6544
510.673	99.6732
509.246	99.7092
507.827	99.7254
506.415	99.7053
505.012	99.6683
503.616	99.6499
502.229	99.6667
500.848	99.7003
499.476	99.7166
498.111	99.6992
496.753	99.6653
495.402	99.6477
494.059	99.6625
492.724	99.6935
491.395	99.7091
490.074	99.6936
488.759	99.6622
487.452	99.6453
486.152	99.6584
484.858	99.6868
483.572	99.7013
482.292	99.6871
481.019	99.6579
479.753	99.6421
478.493	99.6538
477.24	99.68
475.994	99.6935
474.754	99.6806
473.52	99.6539
472.293	99.6394
471.072	99.6503
469.858	99.6743
468.649	99.6863
467.447	99.674
466.251	99.6492
465.062	99.636
463.878	99.646
462.7	99.6675
461.528	99.6776
460.362	99.6651
459.202	99.642
458.048	99.6304
456.9	99.6405
455.757	99.6605
454.62	99.6691
453.489	99.6567
452.363	99.6352
451.243	99.6254
450.129	99.636
449.02	99.6548
447.916	99.6616
446.818	99.6485
445.725	99.628
444.638	99.6199
443.556	99.6312
442.479	99.649
441.407	99.6537
440.34	99.6389
439.279	99.6181
438.223	99.6108
437.171	99.6229
436.125	99.6402
435.084	99.6433
434.048	99.6266
433.017	99.6046
431.99	99.5972
430.969	99.6098
429.952	99.6275
428.94	99.6301
427.933	99.6125
426.93	99.5898
425.932	99.5827
424.939	99.5965
423.951	99.6154
422.967	99.6177
421.987	99.5973
421.012	99.5699
420.042	99.5583
419.076	99.571
418.115	99.594
417.158	99.6047
416.205	99.5932
415.257	99.5706
414.313	99.5573
413.373	99.5633
412.437	99.5793
411.506	99.5866
410.579	99.5757
409.656	99.5541
408.737	99.5379
407.823	99.5351
406.912	99.5395
406.005	99.538
405.103	99.5252
404.204	99.5079
403.31	99.4968
402.419	99.4942
401.533	99.4921
400.65	99.481
399.771	99.4614
398.896	99.4442
398.025	99.4393
397.157	99.4452
396.294	99.4492
395.434	99.4409
394.578	99.4226
393.725	99.4077
392.877	99.4067
392.031	99.4156
391.19	99.4194
390.352	99.4067
389.518	99.382
388.687	99.3619
387.86	99.3584
387.036	99.3665
386.216	99.3687
385.399	99.3522
384.586	99.3223
383.776	99.2976
382.969	99.2919
382.166	99.3002
381.367	99.3032
380.57	99.2867
379.777	99.256
378.987	99.2312
378.201	99.2271
377.418	99.2387
376.638	99.2454
375.861	99.2315
375.087	99.2021
374.317	99.1786
373.55	99.1771
372.785	99.1929
372.024	99.204
371.267	99.1935
370.512	99.166
369.76	99.1439
369.011	99.1449
368.266	99.1646
367.523	99.1804
366.783	99.1738
366.047	99.1489
365.313	99.1287
364.582	99.1321
363.854	99.1555
363.129	99.1757
362.407	99.173
361.688	99.1508
360.971	99.1323
360.258	99.1376
359.547	99.1636
358.839	99.187
358.134	99.187
357.432	99.1662
356.732	99.1481
356.035	99.1536
355.341	99.1805
354.649	99.2051
353.96	99.206
353.274	99.1849
352.591	99.1654
351.91	99.1695
351.232	99.1955
350.556	99.2199
349.883	99.2202
349.213	99.1976
348.545	99.1756
347.879	99.1771
347.217	99.2013
346.556	99.2247
345.899	99.2239
345.243	99.1992
344.591	99.1743
343.94	99.1727
343.292	99.1947
342.647	99.2167
342.004	99.2148
341.363	99.1881
340.725	99.1601
340.089	99.1553
339.456	99.1748
338.825	99.1954
338.196	99.1923
337.569	99.1638
336.945	99.133
336.324	99.125
335.704	99.142
335.087	99.1611
334.472	99.157
333.859	99.1271
333.249	99.0939
332.64	99.0831
332.034	99.0978
331.43	99.1156
330.829	99.1109
330.229	99.0802
329.632	99.0455
329.037	99.0326
328.444	99.0456
327.853	99.0627
327.264	99.058
326.678	99.0274
326.093	98.9923
325.511	98.9788
324.93	98.9914
324.352	99.0086
323.776	99.0047
323.201	98.9748
322.629	98.9404
322.059	98.9275
321.491	98.941
320.925	98.9597
320.361	98.9573
319.799	98.9287
319.238	98.8955
318.68	98.8839
318.124	98.8995
317.57	98.9207
317.017	98.9208
316.467	98.8941
315.918	98.8622
315.371	98.8524
314.826	98.8705
314.284	98.8951
313.743	98.8983
313.203	98.8739
312.666	98.8434
312.13	98.8351
311.597	98.8557
311.065	98.8838
310.535	98.8906
310.007	98.8686
309.48	98.8392
308.956	98.8319
308.433	98.8546
307.912	98.8859
307.392	98.896
306.875	98.876
306.359	98.8471
305.845	98.8394
305.332	98.8624
304.821	98.8954
304.312	98.9075
303.805	98.8883
303.3	98.8581
302.796	98.848
302.293	98.8689
301.793	98.9012
301.294	98.9136
300.797	98.8945
300.301	98.8633
299.807	98.8512
299.314	98.8701
298.824	98.9007
298.335	98.9114
297.847	98.8903
297.361	98.8579
296.877	98.8474
296.394	98.8716
295.912	98.9089
295.433	98.9224
294.955	98.8951
294.478	98.847
294.003	98.8175
293.529	98.8297
293.057	98.8705
292.587	98.904
292.118	98.9053
291.65	98.8813
291.184	98.8599
290.72	98.8598
290.257	98.8707
289.795	98.8637
289.335	98.8207
288.877	98.7541
288.419	98.6963
287.964	98.6714
287.509	98.6745
287.057	98.6798
286.605	98.6675
286.155	98.6419
285.706	98.625
285.259	98.6319
284.813	98.6546
284.369	98.6704
283.926	98.6649
283.484	98.6471
283.044	98.6393
282.605	98.6542
282.168	98.6813
281.731	98.697
281.297	98.6892
280.863	98.6699
280.431	98.6632
280	98.6811
