1200	1.77625
1192.15	1.76916
1184.4	1.76221
1176.75	1.75453
1169.21	1.7457
1161.75	1.73609
1154.39	1.72656
1147.13	1.71794
1139.95	1.71042
1132.86	1.70348
1125.87	1.6962
1118.95	1.68789
1112.13	1.67854
1105.38	1.66881
1098.72	1.65963
1092.13	1.65155
1085.63	1.6444
1079.2	1.63736
1072.84	1.62958
1066.56	1.62065
1060.36	1.61096
1054.23	1.60139
1048.16	1.59274
1042.17	1.58522
1036.24	1.57828
1030.38	1.57099
1024.59	1.56267
1018.86	1.55333
1013.2	1.54368
1007.6	1.53466
1002.06	1.52682
996.576	1.51995
991.156	1.51322
985.795	1.50573
980.491	1.49714
975.244	1.48791
970.053	1.47898
964.917	1.4712
959.835	1.4647
954.806	1.45886
949.83	1.45269
944.905	1.4455
940.031	1.43744
935.207	1.42938
930.433	1.4224
925.707	1.41706
921.028	1.41304
916.397	1.40931
911.812	1.40487
907.273	1.39945
902.778	1.39372
898.328	1.38891
893.922	1.38603
889.559	1.3852
885.238	1.38563
880.958	1.38632
876.72	1.38698
872.523	1.38863
868.365	1.39326
864.247	1.40271
860.168	1.41723
856.127	1.43465
852.124	1.4507
848.159	1.46052
844.23	1.46058
840.337	1.45017
836.48	1.43155
832.658	1.40887
828.871	1.38631
825.118	1.36647
821.399	1.34973
817.714	1.33479
814.061	1.31991
810.441	1.30406
806.853	1.28739
803.296	1.27084
799.771	1.25538
796.277	1.24125
792.813	1.22792
789.379	1.2145
785.974	1.20044
782.599	1.18588
779.253	1.17152
775.935	1.15804
772.645	1.14561
769.383	1.13368
766.149	1.12137
762.941	1.10804
759.761	1.0938
756.606	1.0794
753.478	1.06587
750.376	1.0538
747.299	1.04308
744.247	1.03301
741.22	1.02289
738.218	1.01251
735.239	1.00245
732.285	0.993702
729.354	0.987122
726.447	0.982872
723.563	0.9803
720.702	0.978243
717.863	0.975529
715.046	0.971331
712.251	0.965171
709.479	0.956673
706.727	0.945359
703.997	0.930752
701.288	0.912791
698.6	0.892212
695.932	0.870498
693.285	0.849187
690.657	0.828779
688.05	0.80787
685.462	0.783175
682.893	0.750676
680.344	0.707503
677.814	0.653629
675.302	0.592472
672.809	0.530029
670.334	0.473015
667.878	0.427091
665.439	0.396243
663.018	0.383717
660.615	0.393863
658.229	0.433492
655.86	0.511425
653.508	0.635717
651.173	0.809443
648.854	1.02692
646.553	1.27241
644.267	1.52245
641.997	1.75136
639.744	1.93787
637.506	2.07053
635.283	2.14967
633.077	2.1855
630.885	2.1933
628.709	2.18808
626.547	2.18048
624.4	2.17536
622.268	2.17293
620.151	2.17108
618.048	2.16777
615.959	2.16217
613.884	2.15471
611.823	2.14627
609.776	2.13748
607.742	2.12844
605.723	2.11901
603.716	2.10912
601.723	2.09903
599.742	2.08907
597.775	2.07934
595.821	2.06951
593.879	2.05901
591.95	2.04743
590.034	2.0349
588.13	2.02214
586.238	2.01004
584.358	1.99911
582.49	1.98918
580.634	1.97944
578.79	1.96905
576.958	1.95766
575.137	1.94561
573.328	1.93362
571.53	1.92203
569.743	1.91027
567.967	1.89679
566.203	1.87973
564.449	1.8578
562.706	1.83081
560.974	1.79947
559.253	1.76426
557.542	1.7244
555.841	1.67752
554.151	1.62092
552.471	1.55408
550.802	1.48134
549.142	1.41317
547.492	1.36475
545.852	1.35184
544.222	1.38502
542.602	1.4648
540.991	1.57963
539.39	1.70817
537.798	1.82522
536.216	1.90909
534.643	1.94771
533.079	1.94107
531.524	1.89938
529.979	1.83794
528.442	1.77121
526.914	1.70842
525.395	1.65227
523.885	1.6006
522.383	1.54969
520.89	1.4972
519.405	1.4435
517.929	1.39094
516.461	1.34208
515.002	1.29799
513.551	1.2577
512.108	1.21898
510.673	1.17985
509.246	1.13974
507.827	1.09968
506.415	1.06149
505.012	1.02656
503.616	0.995063
502.229	0.966105
500.848	0.938618
499.476	0.912401
498.111	0.888546
496.753	0.868995
495.402	0.855571
494.059	0.849193
492.724	0.849923
491.395	0.857833
490.074	0.8741
488.759	0.901369
487.452	0.942808
486.152	1.00012
484.858	1.07158
483.572	1.1515
482.292	1.23196
481.019	1.30633
479.753	1.37319
478.493	1.4383
477.24	1.51337
475.994	1.6115
474.754	1.7411
473.52	1.90093
472.293	2.0788
471.072	2.25468
469.858	2.4072
468.649	2.52067
467.447	2.5897
466.251	2.61962
465.062	2.62273
463.878	2.61252
462.7	2.59846
461.528	2.58371
460.362	2.56616
459.202	2.54184
458.048	2.50843
456.9	2.46708
455.757	2.4219
454.62	2.37755
453.489	2.33679
452.363	2.29927
451.243	2.26219
450.129	2.22238
449.02	2.17829
447.916	2.13098
446.818	2.08341
445.725	2.03865
444.638	1.99819
443.556	1.9612
442.479	1.92524
441.407	1.88784
440.34	1.848
439.279	1.80676
438.223	1.76652
437.171	1.72959
436.125	1.6969
435.084	1.66756
434.048	1.63951
433.017	1.61082
431.99	1.58084
430.969	1.55057
429.952	1.52196
428.94	1.49666
427.933	1.47502
426.93	1.4557
425.932	1.43637
424.939	1.41481
423.951	1.39011
422.967	1.36299
421.987	1.33546
421.012	1.3098
420.042	1.28753
419.076	1.26895
418.115	1.25324
417.158	1.23915
416.205	1.22572
415.257	1.21267
414.313	1.20038
413.373	1.18943
412.437	1.18016
411.506	1.17242
410.579	1.16566
409.656	1.15925
408.737	1.15288
407.823	1.14666
406.912	1.14101
406.005	1.13638
405.103	1.13295
404.204	1.13055
403.31	1.12873
402.419	1.12703
401.533	1.12516
400.65	1.1231
399.771	1.12095
398.896	1.11878
398.025	1.11645
397.157	1.11362
396.294	1.10989
395.434	1.10507
394.578	1.09934
393.725	1.09329
392.877	1.08773
392.031	1.08337
391.19	1.08058
390.352	1.07923
389.518	1.07875
388.687	1.07846
387.86	1.0779
387.036	1.07705
386.216	1.07635
385.399	1.07648
384.586	1.07805
383.776	1.08129
382.969	1.08597
382.166	1.09153
381.367	1.09746
380.57	1.10357
379.777	1.11013
378.987	1.11775
378.201	1.12708
377.418	1.13842
376.638	1.15154
375.861	1.16574
375.087	1.18016
374.317	1.19408
373.55	1.20723
372.785	1.21971
372.024	1.23182
371.267	1.24374
370.512	1.2554
369.76	1.26643
369.011	1.27641
368.266	1.28502
367.523	1.2921
366.783	1.29757
366.047	1.30116
365.313	1.30231
364.582	1.3002
363.854	1.29407
363.129	1.28362
362.407	1.2692
361.688	1.25176
360.971	1.23238
360.258	1.21168
359.547	1.18953
358.839	1.16502
358.134	1.13706
357.432	1.10508
356.732	1.06959
356.035	1.03224
355.341	0.995262
354.649	0.960581
353.96	0.92901
353.274	0.899967
352.591	0.871879
351.91	0.843071
351.232	0.81269
350.556	0.781177
349.883	0.750049
349.213	0.721113
348.545	0.695562
347.879	0.673485
347.217	0.654125
346.556	0.636799
345.899	0.622046
345.243	0.612383
344.591	0.612173
343.94	0.626516
343.292	0.659512
342.647	0.71256
342.004	0.783373
341.363	0.866125
340.725	0.952687
340.089	1.03451
339.456	1.10451
338.825	1.15832
338.196	1.1947
337.569	1.21503
336.945	1.2223
336.324	1.22005
335.704	1.2115
335.087	1.19911
334.472	1.18449
333.859	1.16841
333.249	1.1509
332.64	1.13143
332.034	1.10915
331.43	1.08331
330.829	1.05385
330.229	1.02195
329.632	0.990121
329.037	0.961814
328.444	0.940289
327.853	0.927272
327.264	0.921905
326.678	0.920686
326.093	0.918719
325.511	0.912084
324.93	0.900506
324.352	0.889173
323.776	0.888652
323.201	0.91249
322.629	0.973006
322.059	1.07662
321.491	1.22046
320.925	1.39172
320.361	1.57012
319.799	1.73304
319.238	1.86131
318.68	1.94394
318.124	1.98
317.57	1.97732
317.017	1.94875
316.467	1.90744
315.918	1.86315
315.371	1.82051
314.826	1.77966
314.284	1.73838
313.743	1.69451
313.203	1.64745
312.666	1.59839
312.13	1.5493
311.597	1.50176
311.065	1.45617
310.535	1.41209
310.007	1.36929
309.48	1.32905
308.956	1.29475
308.433	1.27136
307.912	1.26384
307.392	1.2751
306.875	1.30435
306.359	1.34664
305.845	1.39385
305.332	1.43686
304.821	1.46807
304.312	1.4834
303.805	1.48307
303.3	1.47096
302.796	1.45287
302.293	1.4344
301.793	1.41919
301.294	1.40824
300.797	1.40024
300.301	1.39282
299.807	1.38392
299.314	1.37289
298.824	1.36069
298.335	1.34928
297.847	1.34056
297.361	1.33536
296.877	1.33294
296.394	1.33136
295.912	1.32833
295.433	1.32229
294.955	1.31313
294.478	1.30218
294.003	1.29155
293.529	1.28311
293.057	1.27766
292.587	1.27459
292.118	1.27231
291.65	1.26905
291.184	1.26371
290.72	1.2563
290.257	1.24775
289.795	1.23926
289.335	1.23163
288.877	1.22476
288.419	1.21777
287.964	1.20954
287.509	1.19928
287.057	1.18697
286.605	1.1732
286.155	1.15873
285.706	1.14396
285.259	1.12864
284.813	1.11206
284.369	1.09356
283.926	1.07311
283.484	1.05158
283.044	1.03042
282.605	1.01102
282.168	0.994021
281.731	0.978881
281.297	0.96415
280.863	0.948165
280.431	0.929923
280	0.909634
