1200	98.9849
1192.15	98.9751
1184.4	98.9669
1176.75	98.9726
1169.21	98.9965
1161.75	99.0324
1154.39	99.0677
1147.13	99.0896
1139.95	99.0934
1132.86	99.0846
1125.87	99.0761
1118.95	99.0808
1112.13	99.104
1105.38	99.1405
1098.72	99.1775
1092.13	99.2017
1085.63	99.2072
1079.2	99.1986
1072.84	99.1889
1066.56	99.1918
1060.36	99.2138
1054.23	99.2505
1048.16	99.2891
1042.17	99.3152
1036.24	99.3216
1030.38	99.3122
1024.59	99.3001
1018.86	99.3002
1013.2	99.3205
1007.6	99.3573
1002.06	99.3973
996.576	99.4249
991.156	99.4313
985.795	99.4195
980.491	99.4033
975.244	99.3991
970.053	99.4168
964.917	99.4539
959.835	99.4959
954.806	99.5249
949.83	99.5297
944.905	99.5123
940.031	99.488
935.207	99.4765
930.433	99.4912
925.707	99.5304
921.028	99.5773
916.397	99.6083
911.812	99.6056
907.273	99.5681
902.778	99.5129
898.328	99.4684
893.922	99.4595
889.559	99.4953
885.238	99.5635
880.958	99.6362
876.72	99.6837
872.523	99.6891
868.365	99.6568
864.247	99.6099
860.168	99.5779
856.127	99.582
852.124	99.6237
848.159	99.6854
844.23	99.7394
840.337	99.763
836.48	99.7499
832.658	99.7132
828.871	99.6779
825.118	99.6672
821.399	99.6902
817.714	99.7379
814.061	99.7882
810.441	99.8183
806.853	99.8174
803.296	99.7915
799.771	99.7602
796.277	99.7451
792.813	99.7577
789.379	99.7934
785.974	99.8334
782.599	99.8561
779.253	99.8483
775.935	99.8133
772.645	99.7689
769.383	99.7378
766.149	99.7352
762.941	99.7607
759.761	99.7987
756.606	99.8274
753.478	99.8316
750.376	99.8122
747.299	99.7868
744.247	99.781
741.22	99.8148
738.218	99.89
735.239	99.9866
732.285	100.07
729.354	100.104
726.447	100.068
723.563	99.9637
720.702	99.8137
717.863	99.6523
715.046	99.5106
712.251	99.4056
709.479	99.3371
706.727	99.2927
703.997	99.2573
701.288	99.2222
698.6	99.1883
695.932	99.1632
693.285	99.1547
690.657	99.164
688.05	99.184
685.462	99.2022
682.893	99.2076
680.344	99.1963
677.814	99.1737
675.302	99.1513
672.809	99.1403
670.334	99.1457
667.878	99.1636
665.439	99.1839
663.018	99.1959
660.615	99.1942
658.229	99.1814
655.86	99.1666
653.508	99.1596
651.173	99.1663
648.854	99.1849
646.553	99.2079
644.267	99.2258
641.997	99.233
639.744	99.2301
637.506	99.2237
635.283	99.2219
633.077	99.2304
630.885	99.2489
628.709	99.2721
626.547	99.2925
624.4	99.3047
622.268	99.3085
620.151	99.3083
618.048	99.3106
615.959	99.3199
613.884	99.3369
611.823	99.358
609.776	99.3776
607.742	99.3914
605.723	99.3982
603.716	99.4001
601.723	99.4008
599.742	99.4034
597.775	99.4089
595.821	99.417
593.879	99.427
591.95	99.4394
590.034	99.4554
588.13	99.4755
586.238	99.4978
584.358	99.5172
582.49	99.5272
580.634	99.5237
578.79	99.5086
576.958	99.4905
575.137	99.4824
573.328	99.4958
571.53	99.5339
569.743	99.5885
567.967	99.6425
566.203	99.6764
564.449	99.6785
562.706	99.6507
560.974	99.6096
559.253	99.5789
557.542	99.5782
555.841	99.6135
554.151	99.6727
552.471	99.7318
550.802	99.7656
549.142	99.7608
547.492	99.7233
545.852	99.6751
544.222	99.6442
542.602	99.6502
540.991	99.6941
539.39	99.7574
537.798	99.8113
536.216	99.8315
534.643	99.8104
533.079	99.7617
531.524	99.7135
529.979	99.6939
528.442	99.7162
526.914	99.7722
525.395	99.8357
523.885	99.8764
522.383	99.8751
520.89	99.8347
519.405	99.7783
517.929	99.7375
516.461	99.7364
515.002	99.7781
513.551	99.8434
512.108	99.9003
510.673	99.9206
509.246	99.8948
507.827	99.8374
506.415	99.7795
505.012	99.7531
503.616	99.7738
502.229	99.8331
500.848	99.9019
499.476	99.9459
498.111	99.9432
496.753	99.8961
495.402	99.8298
494.059	99.7801
492.724	99.7743
491.395	99.8177
490.074	99.8903
488.759	99.9571
487.452	99.9866
486.152	99.9666
484.858	99.9113
483.572	99.8533
482.292	99.8272
481.019	99.8513
479.753	99.9181
478.493	99.9979
477.24	100.054
475.994	100.062
474.754	100.023
473.52	99.9615
472.293	99.9132
471.072	99.9069
469.858	99.9469
468.649	100.01
467.447	100.056
466.251	100.045
465.062	99.9594
463.878	99.8095
462.7	99.631
461.528	99.4679
460.362	99.3533
459.202	99.2965
458.048	99.2825
456.9	99.2827
455.757	99.272
454.62	99.2417
453.489	99.2033
452.363	99.1798
451.243	99.1921
450.129	99.2458
449.02	99.327
447.916	99.4086
446.818	99.4641
445.725	99.4807
444.638	99.4654
443.556	99.4409
442.479	99.4328
441.407	99.4563
440.34	99.5081
439.279	99.5689
438.223	99.6136
437.171	99.6258
436.125	99.606
435.084	99.5719
434.048	99.5484
433.017	99.5549
431.99	99.5941
430.969	99.6509
429.952	99.7002
428.94	99.7202
427.933	99.704
426.93	99.6636
425.932	99.6235
424.939	99.608
423.951	99.6288
422.967	99.6784
421.987	99.734
421.012	99.7696
420.042	99.7693
419.076	99.7355
418.115	99.6878
417.158	99.6528
416.205	99.6504
415.257	99.6837
414.313	99.7375
413.373	99.7864
412.437	99.8079
411.506	99.7936
410.579	99.7538
409.656	99.7113
408.737	99.6896
407.823	99.701
406.912	99.7404
406.005	99.7886
405.103	99.8224
404.204	99.8274
403.31	99.8052
402.419	99.7721
401.533	99.7506
400.65	99.7569
399.771	99.7921
398.896	99.8412
398.025	99.881
397.157	99.892
396.294	99.8688
395.434	99.8234
394.578	99.7791
393.725	99.7591
392.877	99.7744
392.031	99.8185
391.19	99.8702
390.352	99.9042
389.518	99.904
388.687	99.8696
387.86	99.8179
387.036	99.774
386.216	99.7588
385.399	99.7789
384.586	99.8235
383.776	99.8701
382.969	99.8957
382.166	99.8881
381.367	99.8517
380.57	99.8048
379.777	99.7704
378.987	99.7651
378.201	99.7912
377.418	99.8361
376.638	99.8791
375.861	99.9017
375.087	99.8962
374.317	99.869
373.55	99.8369
372.785	99.8183
372.024	99.8249
371.267	99.856
370.512	99.9
369.76	99.9407
369.011	99.9645
368.266	99.9674
367.523	99.9551
366.783	99.9399
366.047	99.934
365.313	99.9437
364.582	99.9672
363.854	99.9961
363.129	100.02
362.407	100.033
361.688	100.032
360.971	100.022
360.258	100.008
359.547	99.996
358.839	99.9863
358.134	99.9769
357.432	99.9645
356.732	99.9468
356.035	99.9253
355.341	99.9039
354.649	99.8879
353.96	99.8811
353.274	99.8845
352.591	99.8958
351.91	99.9113
351.232	99.9273
350.556	99.942
349.883	99.9553
349.213	99.9676
348.545	99.979
347.879	99.9885
347.217	99.9944
346.556	99.9959
345.899	99.9937
345.243	99.9904
344.591	99.9895
343.94	99.9936
343.292	100.002
342.647	100.013
342.004	100.02
341.363	100.02
340.725	100.013
340.089	100.002
339.456	99.9918
338.825	99.9883
338.196	99.9934
337.569	100.005
336.945	100.017
336.324	100.023
335.704	100.021
335.087	100.011
334.472	100
333.859	99.9958
333.249	100.002
332.64	100.019
332.034	100.04
331.43	100.055
330.829	100.056
330.229	100.041
329.632	100.013
329.037	99.9838
328.444	99.962
327.853	99.9537
327.264	99.957
326.678	99.9628
326.093	99.959
325.511	99.9368
324.93	99.8948
324.352	99.8402
323.776	99.7865
323.201	99.7472
322.629	99.7301
322.059	99.7343
321.491	99.7503
320.925	99.765
320.361	99.7676
319.799	99.7542
319.238	99.7294
318.68	99.7033
318.124	99.6865
317.57	99.6847
317.017	99.696
316.467	99.7116
315.918	99.72
315.371	99.7127
314.826	99.6876
314.284	99.6505
313.743	99.6121
313.203	99.5832
312.666	99.5703
312.13	99.5728
311.597	99.5842
311.065	99.5948
310.535	99.5971
310.007	99.5882
309.48	99.5714
308.956	99.5541
308.433	99.5439
307.912	99.5455
307.392	99.5582
306.875	99.5766
306.359	99.5933
305.845	99.6019
305.332	99.6003
304.821	99.5909
304.312	99.5798
303.805	99.574
303.3	99.5779
302.796	99.5917
302.293	99.6113
301.793	99.63
301.294	99.6411
300.797	99.6412
300.301	99.6318
299.807	99.6181
299.314	99.6079
298.824	99.6077
298.335	99.6202
297.847	99.643
297.361	99.6694
296.877	99.6908
296.394	99.7004
295.912	99.6958
295.433	99.6803
294.955	99.6619
294.478	99.6496
294.003	99.65
293.529	99.6644
293.057	99.6881
292.587	99.7124
292.118	99.7283
291.65	99.7302
291.184	99.7186
290.72	99.6996
290.257	99.6824
289.795	99.6748
289.335	99.6803
288.877	99.6962
288.419	99.7154
287.964	99.7296
287.509	99.7334
287.057	99.7265
286.605	99.7135
286.155	99.7014
285.706	99.6958
285.259	99.6981
284.813	99.7052
284.369	99.711
283.926	99.7104
283.484	99.7017
283.044	99.6884
282.605	99.6768
282.168	99.6726
281.731	99.6782
281.297	99.6902
280.863	99.7016
280.431	99.7051
280	99.6972
