1200	99.7596
1192.15	99.7613
1184.4	99.7608
1176.75	99.7686
1169.21	99.7824
1161.75	99.7904
1154.39	99.7891
1147.13	99.7886
1139.95	99.7975
1132.86	99.8097
1125.87	99.8137
1118.95	99.8099
1112.13	99.81
1105.38	99.8194
1098.72	99.8291
1092.13	99.829
1085.63	99.8234
1079.2	99.8243
1072.84	99.8337
1066.56	99.8403
1060.36	99.8364
1054.23	99.8298
1048.16	99.832
1042.17	99.8408
1036.24	99.8438
1030.38	99.8366
1024.59	99.83
1018.86	99.8337
1013.2	99.8414
1007.6	99.8406
1002.06	99.8311
996.576	99.8256
991.156	99.8307
985.795	99.8369
980.491	99.8325
975.244	99.8216
970.053	99.8182
964.917	99.8248
959.835	99.8288
954.806	99.8213
949.83	99.8104
944.905	99.8098
940.031	99.8176
935.207	99.8192
930.433	99.8091
925.707	99.7996
921.028	99.8023
916.397	99.8108
911.812	99.8097
907.273	99.7981
902.778	99.7911
898.328	99.7975
893.922	99.806
889.559	99.8021
885.238	99.7899
880.958	99.7866
876.72	99.7966
872.523	99.8044
868.365	99.7976
864.247	99.786
860.168	99.7874
856.127	99.8006
852.124	99.8067
848.159	99.7972
844.23	99.7875
840.337	99.7942
836.48	99.8098
832.658	99.8132
828.871	99.8014
825.118	99.7949
821.399	99.8074
817.714	99.8243
814.061	99.8238
810.441	99.8101
806.853	99.8083
803.296	99.8267
799.771	99.8434
796.277	99.8379
792.813	99.8231
789.379	99.8275
785.974	99.8518
782.599	99.8661
779.253	99.8541
775.935	99.8395
772.645	99.8524
769.383	99.8824
766.149	99.8912
762.941	99.8704
759.761	99.858
756.606	99.8838
753.478	99.9203
750.376	99.9177
747.299	99.8818
744.247	99.8757
741.22	99.9321
738.218	99.9926
735.239	99.9738
732.285	99.8829
729.354	99.8238
726.447	99.8702
723.563	99.9679
720.702	99.9997
717.863	99.9352
715.046	99.8667
712.251	99.8847
709.479	99.9593
706.727	99.9867
703.997	99.9335
701.288	99.8799
698.6	99.9046
695.932	99.9751
693.285	99.9942
690.657	99.9373
688.05	99.8859
685.462	99.9128
682.893	99.9804
680.344	99.9943
677.814	99.936
675.302	99.8875
672.809	99.9156
670.334	99.9787
667.878	99.9872
665.439	99.9297
663.018	99.8871
660.615	99.9172
658.229	99.9745
655.86	99.9763
653.508	99.92
651.173	99.8848
648.854	99.9178
646.553	99.9688
644.267	99.9632
641.997	99.9083
639.744	99.8809
637.506	99.9172
635.283	99.9617
633.077	99.9487
630.885	99.8955
628.709	99.8762
626.547	99.9151
624.4	99.953
622.268	99.9331
620.151	99.8822
618.048	99.8706
615.959	99.9113
613.884	99.9421
611.823	99.9159
609.776	99.8679
607.742	99.8639
605.723	99.9054
603.716	99.9289
601.723	99.8975
599.742	99.8538
597.775	99.8573
595.821	99.8992
593.879	99.916
591.95	99.8814
590.034	99.8434
588.13	99.8543
586.238	99.8955
584.358	99.9052
582.49	99.8677
580.634	99.8344
578.79	99.8482
576.958	99.8825
575.137	99.8814
573.328	99.8422
571.53	99.8193
569.743	99.8441
567.967	99.8795
566.203	99.8745
564.449	99.8388
562.706	99.8283
560.974	99.8625
559.253	99.8941
557.542	99.8776
555.841	99.8355
554.151	99.8266
552.471	99.86
550.802	99.881
549.142	99.8498
547.492	99.8003
545.852	99.7925
544.222	99.8266
542.602	99.8415
540.991	99.8023
539.39	99.7499
537.798	99.7415
536.216	99.767
534.643	99.7626
533.079	99.7023
531.524	99.6379
529.979	99.6281
528.442	99.6581
526.914	99.6638
525.395	99.6241
523.885	99.5907
522.383	99.6122
520.89	99.6636
519.405	99.6811
517.929	99.6533
516.461	99.6356
515.002	99.67
513.551	99.7242
512.108	99.7385
510.673	99.7112
509.246	99.7006
507.827	99.7401
506.415	99.7907
505.012	99.7972
503.616	99.7677
502.229	99.7613
500.848	99.8024
499.476	99.8461
498.111	99.8431
496.753	99.8104
495.402	99.8065
494.059	99.8464
492.724	99.8809
491.395	99.8675
490.074	99.8315
488.759	99.8289
487.452	99.8656
486.152	99.8895
484.858	99.866
483.572	99.8277
482.292	99.8267
481.019	99.8596
479.753	99.8731
478.493	99.8413
477.24	99.803
475.994	99.8048
474.754	99.8342
473.52	99.8385
472.293	99.8008
471.072	99.7645
469.858	99.7695
468.649	99.7951
467.447	99.7901
466.251	99.747
465.062	99.712
463.878	99.7175
462.7	99.7352
461.528	99.7174
460.362	99.6657
459.202	99.6283
458.048	99.6298
456.9	99.6365
455.757	99.6062
454.62	99.5502
453.489	99.5167
452.363	99.5216
451.243	99.5263
450.129	99.4944
449.02	99.4445
447.916	99.423
446.818	99.4363
445.725	99.442
444.638	99.4107
443.556	99.3682
442.479	99.358
441.407	99.3776
440.34	99.3831
439.279	99.3527
438.223	99.3184
437.171	99.319
436.125	99.3441
435.084	99.3495
434.048	99.3216
433.017	99.2967
431.99	99.3081
430.969	99.3377
429.952	99.343
428.94	99.3185
427.933	99.3033
426.93	99.324
425.932	99.3561
424.939	99.3601
423.951	99.3386
422.967	99.3321
421.987	99.3596
421.012	99.3915
420.042	99.3928
419.076	99.3737
418.115	99.3744
417.158	99.4061
416.205	99.4353
415.257	99.4327
414.313	99.4156
413.373	99.4223
412.437	99.4558
411.506	99.4804
410.579	99.4736
409.656	99.4585
408.737	99.47
407.823	99.5034
406.912	99.5222
406.005	99.5113
405.103	99.4987
404.204	99.5142
403.31	99.5458
402.419	99.558
401.533	99.5438
400.65	99.5342
399.771	99.5529
398.896	99.5812
398.025	99.5866
397.157	99.5701
396.294	99.5644
395.434	99.5855
394.578	99.6093
393.725	99.6078
392.877	99.5904
392.031	99.5896
391.19	99.6125
390.352	99.6303
389.518	99.6216
388.687	99.6047
387.86	99.611
387.036	99.6374
386.216	99.6486
385.399	99.6276
384.586	99.6022
383.776	99.6078
382.969	99.6393
382.166	99.6588
381.367	99.6478
380.57	99.6286
379.777	99.6302
378.987	99.649
378.201	99.6592
377.418	99.6507
376.638	99.6382
375.861	99.6342
375.087	99.6341
374.317	99.6324
373.55	99.637
372.785	99.6503
372.024	99.654
371.267	99.6339
370.512	99.6144
369.76	99.6367
369.011	99.6906
368.266	99.7004
367.523	99.6139
366.783	99.4926
366.047	99.4651
365.313	99.5745
364.582	99.7087
363.854	99.7257
363.129	99.6283
362.407	99.5622
361.688	99.6256
360.971	99.7367
360.258	99.7403
359.547	99.6194
358.839	99.5277
358.134	99.5891
357.432	99.7271
356.732	99.7581
356.035	99.6331
355.341	99.5052
354.649	99.5308
353.96	99.664
353.274	99.7207
352.591	99.6246
351.91	99.5053
351.232	99.521
350.556	99.6452
349.883	99.7076
349.213	99.6262
348.545	99.5161
347.879	99.529
347.217	99.6469
346.556	99.7103
345.899	99.6371
345.243	99.5317
344.591	99.5388
343.94	99.6466
343.292	99.7074
342.647	99.641
342.004	99.541
341.363	99.5419
340.725	99.6367
340.089	99.6914
339.456	99.6318
338.825	99.5407
338.196	99.5396
337.569	99.6225
336.945	99.67
336.324	99.6164
335.704	99.536
335.087	99.5362
334.472	99.6097
333.859	99.6502
333.249	99.6017
332.64	99.532
332.034	99.5347
331.43	99.6004
330.829	99.6344
330.229	99.5903
329.632	99.5303
329.037	99.5355
328.444	99.5939
327.853	99.6216
327.264	99.5811
326.678	99.5298
326.093	99.5372
325.511	99.5889
324.93	99.6107
324.352	99.573
323.776	99.5295
323.201	99.5391
322.629	99.5854
322.059	99.6023
321.491	99.5671
320.925	99.5296
320.361	99.541
319.799	99.5831
319.238	99.5965
318.68	99.5632
318.124	99.5298
317.57	99.5413
317.017	99.5798
316.467	99.5909
315.918	99.5591
315.371	99.5277
314.826	99.5378
314.284	99.5729
313.743	99.5831
313.203	99.5535
312.666	99.5235
312.13	99.5319
311.597	99.5647
311.065	99.5756
310.535	99.549
310.007	99.5202
309.48	99.5269
308.956	99.5583
308.433	99.5707
307.912	99.5469
307.392	99.5185
306.875	99.5233
306.359	99.5539
305.845	99.5686
305.332	99.5471
304.821	99.5182
304.312	99.5212
303.805	99.5526
303.3	99.5704
302.796	99.5507
302.293	99.5204
301.793	99.5217
301.294	99.5547
300.797	99.5765
300.301	99.5582
299.807	99.5253
299.314	99.5244
298.824	99.5597
298.335	99.5856
297.847	99.5682
297.361	99.5322
296.877	99.5291
296.394	99.5666
295.912	99.5962
295.433	99.5788
294.955	99.5396
294.478	99.5352
294.003	99.5752
293.529	99.6071
293.057	99.5879
292.587	99.5454
292.118	99.5417
291.65	99.5863
291.184	99.6202
290.72	99.597
290.257	99.5495
289.795	99.5459
289.335	99.5942
288.877	99.6279
288.419	99.5981
287.964	99.5453
287.509	99.5451
287.057	99.6012
286.605	99.636
286.155	99.5986
285.706	99.5393
285.259	99.5429
284.813	99.608
284.369	99.6447
283.926	99.5997
283.484	99.5347
283.044	99.5435
282.605	99.619
282.168	99.6591
281.731	99.6092
281.297	99.5414
280.863	99.5507
280.431	99.6106
280	99.597
