1200	99.7687
1192.15	99.7677
1184.4	99.771
1176.75	99.7749
1169.21	99.775
1161.75	99.7707
1154.39	99.7655
1147.13	99.7641
1139.95	99.7669
1132.86	99.7701
1125.87	99.7693
1118.95	99.7642
1112.13	99.7587
1105.38	99.7572
1098.72	99.7599
1092.13	99.7627
1085.63	99.7614
1079.2	99.756
1072.84	99.7505
1066.56	99.7493
1060.36	99.7523
1054.23	99.7551
1048.16	99.7537
1042.17	99.7483
1036.24	99.7433
1030.38	99.7428
1024.59	99.7465
1018.86	99.7497
1013.2	99.7486
1007.6	99.7436
1002.06	99.7394
996.576	99.74
991.156	99.7447
985.795	99.7487
980.491	99.7481
975.244	99.7438
970.053	99.7407
964.917	99.7426
959.835	99.7485
954.806	99.7535
949.83	99.7536
944.905	99.7501
940.031	99.7481
935.207	99.7515
930.433	99.7588
925.707	99.7647
921.028	99.7655
916.397	99.7627
911.812	99.7619
907.273	99.7667
902.778	99.7753
898.328	99.7821
893.922	99.7833
889.559	99.781
885.238	99.7811
880.958	99.7872
876.72	99.797
872.523	99.8043
868.365	99.8056
864.247	99.8034
860.168	99.8041
856.127	99.8113
852.124	99.822
848.159	99.8295
844.23	99.8303
840.337	99.8277
836.48	99.8287
832.658	99.8366
828.871	99.8478
825.118	99.855
821.399	99.8547
817.714	99.8512
814.061	99.852
810.441	99.8605
806.853	99.872
803.296	99.8783
799.771	99.8762
796.277	99.8711
792.813	99.8716
789.379	99.8808
785.974	99.8924
782.599	99.8972
779.253	99.8923
775.935	99.8851
772.645	99.8857
769.383	99.8964
766.149	99.9084
762.941	99.9103
759.761	99.9005
756.606	99.8906
753.478	99.8944
750.376	99.913
747.299	99.9305
744.247	99.9276
741.22	99.9006
738.218	99.8689
735.239	99.8597
732.285	99.8837
729.354	99.9233
726.447	99.9459
723.563	99.9321
720.702	99.8938
717.863	99.8641
715.046	99.8677
712.251	99.8984
709.479	99.9245
706.727	99.9185
703.997	99.8832
701.288	99.8495
698.6	99.8476
695.932	99.8776
693.285	99.9091
690.657	99.9092
688.05	99.8746
685.462	99.8357
682.893	99.8281
680.344	99.8578
677.814	99.8945
675.302	99.8994
672.809	99.8636
670.334	99.8192
667.878	99.8105
665.439	99.8507
663.018	99.9058
660.615	99.9222
658.229	99.876
655.86	99.7986
653.508	99.7528
651.173	99.7783
648.854	99.856
646.553	99.923
644.267	99.9261
641.997	99.8683
639.744	99.804
637.506	99.7904
635.283	99.8367
633.077	99.8978
630.885	99.9173
628.709	99.8791
626.547	99.8213
624.4	99.7992
622.268	99.8344
620.151	99.8943
618.048	99.9241
615.959	99.8969
613.884	99.8388
611.823	99.8036
609.776	99.8227
607.742	99.8765
605.723	99.9136
603.716	99.8993
601.723	99.847
599.742	99.8047
597.775	99.8097
595.821	99.8541
593.879	99.8934
591.95	99.8893
590.034	99.8449
588.13	99.801
586.238	99.7965
584.358	99.8321
582.49	99.8705
580.634	99.8727
578.79	99.8352
576.958	99.792
575.137	99.7817
573.328	99.811
571.53	99.8486
569.743	99.8567
567.967	99.8268
566.203	99.7876
564.449	99.7772
562.706	99.8063
560.974	99.8486
559.253	99.866
557.542	99.8445
555.841	99.8058
554.151	99.7846
552.471	99.7943
550.802	99.8145
549.142	99.8127
547.492	99.7782
545.852	99.7339
544.222	99.716
542.602	99.7388
540.991	99.7809
539.39	99.805
537.798	99.7936
536.216	99.7648
534.643	99.755
533.079	99.7827
531.524	99.831
529.979	99.8633
528.442	99.8588
526.914	99.8319
525.395	99.8179
523.885	99.8383
522.383	99.8797
520.89	99.9068
519.405	99.8971
517.929	99.863
516.461	99.8404
515.002	99.8534
513.551	99.8914
512.108	99.9185
510.673	99.9086
509.246	99.8709
507.827	99.8413
506.415	99.8476
505.012	99.8828
503.616	99.911
502.229	99.9026
500.848	99.8626
499.476	99.8264
498.111	99.8257
496.753	99.8577
495.402	99.8876
494.059	99.8822
492.724	99.8419
491.395	99.801
490.074	99.7946
488.759	99.8245
487.452	99.8576
486.152	99.8571
484.858	99.819
483.572	99.7758
482.292	99.7655
481.019	99.795
479.753	99.8325
478.493	99.8384
477.24	99.8035
475.994	99.7592
474.754	99.7475
473.52	99.781
472.293	99.8289
471.072	99.846
469.858	99.815
468.649	99.7639
467.447	99.7405
466.251	99.7676
465.062	99.8212
463.878	99.8512
462.7	99.8264
461.528	99.7612
460.362	99.6996
459.202	99.674
458.048	99.6767
456.9	99.6717
455.757	99.6333
454.62	99.5736
453.489	99.5319
452.363	99.5369
451.243	99.5776
450.129	99.6129
449.02	99.6092
447.916	99.5718
446.818	99.5388
445.725	99.544
444.638	99.5846
443.556	99.6239
442.479	99.627
441.407	99.5943
440.34	99.5607
439.279	99.5622
438.223	99.6004
437.171	99.6417
436.125	99.6499
435.084	99.6209
434.048	99.5875
433.017	99.587
431.99	99.625
430.969	99.6694
429.952	99.6805
428.94	99.6493
427.933	99.6067
426.93	99.5943
425.932	99.6258
424.939	99.6736
423.951	99.6951
422.967	99.6729
421.987	99.6305
421.012	99.6096
420.042	99.6303
419.076	99.672
418.115	99.6936
417.158	99.6721
416.205	99.6247
415.257	99.5917
414.313	99.5992
413.373	99.6346
412.437	99.6598
411.506	99.6472
410.579	99.6048
409.656	99.5669
408.737	99.5614
407.823	99.5834
406.912	99.6022
406.005	99.5924
405.103	99.5584
404.204	99.5298
403.31	99.5321
402.419	99.5618
401.533	99.5902
400.65	99.5908
399.771	99.5653
398.896	99.5406
398.025	99.5424
397.157	99.5708
396.294	99.6003
395.434	99.6051
394.578	99.5839
393.725	99.5607
392.877	99.5607
392.031	99.5861
391.19	99.6143
390.352	99.6207
389.518	99.6023
388.687	99.58
387.86	99.578
387.036	99.5996
386.216	99.6249
385.399	99.6304
384.586	99.6123
383.776	99.5897
382.969	99.5853
382.166	99.6032
381.367	99.6248
380.57	99.6279
379.777	99.6088
378.987	99.5855
378.201	99.5794
377.418	99.594
376.638	99.6115
375.861	99.6113
375.087	99.591
374.317	99.5692
373.55	99.5655
372.785	99.5801
372.024	99.5915
371.267	99.5785
370.512	99.5435
369.76	99.5132
369.011	99.5144
368.266	99.5472
367.523	99.582
366.783	99.5852
366.047	99.5511
365.313	99.5085
364.582	99.4951
363.854	99.5221
363.129	99.5629
362.407	99.5762
361.688	99.5442
360.971	99.4901
360.258	99.4571
359.547	99.47
358.839	99.5121
358.134	99.5414
357.432	99.5288
356.732	99.4847
356.035	99.4481
355.341	99.4501
354.649	99.4853
353.96	99.5174
353.274	99.5143
352.591	99.4776
351.91	99.4403
351.232	99.4356
350.556	99.4654
349.883	99.4996
349.213	99.5049
348.545	99.4759
347.879	99.4394
347.217	99.4282
346.556	99.45
345.899	99.4809
345.243	99.4888
344.591	99.4642
343.94	99.4284
343.292	99.4126
342.647	99.4284
342.004	99.4576
341.363	99.4706
340.725	99.4547
340.089	99.4256
339.456	99.411
338.825	99.4235
338.196	99.4487
337.569	99.4607
336.945	99.4472
336.324	99.4217
335.704	99.4095
335.087	99.4222
334.472	99.4465
333.859	99.4576
333.249	99.4442
332.64	99.4202
332.034	99.4111
331.43	99.4278
330.829	99.455
330.229	99.464
329.632	99.4413
329.037	99.4029
328.444	99.3814
327.853	99.3964
327.264	99.436
326.678	99.4671
326.093	99.4649
325.511	99.4351
324.93	99.4077
324.352	99.4091
323.776	99.438
323.201	99.4672
322.629	99.4696
322.059	99.4424
321.491	99.4096
320.925	99.3985
320.361	99.4156
319.799	99.4417
319.238	99.4509
318.68	99.4345
318.124	99.4079
317.57	99.3942
317.017	99.4027
316.467	99.4212
315.918	99.4294
315.371	99.4185
314.826	99.3986
314.284	99.3878
313.743	99.394
313.203	99.4079
312.666	99.4137
312.13	99.4042
311.597	99.388
311.065	99.3796
310.535	99.3849
310.007	99.3957
309.48	99.3988
308.956	99.3893
308.433	99.3757
307.912	99.37
307.392	99.376
306.875	99.3847
306.359	99.3847
305.845	99.3736
305.332	99.3611
304.821	99.3584
304.312	99.3669
303.805	99.3756
303.3	99.3729
302.796	99.3587
302.293	99.3451
301.793	99.3446
301.294	99.3569
300.797	99.368
300.301	99.3639
299.807	99.3446
299.314	99.3253
298.824	99.3222
298.335	99.3362
297.847	99.3516
297.361	99.3511
296.877	99.3329
296.394	99.3127
295.912	99.309
295.433	99.3243
294.955	99.3421
294.478	99.3428
294.003	99.3228
293.529	99.2989
293.057	99.2924
292.587	99.3079
292.118	99.3283
291.65	99.3312
291.184	99.3109
290.72	99.2851
290.257	99.2776
289.795	99.295
289.335	99.3188
288.877	99.3224
288.419	99.2967
287.964	99.2599
287.509	99.2408
287.057	99.2508
286.605	99.2719
286.155	99.2738
285.706	99.2431
285.259	99.198
284.813	99.1725
284.369	99.1845
283.926	99.2177
283.484	99.2362
283.044	99.2177
282.605	99.1753
282.168	99.1453
281.731	99.1533
281.297	99.1895
280.863	99.2177
280.431	99.2094
280	99.1715
