1200	0.589882
1192.15	0.590323
1184.4	0.590332
1176.75	0.58991
1169.21	0.589246
1161.75	0.588607
1154.39	0.588181
1147.13	0.587952
1139.95	0.587703
1132.86	0.587137
1125.87	0.586045
1118.95	0.584439
1112.13	0.582546
1105.38	0.580678
1098.72	0.579048
1092.13	0.57763
1085.63	0.576169
1079.2	0.574321
1072.84	0.57186
1066.56	0.568818
1060.36	0.565477
1054.23	0.562213
1048.16	0.559267
1042.17	0.556599
1036.24	0.553897
1030.38	0.550766
1024.59	0.546967
1018.86	0.542584
1013.2	0.537997
1007.6	0.533663
1002.06	0.529849
996.576	0.526452
991.156	0.523051
985.795	0.519171
980.491	0.5146
975.244	0.50958
970.053	0.504724
964.917	0.50067
959.835	0.497681
954.806	0.495416
949.83	0.493073
944.905	0.489889
940.031	0.485737
935.207	0.48151
930.433	0.478994
925.707	0.4802
921.028	0.486402
916.397	0.497338
911.812	0.510968
907.273	0.524003
902.778	0.533005
898.328	0.535607
893.922	0.531313
889.559	0.521523
885.238	0.508789
880.958	0.495671
876.72	0.483741
872.523	0.473171
868.365	0.463055
864.247	0.452207
860.168	0.43998
856.127	0.426655
852.124	0.413223
848.159	0.400714
844.23	0.389504
840.337	0.379014
836.48	0.36798
832.658	0.355161
828.871	0.34005
825.118	0.323193
821.399	0.305889
817.714	0.289459
814.061	0.274487
810.441	0.260521
806.853	0.246434
803.296	0.231269
799.771	0.215095
796.277	0.199321
792.813	0.186207
789.379	0.177744
785.974	0.174487
782.599	0.175011
779.253	0.176363
775.935	0.175375
772.645	0.170149
769.383	0.160862
766.149	0.14932
762.941	0.137345
759.761	0.124799
756.606	0.108427
753.478	0.082477
750.376	0.0412833
747.299	-0.017047
744.247	-0.0874504
741.22	-0.156938
738.218	-0.206817
735.239	-0.217797
732.285	-0.176334
729.354	-0.0798717
726.447	0.0611854
723.563	0.225735
720.702	0.38785
717.863	0.524194
715.046	0.620322
712.251	0.673671
709.479	0.692388
706.727	0.690808
703.997	0.683573
701.288	0.680769
698.6	0.685759
695.932	0.696109
693.285	0.70667
690.657	0.713104
688.05	0.714185
685.462	0.712042
682.893	0.710555
680.344	0.712997
677.814	0.720241
675.302	0.730404
672.809	0.739999
670.334	0.745848
667.878	0.746714
665.439	0.74381
663.018	0.739987
660.615	0.738118
658.229	0.739572
655.86	0.743566
653.508	0.747698
651.173	0.749303
648.854	0.746888
646.553	0.740876
644.267	0.733298
641.997	0.726664
639.744	0.722627
637.506	0.721176
635.283	0.720748
633.077	0.719168
630.885	0.714857
628.709	0.707673
626.547	0.698929
624.4	0.690623
622.268	0.684338
620.151	0.680415
618.048	0.677853
615.959	0.674971
613.884	0.67044
611.823	0.664101
609.776	0.657112
607.742	0.65134
605.723	0.648317
603.716	0.648349
601.723	0.650259
599.742	0.651912
597.775	0.651262
595.821	0.647361
593.879	0.640803
591.95	0.633372
590.034	0.627074
588.13	0.623071
586.238	0.621064
584.358	0.619443
582.49	0.616135
580.634	0.609694
578.79	0.60009
576.958	0.588789
575.137	0.578105
573.328	0.570145
571.53	0.565868
569.743	0.564704
567.967	0.564888
566.203	0.564295
564.449	0.561368
562.706	0.555699
560.974	0.548031
559.253	0.539763
557.542	0.532234
555.841	0.52617
554.151	0.521502
552.471	0.517599
550.802	0.513701
549.142	0.509329
547.492	0.504449
545.852	0.499371
544.222	0.494494
542.602	0.490058
540.991	0.486042
539.39	0.482235
537.798	0.478387
536.216	0.47435
534.643	0.470112
533.079	0.465745
531.524	0.461311
529.979	0.456825
528.442	0.452277
526.914	0.447694
525.395	0.443176
523.885	0.438853
522.383	0.434792
520.89	0.430912
519.405	0.426979
517.929	0.422728
516.461	0.418029
515.002	0.413014
513.551	0.408051
512.108	0.403568
510.673	0.399792
509.246	0.396568
507.827	0.393386
506.415	0.389618
505.012	0.384867
503.616	0.379212
502.229	0.373203
500.848	0.367556
499.476	0.362716
498.111	0.358512
496.753	0.354151
495.402	0.348567
494.059	0.340987
492.724	0.331377
491.395	0.320488
490.074	0.309424
488.759	0.298923
487.452	0.28874
486.152	0.277554
484.858	0.263535
483.572	0.245384
482.292	0.223331
481.019	0.199524
479.753	0.177486
478.493	0.160782
477.24	0.151508
475.994	0.149384
474.754	0.152082
473.52	0.156812
472.293	0.162578
471.072	0.172028
469.858	0.191841
468.649	0.231131
467.447	0.298181
466.251	0.396645
465.062	0.522736
463.878	0.664688
462.7	0.80497
461.528	0.924671
460.362	1.00861
459.202	1.04938
458.048	1.04896
456.9	1.01736
455.757	0.968935
454.62	0.91783
453.489	0.874049
452.363	0.841553
451.243	0.818677
450.129	0.800399
449.02	0.781309
447.916	0.758064
446.818	0.730482
445.725	0.701082
444.638	0.673545
443.556	0.650907
442.479	0.634307
441.407	0.622704
440.34	0.613577
439.279	0.60415
438.223	0.592565
437.171	0.578526
436.125	0.563207
435.084	0.548562
434.048	0.536403
433.017	0.52764
431.99	0.521979
430.969	0.518143
429.952	0.514473
428.94	0.509615
427.933	0.503029
426.93	0.495122
425.932	0.48699
424.939	0.479903
423.951	0.474759
422.967	0.471709
421.987	0.470125
421.012	0.468878
420.042	0.466822
419.076	0.463274
418.115	0.458283
417.158	0.452585
416.205	0.447254
415.257	0.443206
414.313	0.440766
413.373	0.439502
412.437	0.438393
411.506	0.436276
410.579	0.432368
409.656	0.42663
408.737	0.419811
407.823	0.413132
406.912	0.407754
406.005	0.404268
405.103	0.402431
404.204	0.40128
403.31	0.39956
402.419	0.39629
401.533	0.391189
400.65	0.384788
399.771	0.378171
398.896	0.372486
398.025	0.368439
397.157	0.366023
396.294	0.364578
395.434	0.363157
394.578	0.360992
393.725	0.35785
392.877	0.354104
392.031	0.350509
391.19	0.347802
390.352	0.346326
389.518	0.345882
388.687	0.345849
387.86	0.345521
387.036	0.344471
386.216	0.342771
385.399	0.340938
384.586	0.339662
383.776	0.339433
382.969	0.340269
382.166	0.341672
381.367	0.342834
380.57	0.34299
379.777	0.341749
378.987	0.339245
378.201	0.336031
377.418	0.332785
376.638	0.329955
375.861	0.327521
375.087	0.324979
374.317	0.32155
373.55	0.316526
372.785	0.309589
372.024	0.300977
371.267	0.291412
370.512	0.28184
369.76	0.273085
369.011	0.265574
368.266	0.259233
367.523	0.25363
366.783	0.248306
366.047	0.243181
365.313	0.238897
364.582	0.236949
363.854	0.239505
363.129	0.248939
362.407	0.267159
361.688	0.294911
360.971	0.331273
360.258	0.37353
359.547	0.417523
358.839	0.458424
358.134	0.491753
357.432	0.514353
356.732	0.525031
356.035	0.524668
355.341	0.515783
354.649	0.501693
353.96	0.485575
353.274	0.469734
352.591	0.45529
351.91	0.442332
351.232	0.430391
350.556	0.418992
349.883	0.408035
349.213	0.397874
348.545	0.389101
347.879	0.382208
347.217	0.377303
346.556	0.374043
345.899	0.371802
345.243	0.36996
344.591	0.368175
343.94	0.366467
343.292	0.365102
342.647	0.364337
342.004	0.36418
341.363	0.364299
340.725	0.364129
340.089	0.363127
339.456	0.361026
338.825	0.357962
338.196	0.354392
337.569	0.350859
336.945	0.347736
336.324	0.34507
335.704	0.342644
335.087	0.340184
334.472	0.337622
333.859	0.335241
333.249	0.333618
332.64	0.333369
332.034	0.334831
331.43	0.33785
330.829	0.341796
330.229	0.345839
329.632	0.349351
329.037	0.352269
328.444	0.355217
327.853	0.359317
327.264	0.365744
326.678	0.375212
326.093	0.387577
325.511	0.401747
324.93	0.415919
324.352	0.428077
323.776	0.436559
323.201	0.440542
322.629	0.440295
322.059	0.43718
321.491	0.433409
320.925	0.43165
320.361	0.434546
319.799	0.444233
319.238	0.461902
318.68	0.48752
318.124	0.519757
317.57	0.556204
317.017	0.593872
316.467	0.629879
315.918	0.662131
315.371	0.689797
314.826	0.713383
314.284	0.734372
313.743	0.75454
313.203	0.775189
312.666	0.796599
312.13	0.8179
311.597	0.837394
311.065	0.853212
310.535	0.864004
310.007	0.869404
309.48	0.870085
308.956	0.867421
308.433	0.862917
307.912	0.857675
307.392	0.8521
306.875	0.845954
306.359	0.838682
305.845	0.829837
305.332	0.819378
304.821	0.807742
304.312	0.795655
303.805	0.783811
303.3	0.772584
302.796	0.761907
302.293	0.751357
301.793	0.740405
301.294	0.728679
300.797	0.716134
300.301	0.70305
299.807	0.689878
299.314	0.677031
298.824	0.664717
298.335	0.652895
297.847	0.641359
297.361	0.629898
296.877	0.618432
296.394	0.60708
295.912	0.596104
295.433	0.585791
294.955	0.576315
294.478	0.567671
294.003	0.55969
293.529	0.552143
293.057	0.544872
292.587	0.537885
292.118	0.531378
291.65	0.525668
291.184	0.521069
290.72	0.517767
290.257	0.515749
289.795	0.51482
289.335	0.514696
288.877	0.515138
288.419	0.516071
287.964	0.517646
287.509	0.5202
287.057	0.524141
286.605	0.529797
286.155	0.537286
285.706	0.546456
285.259	0.556925
284.813	0.568204
284.369	0.57985
283.926	0.591587
283.484	0.603357
283.044	0.61526
282.605	0.627436
282.168	0.639928
281.731	0.652601
281.297	0.66514
280.863	0.677145
280.431	0.68826
280	0.698289
