1200	89.2752
1192.15	89.3018
1184.4	89.3471
1176.75	89.3989
1169.21	89.4414
1161.75	89.4645
1154.39	89.4703
1147.13	89.4712
1139.95	89.483
1132.86	89.515
1125.87	89.5644
1118.95	89.6181
1112.13	89.6606
1105.38	89.6834
1098.72	89.6901
1092.13	89.6941
1085.63	89.7107
1079.2	89.7476
1072.84	89.8004
1066.56	89.8553
1060.36	89.8973
1054.23	89.9193
1048.16	89.9266
1042.17	89.9332
1036.24	89.954
1030.38	89.9951
1024.59	90.0506
1018.86	90.1058
1013.2	90.1464
1007.6	90.1669
1002.06	90.174
996.576	90.1827
991.156	90.207
985.795	90.2514
980.491	90.3084
975.244	90.3627
970.053	90.4005
964.917	90.4182
959.835	90.4241
954.806	90.4337
949.83	90.4604
944.905	90.5069
940.031	90.5637
935.207	90.615
930.433	90.6479
925.707	90.6606
921.028	90.6635
916.397	90.6728
911.812	90.7006
907.273	90.7473
902.778	90.8013
898.328	90.846
893.922	90.8698
889.559	90.8736
885.238	90.8704
880.958	90.8773
876.72	90.9049
872.523	90.95
868.365	90.9977
864.247	91.0297
860.168	91.0361
856.127	91.0216
852.124	91.0034
848.159	91.0002
844.23	91.02
840.337	91.0538
836.48	91.0803
832.658	91.0787
828.871	91.044
825.118	90.9935
821.399	90.9614
817.714	90.9816
814.061	91.0685
810.441	91.2067
806.853	91.3554
803.296	91.4671
799.771	91.5114
796.277	91.4904
792.813	91.4387
789.379	91.4056
785.974	91.43
782.599	91.5202
779.253	91.6497
775.935	91.7714
772.645	91.8418
769.383	91.844
766.149	91.796
762.941	91.7404
759.761	91.7226
756.606	91.7676
753.478	91.8693
750.376	91.9955
747.299	92.1072
744.247	92.1792
741.22	92.2121
738.218	92.2286
735.239	92.2586
732.285	92.3205
729.354	92.4113
726.447	92.5089
723.563	92.5866
720.702	92.6289
717.863	92.6413
715.046	92.6465
712.251	92.6712
709.479	92.7302
706.727	92.8186
703.997	92.9146
701.288	92.9931
698.6	93.0412
695.932	93.0659
693.285	93.0909
690.657	93.1434
688.05	93.2393
685.462	93.3743
682.893	93.5274
680.344	93.6726
677.814	93.7926
675.302	93.8865
672.809	93.9668
670.334	94.0481
667.878	94.1354
665.439	94.2192
663.018	94.2808
660.615	94.305
658.229	94.2924
655.86	94.2627
653.508	94.2467
651.173	94.2695
648.854	94.335
646.553	94.4212
644.267	94.4887
641.997	94.5
639.744	94.4395
637.506	94.3227
635.283	94.1891
633.077	94.0834
630.885	94.0314
628.709	94.0266
626.547	94.0313
624.4	93.9941
622.268	93.8737
620.151	93.6579
618.048	93.3677
615.959	93.0473
613.884	92.7436
611.823	92.4881
609.776	92.2886
607.742	92.1337
605.723	92.0061
603.716	91.8958
601.723	91.8061
599.742	91.7492
597.775	91.736
595.821	91.766
593.879	91.8246
591.95	91.8886
590.034	91.9374
588.13	91.9628
586.238	91.9715
584.358	91.9801
582.49	92.0045
580.634	92.0516
578.79	92.1172
576.958	92.1908
575.137	92.2646
573.328	92.3405
571.53	92.4298
569.743	92.546
567.967	92.6947
566.203	92.867
564.449	93.0399
562.706	93.1858
560.974	93.2846
559.253	93.3334
557.542	93.3475
555.841	93.353
554.151	93.3754
552.471	93.4286
550.802	93.5125
549.142	93.617
547.492	93.7317
545.852	93.8529
544.222	93.9857
542.602	94.1385
540.991	94.3152
539.39	94.509
537.798	94.7032
536.216	94.8779
534.643	95.0202
533.079	95.1296
531.524	95.2178
529.979	95.3005
528.442	95.3876
526.914	95.4762
525.395	95.552
523.885	95.5981
522.383	95.6062
520.89	95.5835
519.405	95.5515
517.929	95.5359
516.461	95.5538
515.002	95.6049
513.551	95.6718
512.108	95.7296
510.673	95.76
509.246	95.7612
507.827	95.7494
506.415	95.749
505.012	95.7795
503.616	95.8435
502.229	95.9253
500.848	95.9989
499.476	96.0427
498.111	96.0509
496.753	96.0378
495.402	96.0288
494.059	96.0473
492.724	96.1009
491.395	96.1773
490.074	96.2514
488.759	96.2989
487.452	96.31
486.152	96.2951
484.858	96.2788
483.572	96.2864
482.292	96.3296
481.019	96.4
479.753	96.474
478.493	96.5256
477.24	96.5412
475.994	96.5271
474.754	96.5058
473.52	96.5037
472.293	96.5359
471.072	96.5981
469.858	96.669
468.649	96.7221
467.447	96.7403
466.251	96.7258
465.062	96.6986
463.878	96.6851
462.7	96.7035
461.528	96.7537
460.362	96.8172
459.202	96.8676
458.048	96.8853
456.9	96.8685
455.757	96.834
454.62	96.8078
453.489	96.8107
452.363	96.8464
451.243	96.8998
450.129	96.9452
449.02	96.9611
447.916	96.9417
446.818	96.9006
445.725	96.8629
444.638	96.8512
443.556	96.8731
442.479	96.917
441.407	96.9585
440.34	96.9742
439.279	96.9549
438.223	96.9105
437.171	96.8649
436.125	96.8424
435.084	96.8543
434.048	96.8926
433.017	96.9344
431.99	96.9547
430.969	96.9403
429.952	96.8975
428.94	96.8487
427.933	96.8199
426.93	96.8267
425.932	96.8653
424.939	96.9151
423.951	96.9499
422.967	96.9528
421.987	96.9264
421.012	96.8912
420.042	96.875
419.076	96.8969
418.115	96.9561
417.158	97.0313
416.205	97.0913
415.257	97.1117
414.313	97.0885
413.373	97.0419
412.437	97.0066
411.506	97.0149
410.579	97.0802
409.656	97.1889
408.737	97.3072
407.823	97.3964
406.912	97.4318
406.005	97.4143
405.103	97.3691
404.204	97.3337
403.31	97.339
402.419	97.3955
401.533	97.4895
400.65	97.5912
399.771	97.6703
398.896	97.7109
398.025	97.718
397.157	97.7137
396.294	97.725
395.434	97.7696
394.578	97.848
393.725	97.9444
392.877	98.0361
392.031	98.1055
391.19	98.1484
390.352	98.1758
389.518	98.2061
388.687	98.255
387.86	98.3273
387.036	98.4146
386.216	98.5006
385.399	98.5704
384.586	98.6188
383.776	98.6525
382.969	98.6862
382.166	98.7333
381.367	98.7977
380.57	98.8707
379.777	98.9341
378.987	98.9698
378.201	98.9699
377.418	98.9421
376.638	98.9078
375.861	98.8931
375.087	98.9163
374.317	98.9789
373.55	99.0631
372.785	99.1384
372.024	99.1751
371.267	99.1565
370.512	99.0877
369.76	98.9937
369.011	98.9096
368.266	98.8657
367.523	98.8751
366.783	98.9282
366.047	98.9972
365.313	99.0485
364.582	99.0578
363.854	99.0208
363.129	98.9551
362.407	98.8923
361.688	98.8638
360.971	98.8864
360.258	98.9553
359.547	99.0457
358.839	99.1247
358.134	99.1665
357.432	99.1644
356.732	99.1342
356.035	99.1071
355.341	99.1147
354.649	99.1747
353.96	99.2816
353.274	99.409
352.591	99.5218
351.91	99.5923
351.232	99.6132
350.556	99.601
349.883	99.588
349.213	99.6066
348.545	99.6734
347.879	99.7808
347.217	99.8997
346.556	99.993
345.899	100.032
345.243	100.01
344.591	99.9426
343.94	99.861
343.292	99.7948
342.647	99.7586
342.004	99.7457
341.363	99.7343
340.725	99.7006
340.089	99.6334
339.456	99.5424
338.825	99.4544
338.196	99.4006
337.569	99.4008
336.945	99.4525
336.324	99.5314
335.704	99.6028
335.087	99.6385
334.472	99.6303
333.859	99.5936
333.249	99.5586
332.64	99.5542
332.034	99.5921
331.43	99.6603
330.829	99.7291
330.229	99.7665
329.632	99.7554
329.037	99.7032
328.444	99.6384
327.853	99.5952
327.264	99.5949
326.678	99.6328
326.093	99.6778
325.511	99.6863
324.93	99.6233
324.352	99.4805
323.776	99.282
323.201	99.0749
322.629	98.9092
322.059	98.8157
321.491	98.7949
320.925	98.8192
320.361	98.8497
319.799	98.8571
319.238	98.836
318.68	98.8069
318.124	98.8034
317.57	98.853
317.017	98.961
316.467	99.1065
315.918	99.2526
315.371	99.3649
314.826	99.4295
314.284	99.4595
313.743	99.488
313.203	99.5502
312.666	99.6636
312.13	99.8187
311.597	99.9822
311.065	100.115
310.535	100.19
310.007	100.209
309.48	100.201
308.956	100.206
308.433	100.255
307.912	100.354
307.392	100.479
306.875	100.587
306.359	100.636
305.845	100.609
305.332	100.519
304.821	100.401
304.312	100.3
303.805	100.244
303.3	100.239
302.796	100.262
302.293	100.283
301.793	100.276
301.294	100.238
300.797	100.189
300.301	100.157
299.807	100.162
299.314	100.207
298.824	100.271
298.335	100.323
297.847	100.337
297.361	100.306
296.877	100.249
296.394	100.196
295.912	100.178
295.433	100.206
294.955	100.266
294.478	100.33
294.003	100.366
293.529	100.362
293.057	100.326
292.587	100.288
292.118	100.282
291.65	100.325
291.184	100.413
290.72	100.517
290.257	100.604
289.795	100.649
289.335	100.652
288.877	100.636
288.419	100.632
287.964	100.665
287.509	100.734
287.057	100.819
286.605	100.885
286.155	100.904
285.706	100.869
285.259	100.8
284.813	100.73
284.369	100.688
283.926	100.684
283.484	100.701
283.044	100.706
282.605	100.67
282.168	100.586
281.731	100.474
281.297	100.376
280.863	100.334
280.431	100.369
280	100.469
