1200	99.7756
1192.15	99.7765
1184.4	99.7785
1176.75	99.7852
1169.21	99.7935
1161.75	99.7977
1154.39	99.7974
1147.13	99.7981
1139.95	99.8034
1132.86	99.8104
1125.87	99.8132
1118.95	99.8116
1112.13	99.8109
1105.38	99.815
1098.72	99.8205
1092.13	99.822
1085.63	99.8191
1079.2	99.8172
1072.84	99.8199
1066.56	99.8243
1060.36	99.8247
1054.23	99.8206
1048.16	99.8176
1042.17	99.8193
1036.24	99.8227
1030.38	99.8222
1024.59	99.8172
1018.86	99.8134
1013.2	99.8143
1007.6	99.8171
1002.06	99.816
996.576	99.8105
991.156	99.8061
985.795	99.8067
980.491	99.8092
975.244	99.8079
970.053	99.8022
964.917	99.7976
959.835	99.7981
954.806	99.8008
949.83	99.7997
944.905	99.7941
940.031	99.7897
935.207	99.7904
930.433	99.7936
925.707	99.7931
921.028	99.788
916.397	99.7839
911.812	99.7852
907.273	99.7892
902.778	99.7896
898.328	99.7852
893.922	99.7816
889.559	99.7837
885.238	99.7888
880.958	99.7903
876.72	99.7866
872.523	99.7837
868.365	99.7866
864.247	99.7929
860.168	99.7957
856.127	99.793
852.124	99.7906
848.159	99.7943
844.23	99.802
840.337	99.8062
836.48	99.8043
832.658	99.8023
828.871	99.8067
825.118	99.8158
821.399	99.8214
817.714	99.8202
814.061	99.8183
810.441	99.8231
806.853	99.8335
803.296	99.8408
799.771	99.8401
796.277	99.8376
792.813	99.8424
789.379	99.8544
785.974	99.8636
782.599	99.8631
779.253	99.8589
775.935	99.863
772.645	99.8773
769.383	99.89
766.149	99.8895
762.941	99.8805
759.761	99.8812
756.606	99.9013
753.478	99.9276
750.376	99.9353
747.299	99.9146
744.247	99.8844
741.22	99.8753
738.218	99.899
735.239	99.936
732.285	99.9541
729.354	99.9399
726.447	99.9116
723.563	99.9004
720.702	99.9199
717.863	99.9533
715.046	99.9701
712.251	99.9551
709.479	99.9221
706.727	99.9003
703.997	99.9069
701.288	99.933
698.6	99.9543
695.932	99.9551
693.285	99.9414
690.657	99.9309
688.05	99.9334
685.462	99.9422
682.893	99.9445
680.344	99.9373
677.814	99.9302
675.302	99.9327
672.809	99.9416
670.334	99.9454
667.878	99.9381
665.439	99.9271
663.018	99.9245
660.615	99.932
658.229	99.9388
655.86	99.9347
653.508	99.9226
651.173	99.9147
648.854	99.9178
646.553	99.9252
644.267	99.9252
641.997	99.9153
639.744	99.9051
637.506	99.9043
635.283	99.9104
633.077	99.9129
630.885	99.906
628.709	99.8959
626.547	99.8924
624.4	99.8968
622.268	99.9003
620.151	99.8958
618.048	99.8863
615.959	99.8811
613.884	99.8835
611.823	99.8872
609.776	99.8843
607.742	99.8753
605.723	99.8686
603.716	99.869
601.723	99.8724
599.742	99.8707
597.775	99.8627
595.821	99.855
593.879	99.8538
591.95	99.8571
590.034	99.8571
588.13	99.8509
586.238	99.8437
584.358	99.8422
582.49	99.8461
580.634	99.8487
578.79	99.8452
576.958	99.8387
575.137	99.8362
573.328	99.8395
571.53	99.8431
569.743	99.8416
567.967	99.836
566.203	99.8336
564.449	99.8388
562.706	99.8486
560.974	99.8557
559.253	99.8556
557.542	99.849
555.841	99.8371
554.151	99.8184
552.471	99.7899
550.802	99.7526
549.142	99.7135
547.492	99.6821
545.852	99.6641
544.222	99.6594
542.602	99.6636
540.991	99.6719
539.39	99.6815
537.798	99.6916
536.216	99.7028
534.643	99.7159
533.079	99.7303
531.524	99.7438
529.979	99.7547
528.442	99.7638
526.914	99.7741
525.395	99.7873
523.885	99.8014
522.383	99.8132
520.89	99.8222
519.405	99.832
517.929	99.8457
516.461	99.8616
515.002	99.8742
513.551	99.8802
512.108	99.8808
510.673	99.8782
509.246	99.8705
507.827	99.853
506.415	99.8259
505.012	99.7981
503.616	99.7808
502.229	99.7774
500.848	99.7805
499.476	99.781
498.111	99.7782
496.753	99.7789
495.402	99.7871
494.059	99.7978
492.724	99.8029
491.395	99.8012
490.074	99.7997
488.759	99.8045
487.452	99.8124
486.152	99.8152
484.858	99.8102
483.572	99.804
482.292	99.8038
481.019	99.808
479.753	99.8081
478.493	99.8
477.24	99.7895
475.994	99.7849
474.754	99.786
473.52	99.7844
472.293	99.7746
471.072	99.7615
469.858	99.7538
468.649	99.7529
467.447	99.7508
466.251	99.7406
465.062	99.7259
463.878	99.7159
462.7	99.7134
461.528	99.7106
460.362	99.6996
459.202	99.6827
458.048	99.6691
456.9	99.6627
455.757	99.6566
454.62	99.642
453.489	99.6195
452.363	99.5985
451.243	99.5847
450.129	99.5725
449.02	99.5532
447.916	99.5267
446.818	99.5028
445.725	99.4884
444.638	99.479
443.556	99.4651
442.479	99.4448
441.407	99.4267
440.34	99.4182
439.279	99.4157
438.223	99.4089
437.171	99.395
436.125	99.382
435.084	99.3782
434.048	99.3807
433.017	99.3795
431.99	99.3706
430.969	99.3618
429.952	99.362
428.94	99.3693
427.933	99.3734
426.93	99.3696
425.932	99.3649
424.939	99.3692
423.951	99.3812
422.967	99.3904
421.987	99.391
421.012	99.3898
420.042	99.397
419.076	99.4127
418.115	99.4258
417.158	99.4294
416.205	99.4299
415.257	99.4386
414.313	99.4565
413.373	99.4722
412.437	99.4773
411.506	99.4777
410.579	99.4861
409.656	99.5053
408.737	99.5237
407.823	99.5302
406.912	99.5283
406.005	99.5314
405.103	99.5457
404.204	99.5633
403.31	99.5739
402.419	99.5782
401.533	99.5857
400.65	99.5999
399.771	99.6128
398.896	99.6165
398.025	99.6154
397.157	99.6208
396.294	99.6342
395.434	99.6439
394.578	99.6399
393.725	99.6295
392.877	99.6292
392.031	99.6436
391.19	99.6587
390.352	99.6596
389.518	99.6508
388.687	99.6501
387.86	99.6636
387.036	99.6761
386.216	99.6708
385.399	99.6538
384.586	99.6485
383.776	99.6651
382.969	99.6848
382.166	99.6833
381.367	99.663
380.57	99.6513
379.777	99.6639
378.987	99.6821
378.201	99.6764
377.418	99.6491
376.638	99.6352
375.861	99.6566
375.087	99.686
374.317	99.6749
373.55	99.6166
372.785	99.5651
372.024	99.5765
371.267	99.64
370.512	99.6848
369.76	99.662
369.011	99.6038
368.266	99.5848
367.523	99.6301
366.783	99.6826
366.047	99.6721
365.313	99.6032
364.582	99.5523
363.854	99.5752
363.129	99.639
362.407	99.6628
361.688	99.6164
360.971	99.5545
360.258	99.5463
359.547	99.5908
358.839	99.6235
358.134	99.6025
357.432	99.5606
356.732	99.555
356.035	99.5861
355.341	99.5932
354.649	99.5397
353.96	99.4736
353.274	99.4767
352.591	99.5605
351.91	99.6406
351.232	99.6321
350.556	99.5527
349.883	99.5036
349.213	99.5465
348.545	99.6272
347.879	99.6422
347.217	99.5684
346.556	99.4943
345.899	99.5119
345.243	99.6011
344.591	99.6523
343.94	99.6
343.292	99.5042
342.647	99.4772
342.004	99.5474
341.363	99.6251
340.725	99.6147
340.089	99.5308
339.456	99.4784
338.825	99.5212
338.196	99.6047
337.569	99.6258
336.945	99.5614
336.324	99.4948
335.704	99.5101
335.087	99.5878
334.472	99.6315
333.859	99.5887
333.249	99.5154
332.64	99.5035
332.034	99.566
331.43	99.623
330.829	99.6032
330.229	99.5323
329.632	99.4984
329.037	99.5409
328.444	99.6027
327.853	99.6044
327.264	99.5438
326.678	99.4967
326.093	99.52
325.511	99.581
324.93	99.6007
324.352	99.5541
323.776	99.5005
323.201	99.5069
322.629	99.5635
322.059	99.5976
321.491	99.5662
320.925	99.5098
320.361	99.5003
319.799	99.5492
319.238	99.5941
318.68	99.5784
318.124	99.5224
317.57	99.4971
317.017	99.5339
316.467	99.5854
315.918	99.5857
315.371	99.5336
314.826	99.4937
314.284	99.5144
313.743	99.5671
313.203	99.5831
312.666	99.5401
312.13	99.4902
311.597	99.4935
311.065	99.5426
310.535	99.5726
310.007	99.5434
309.48	99.49
308.956	99.4774
308.433	99.5186
307.912	99.5585
307.392	99.5442
306.875	99.4919
306.359	99.4659
305.845	99.4967
305.332	99.5425
304.821	99.5427
304.312	99.4948
303.805	99.4579
303.3	99.477
302.796	99.5259
302.293	99.5402
301.793	99.4998
301.294	99.4545
300.797	99.4608
300.301	99.5099
299.807	99.5382
299.314	99.5084
298.824	99.4575
298.335	99.4502
297.847	99.4962
297.361	99.5374
296.877	99.5211
296.394	99.4679
295.912	99.4458
295.433	99.4842
294.955	99.5356
294.478	99.5351
294.003	99.4834
293.529	99.4464
293.057	99.4722
292.587	99.529
292.118	99.5452
291.65	99.4997
291.184	99.4499
290.72	99.4587
290.257	99.5151
289.795	99.5471
289.335	99.5128
288.877	99.4538
288.419	99.4429
287.964	99.493
287.509	99.5412
287.057	99.5286
286.605	99.4726
286.155	99.4418
285.706	99.4677
285.259	99.5074
284.813	99.5037
284.369	99.4614
283.926	99.4398
283.484	99.4716
283.044	99.5169
282.605	99.5142
282.168	99.4626
281.731	99.4254
281.297	99.4472
280.863	99.4938
280.431	99.4951
280	99.4388
