1200	0.272301
1192.15	0.273051
1184.4	0.273545
1176.75	0.273872
1169.21	0.274199
1161.75	0.274604
1154.39	0.274995
1147.13	0.275204
1139.95	0.275142
1132.86	0.274891
1125.87	0.274615
1118.95	0.274402
1112.13	0.274177
1105.38	0.273771
1098.72	0.27309
1092.13	0.272202
1085.63	0.271272
1079.2	0.270396
1072.84	0.269511
1066.56	0.268453
1060.36	0.26712
1054.23	0.265571
1048.16	0.263967
1042.17	0.262412
1036.24	0.260854
1030.38	0.259135
1024.59	0.257149
1018.86	0.254944
1013.2	0.252675
1007.6	0.250453
1002.06	0.248239
996.576	0.245881
991.156	0.243271
985.795	0.240445
980.491	0.237553
975.244	0.234712
970.053	0.231894
964.917	0.228957
959.835	0.22579
954.806	0.222419
949.83	0.218988
944.905	0.215617
940.031	0.21229
935.207	0.208879
930.433	0.205268
925.707	0.201476
921.028	0.197637
916.397	0.193876
911.812	0.190189
907.273	0.186458
902.778	0.182571
898.328	0.178536
893.922	0.174476
889.559	0.170518
885.238	0.166673
880.958	0.162835
876.72	0.158894
872.523	0.154846
868.365	0.150806
864.247	0.146897
860.168	0.143145
856.127	0.139459
852.124	0.135732
848.159	0.131948
844.23	0.128207
840.337	0.124629
836.48	0.121254
832.658	0.118008
828.871	0.114787
825.118	0.11156
821.399	0.108407
817.714	0.105447
814.061	0.102731
810.441	0.100201
806.853	0.0977569
803.296	0.095351
799.771	0.0930396
796.277	0.090932
792.813	0.0890908
789.379	0.0874771
785.974	0.0859902
782.599	0.0845618
779.253	0.0832177
775.935	0.0820504
772.645	0.0811287
769.383	0.0804284
766.149	0.0798471
762.941	0.0792875
759.761	0.0787314
756.606	0.0782361
753.478	0.0778606
750.376	0.0775957
747.299	0.0773714
744.247	0.0771461
741.22	0.0769996
738.218	0.0771427
735.239	0.077824
732.285	0.0792016
729.354	0.0812794
726.447	0.0839491
723.563	0.0870875
720.702	0.0906137
717.863	0.0944629
715.046	0.0985185
712.251	0.102595
709.479	0.106514
706.727	0.110209
703.997	0.113769
701.288	0.117346
698.6	0.121012
695.932	0.124687
693.285	0.12821
690.657	0.131493
688.05	0.134611
685.462	0.137735
682.893	0.140966
680.344	0.144223
677.814	0.147302
675.302	0.150059
672.809	0.152547
670.334	0.154954
667.878	0.157411
665.439	0.159842
663.018	0.162005
660.615	0.163703
658.229	0.164965
655.86	0.166004
653.508	0.166996
651.173	0.167883
648.854	0.1684
646.553	0.16831
644.267	0.167629
641.997	0.166616
639.744	0.16552
637.506	0.164333
635.283	0.16279
633.077	0.16063
630.885	0.157877
628.709	0.15486
626.547	0.15193
624.4	0.149158
622.268	0.146292
620.151	0.143051
618.048	0.139463
615.959	0.135927
613.884	0.132904
611.823	0.13053
609.776	0.128522
607.742	0.1265
605.723	0.124418
603.716	0.122698
601.723	0.121888
599.742	0.122157
597.775	0.123101
595.821	0.124103
593.879	0.124941
591.95	0.126071
590.034	0.128258
588.13	0.1318
586.238	0.136029
584.358	0.139627
582.49	0.141629
580.634	0.142358
578.79	0.143518
576.958	0.147197
575.137	0.154425
573.328	0.164258
571.53	0.174066
569.743	0.18087
567.967	0.182846
566.203	0.180075
564.449	0.174123
562.706	0.166861
560.974	0.159339
559.253	0.151425
557.542	0.14231
555.841	0.131425
554.151	0.119087
552.471	0.106471
550.802	0.0949839
549.142	0.0855067
547.492	0.0779938
545.852	0.0716419
544.222	0.0654492
542.602	0.0587724
540.991	0.0515593
539.39	0.044198
537.798	0.0371769
536.216	0.0308153
534.643	0.0252051
533.079	0.0203119
531.524	0.0160942
529.979	0.0125396
528.442	0.00963066
526.914	0.00731647
525.395	0.00553694
523.885	0.00426984
522.383	0.0035405
520.89	0.00337558
519.405	0.00374833
517.929	0.00457739
516.461	0.00578675
515.002	0.00736817
513.551	0.00938012
512.108	0.011879
510.673	0.0148474
509.246	0.0181883
507.827	0.021791
506.415	0.0256032
505.012	0.0296426
503.616	0.0339419
502.229	0.0384849
500.848	0.0431956
499.476	0.0479828
498.111	0.0527898
496.753	0.0576018
495.402	0.0624195
494.059	0.0672418
492.724	0.0720839
491.395	0.077004
490.074	0.0820873
488.759	0.0873801
487.452	0.0928249
486.152	0.0982651
484.858	0.103521
483.572	0.108467
482.292	0.113043
481.019	0.117193
479.753	0.120826
478.493	0.123881
477.24	0.126464
475.994	0.128917
474.754	0.1317
473.52	0.135129
472.293	0.139142
471.072	0.143304
469.858	0.147069
468.649	0.150112
467.447	0.152481
466.251	0.154465
465.062	0.156309
463.878	0.158028
462.7	0.159458
461.528	0.160471
460.362	0.161135
459.202	0.161669
458.048	0.16225
456.9	0.162858
455.757	0.163302
454.62	0.163402
453.489	0.163136
452.363	0.162634
451.243	0.162025
450.129	0.161297
449.02	0.1603
447.916	0.15889
446.818	0.157053
445.725	0.154914
444.638	0.152605
443.556	0.15015
442.479	0.147454
441.407	0.144411
440.34	0.141017
439.279	0.137379
438.223	0.133625
437.171	0.129795
436.125	0.12583
435.084	0.121652
434.048	0.117254
433.017	0.112716
431.99	0.108143
430.969	0.103577
429.952	0.0989786
428.94	0.0942855
427.933	0.0894771
426.93	0.0845987
425.932	0.0797204
424.939	0.0748843
423.951	0.0700861
422.967	0.0653067
421.987	0.0605572
421.012	0.0559045
420.042	0.0514666
419.076	0.0473964
418.115	0.0438612
417.158	0.0410119
416.205	0.0389274
415.257	0.0375514
414.313	0.0366665
413.373	0.0359443
412.437	0.0350614
411.506	0.0338191
410.579	0.0321945
409.656	0.0302981
408.737	0.0282775
407.823	0.0262376
406.912	0.0242211
406.005	0.0222411
405.103	0.0203199
404.204	0.0184981
403.31	0.0168147
402.419	0.015285
401.533	0.0138999
400.65	0.0126443
399.771	0.0115147
398.896	0.0105201
398.025	0.00967185
397.157	0.00897283
396.294	0.00841903
395.434	0.0080069
394.578	0.00773786
393.725	0.00761581
392.877	0.00764295
392.031	0.0078206
391.19	0.0081549
390.352	0.00866124
389.518	0.00936339
388.687	0.0102919
387.86	0.0114904
387.036	0.0130347
386.216	0.0150576
385.399	0.0177675
384.586	0.0214492
383.776	0.0264372
382.969	0.0330562
382.166	0.0415254
381.367	0.0518417
380.57	0.0636809
379.777	0.0763775
378.987	0.0890301
378.201	0.100725
377.418	0.110793
376.638	0.118993
375.861	0.125501
375.087	0.130744
374.317	0.13514
373.55	0.138904
372.785	0.142007
372.024	0.144281
371.267	0.145593
370.512	0.145975
369.76	0.14567
369.011	0.14508
368.266	0.144643
367.523	0.144668
366.783	0.145162
366.047	0.145736
365.313	0.145687
364.582	0.144327
363.854	0.141469
363.129	0.137801
362.407	0.134846
361.688	0.134392
360.971	0.13762
360.258	0.144422
359.547	0.153376
358.839	0.162424
358.134	0.169865
357.432	0.17503
356.732	0.17826
356.035	0.180312
355.341	0.181756
354.649	0.182829
353.96	0.183803
353.274	0.185405
352.591	0.188787
351.91	0.19494
351.232	0.203957
350.556	0.214765
349.883	0.225551
349.213	0.234532
348.545	0.240455
347.879	0.242527
347.217	0.240064
346.556	0.232522
345.899	0.220211
345.243	0.205239
344.591	0.191723
343.94	0.184613
343.292	0.187477
342.647	0.20054
342.004	0.2203
341.363	0.241104
340.725	0.257767
340.089	0.26761
339.456	0.270848
338.825	0.269399
338.196	0.265229
337.569	0.259388
336.945	0.252128
336.324	0.243576
335.704	0.234178
335.087	0.224548
334.472	0.215047
333.859	0.2056
333.249	0.195991
332.64	0.186279
332.034	0.176903
331.43	0.168311
330.829	0.160493
330.229	0.152898
329.632	0.144874
329.037	0.136268
328.444	0.127639
327.853	0.119887
327.264	0.113611
326.678	0.108742
326.093	0.104716
325.511	0.100976
324.93	0.0973319
324.352	0.0939081
323.776	0.090831
323.201	0.0880402
322.629	0.0854284
322.059	0.0831295
321.491	0.0815906
320.925	0.0812693
320.361	0.0821965
319.799	0.0838313
319.238	0.0854074
318.68	0.0865249
318.124	0.087498
317.57	0.0891576
317.017	0.0922639
316.467	0.097003
315.918	0.102935
315.371	0.10937
314.826	0.115799
314.284	0.122062
313.743	0.128186
313.203	0.134155
312.666	0.139856
312.13	0.145195
311.597	0.150225
311.065	0.1551
310.535	0.159916
310.007	0.16461
309.48	0.169052
308.956	0.173206
308.433	0.177202
307.912	0.181201
307.392	0.185202
306.875	0.188998
306.359	0.192348
305.845	0.195203
305.332	0.197742
304.821	0.200166
304.312	0.202449
303.805	0.204314
303.3	0.205477
302.796	0.205925
302.293	0.20594
301.793	0.205824
301.294	0.205576
300.797	0.20488
300.301	0.203422
299.807	0.201246
299.314	0.198766
298.824	0.196397
298.335	0.194143
297.847	0.191572
297.361	0.188251
296.877	0.184224
296.394	0.180051
295.912	0.176292
295.433	0.172906
294.955	0.169162
294.478	0.164237
294.003	0.158018
293.529	0.151348
293.057	0.14543
292.587	0.140845
292.118	0.137049
291.65	0.132832
291.184	0.127389
290.72	0.121069
290.257	0.115131
289.795	0.110718
289.335	0.107907
288.877	0.105675
288.419	0.102787
287.964	0.0988284
287.509	0.0945198
287.057	0.0910951
286.605	0.0893417
286.155	0.0891237
285.706	0.0897071
285.259	0.0904802
284.813	0.0913763
284.369	0.0926814
283.926	0.0945303
283.484	0.0966556
283.044	0.0986376
282.605	0.100368
282.168	0.102227
281.731	0.104778
281.297	0.108283
280.863	0.11253
280.431	0.117108
280	0.121855
