1200	0.273202
1192.15	0.274613
1184.4	0.275758
1176.75	0.276554
1169.21	0.27716
1161.75	0.277826
1154.39	0.27865
1147.13	0.279481
1139.95	0.280058
1132.86	0.28025
1125.87	0.280179
1118.95	0.280102
1112.13	0.280166
1105.38	0.280262
1098.72	0.280128
1092.13	0.279593
1085.63	0.278735
1079.2	0.277809
1072.84	0.277003
1066.56	0.276256
1060.36	0.275317
1054.23	0.273977
1048.16	0.272271
1042.17	0.270441
1036.24	0.268709
1030.38	0.267066
1024.59	0.265278
1018.86	0.263111
1013.2	0.260552
1007.6	0.257823
1002.06	0.255172
996.576	0.252641
991.156	0.250025
985.795	0.247071
980.491	0.243721
975.244	0.240167
970.053	0.236676
964.917	0.233337
959.835	0.229985
954.806	0.226358
949.83	0.222352
944.905	0.218124
940.031	0.213949
935.207	0.209964
930.433	0.206044
925.707	0.201932
921.028	0.197484
916.397	0.192814
911.812	0.188192
907.273	0.183798
902.778	0.179557
898.328	0.175225
893.922	0.170622
889.559	0.165814
885.238	0.161056
880.958	0.156562
876.72	0.152313
872.523	0.148087
868.365	0.143678
864.247	0.139096
860.168	0.134568
856.127	0.130334
852.124	0.126434
848.159	0.122681
844.23	0.118849
840.337	0.114888
836.48	0.110982
832.658	0.107387
828.871	0.104201
825.118	0.101289
821.399	0.0984107
817.714	0.0954545
814.061	0.0925439
810.441	0.0899343
806.853	0.0877875
803.296	0.0860303
799.771	0.084425
796.277	0.0827894
792.813	0.0811677
789.379	0.0797992
785.974	0.0789088
782.599	0.0785049
779.253	0.0783662
775.935	0.0782349
772.645	0.0780503
769.383	0.0780138
766.149	0.0784173
762.941	0.079377
759.761	0.0807085
756.606	0.0820677
753.478	0.0832506
750.376	0.0843905
747.299	0.0858587
744.247	0.087927
741.22	0.0904806
738.218	0.093057
735.239	0.0952245
732.285	0.0969895
729.354	0.098848
726.447	0.101359
723.563	0.104545
720.702	0.10764
717.863	0.109495
715.046	0.109427
712.251	0.107859
709.479	0.106232
706.727	0.106135
703.997	0.108298
701.288	0.112186
698.6	0.116485
695.932	0.120094
693.285	0.122809
690.657	0.125216
688.05	0.127973
685.462	0.131164
682.893	0.134294
680.344	0.13686
677.814	0.138884
675.302	0.140858
672.809	0.143161
670.334	0.145544
667.878	0.147273
665.439	0.147873
663.018	0.147742
660.615	0.147913
658.229	0.148998
655.86	0.150199
653.508	0.149434
651.173	0.144775
648.854	0.13623
646.553	0.126409
644.267	0.119294
641.997	0.117816
639.744	0.121933
637.506	0.128633
635.283	0.133877
633.077	0.135069
630.885	0.132314
628.709	0.127727
626.547	0.123551
624.4	0.120615
622.268	0.118194
620.151	0.115102
618.048	0.110898
615.959	0.106212
613.884	0.102063
611.823	0.0989295
609.776	0.096422
607.742	0.0937624
605.723	0.0905345
603.716	0.0869958
601.723	0.0837253
599.742	0.0810124
597.775	0.0785825
595.821	0.0758853
593.879	0.0726235
591.95	0.0690067
590.034	0.0655156
588.13	0.0624384
586.238	0.0596338
584.358	0.0567245
582.49	0.0535033
580.634	0.050148
578.79	0.047051
576.958	0.0444499
575.137	0.0422253
573.328	0.0400486
571.53	0.0377207
569.743	0.035363
567.967	0.0332862
566.203	0.031678
564.449	0.0304204
562.706	0.0292112
560.974	0.027861
559.253	0.0264713
557.542	0.0253244
555.841	0.0245955
554.151	0.0241725
552.471	0.0237573
550.802	0.0231465
549.142	0.0224159
547.492	0.0218227
545.852	0.021517
544.222	0.0213391
542.602	0.0209089
540.991	0.0199328
539.39	0.0184425
537.798	0.0167262
536.216	0.014998
534.643	0.013121
533.079	0.0106953
531.524	0.00753397
529.979	0.00418991
528.442	0.00207614
526.914	0.00295448
525.395	0.00801015
523.885	0.0170599
522.383	0.0284173
520.89	0.0395574
519.405	0.0482334
517.929	0.053414
516.461	0.0555208
515.002	0.0558763
513.551	0.0557567
512.108	0.0556683
510.673	0.0552875
509.246	0.0540418
507.827	0.0518657
506.415	0.0495472
505.012	0.0483787
503.616	0.0493393
502.229	0.0523996
500.848	0.0564768
499.476	0.0601126
498.111	0.062418
496.753	0.0636248
495.402	0.0648618
494.059	0.0673296
492.724	0.0714681
491.395	0.0766874
490.074	0.0817949
488.759	0.0857552
487.452	0.0882306
486.152	0.0895868
484.858	0.0904757
483.572	0.0913828
482.292	0.0924543
481.019	0.0936201
479.753	0.0947929
478.493	0.0959353
477.24	0.0969893
475.994	0.0978193
474.754	0.0982824
473.52	0.0983567
472.293	0.0981568
471.072	0.0977632
469.858	0.0970135
468.649	0.0954966
467.447	0.0928243
466.251	0.08896
465.062	0.0842537
463.878	0.0790658
462.7	0.0732963
461.528	0.0663707
460.362	0.0579713
459.202	0.0491526
458.048	0.042956
456.9	0.0437533
455.757	0.0553447
454.62	0.0787838
453.489	0.111281
452.363	0.146978
451.243	0.179248
450.129	0.203227
449.02	0.217213
447.916	0.222395
446.818	0.221411
445.725	0.216832
444.638	0.210395
443.556	0.203092
442.479	0.195603
441.407	0.188519
440.34	0.182236
439.279	0.176754
438.223	0.171736
437.171	0.166804
436.125	0.161822
435.084	0.156892
434.048	0.152088
433.017	0.147233
431.99	0.141987
430.969	0.136199
429.952	0.130205
428.94	0.124725
427.933	0.120401
426.93	0.117307
425.932	0.114849
424.939	0.112157
423.951	0.108665
422.967	0.104442
421.987	0.100047
421.012	0.0960682
420.042	0.0927399
419.076	0.0899012
418.115	0.0872647
417.158	0.0847102
416.205	0.0823573
415.257	0.0804017
414.313	0.0789091
413.373	0.0777605
412.437	0.0767747
411.506	0.0758675
410.579	0.0750945
409.656	0.0745584
408.737	0.0742911
407.823	0.0742265
406.912	0.0742751
406.005	0.0744113
405.103	0.0746834
404.204	0.0751471
403.31	0.0758004
402.419	0.0765855
401.533	0.0774468
400.65	0.0783764
399.771	0.0794014
398.896	0.0805362
398.025	0.0817581
397.157	0.0830345
396.294	0.0843619
395.434	0.0857672
394.578	0.0872641
393.725	0.0888229
392.877	0.0903955
392.031	0.0919739
391.19	0.0935977
390.352	0.0952741
389.518	0.096878
388.687	0.0981715
387.86	0.0989986
387.036	0.0995335
386.216	0.100341
385.399	0.102106
384.586	0.105145
383.776	0.109059
382.969	0.112829
382.166	0.115353
381.367	0.116071
380.57	0.115222
379.777	0.113542
378.987	0.111662
378.201	0.109679
377.418	0.107244
376.638	0.104049
375.861	0.100293
375.087	0.0966998
374.317	0.0940662
373.55	0.0927031
372.785	0.0922232
372.024	0.0918405
371.267	0.0909328
370.512	0.0894261
369.76	0.0877332
369.011	0.0863554
368.266	0.085504
367.523	0.0850355
366.783	0.0846902
366.047	0.0843759
365.313	0.084233
364.582	0.0844504
363.854	0.0850345
363.129	0.085764
362.407	0.0863755
361.688	0.086805
360.971	0.0872537
360.258	0.0880069
359.547	0.0891619
358.839	0.0905063
358.134	0.0916648
357.432	0.0924048
356.732	0.0928487
356.035	0.0934153
355.341	0.0945219
354.649	0.0962698
353.96	0.0983447
353.274	0.100203
352.591	0.101405
351.91	0.101876
351.232	0.101916
350.556	0.102009
349.883	0.102555
349.213	0.103707
348.545	0.10539
347.879	0.107423
347.217	0.109654
346.556	0.112005
345.899	0.114435
345.243	0.116871
344.591	0.119186
343.94	0.121228
343.292	0.12288
342.647	0.124107
342.004	0.124958
341.363	0.12553
340.725	0.125923
340.089	0.126205
339.456	0.126403
338.825	0.126503
338.196	0.126477
337.569	0.126313
336.945	0.126036
336.324	0.125706
335.704	0.125379
335.087	0.125051
334.472	0.124646
333.859	0.124049
333.249	0.123196
332.64	0.122133
332.034	0.120986
331.43	0.119835
330.829	0.118603
330.229	0.117065
329.632	0.115015
329.037	0.112488
328.444	0.109831
327.853	0.107521
327.264	0.105795
326.678	0.104372
326.093	0.102504
325.511	0.0994196
324.93	0.0948633
324.352	0.0893724
323.776	0.0840331
323.201	0.0798496
322.629	0.0771391
322.059	0.0753677
321.491	0.0735387
320.925	0.0708516
320.361	0.0671744
319.799	0.0630315
319.238	0.0591728
318.68	0.0560785
318.124	0.05375
317.57	0.0518759
317.017	0.0501682
316.467	0.0485713
315.918	0.0472011
315.371	0.0461227
314.826	0.0451983
314.284	0.0441464
313.743	0.0427499
313.203	0.041018
312.666	0.0391625
312.13	0.0374228
311.597	0.0359074
311.065	0.0345924
310.535	0.0334623
310.007	0.0326423
309.48	0.0323753
308.956	0.0328411
308.433	0.033967
307.912	0.0354017
307.392	0.0367062
306.875	0.0376393
306.359	0.0383411
305.845	0.0392899
305.332	0.0410652
304.821	0.0440722
304.312	0.048382
303.805	0.0537406
303.3	0.059693
302.796	0.0657267
302.293	0.0713775
301.793	0.0762948
301.294	0.080284
300.797	0.0833277
300.301	0.0855614
299.807	0.0871946
299.314	0.0884075
298.824	0.0892811
298.335	0.0898019
297.847	0.0899267
297.361	0.0896487
296.877	0.0890094
296.394	0.0880527
295.912	0.0867701
295.433	0.085101
294.955	0.083011
294.478	0.0806155
294.003	0.078285
293.529	0.0766703
293.057	0.076623
292.587	0.0790155
292.118	0.0844915
291.65	0.0932075
291.184	0.104655
290.72	0.117662
290.257	0.130644
289.795	0.142033
289.335	0.150755
288.877	0.156512
288.419	0.159754
287.964	0.161352
287.509	0.16217
287.057	0.162751
286.605	0.163255
286.155	0.163607
285.706	0.163706
285.259	0.163546
284.813	0.163195
284.369	0.162721
283.926	0.162144
283.484	0.161455
283.044	0.16067
282.605	0.159843
282.168	0.159035
281.731	0.15827
281.297	0.157519
280.863	0.156746
280.431	0.155958
280	0.155198
