1200	89.265
1192.15	89.2528
1184.4	89.2412
1176.75	89.2445
1169.21	89.2704
1161.75	89.316
1154.39	89.3688
1147.13	89.4131
1139.95	89.4367
1132.86	89.4372
1125.87	89.4231
1118.95	89.41
1112.13	89.4132
1105.38	89.4405
1098.72	89.4885
1092.13	89.5437
1085.63	89.5889
1079.2	89.6111
1072.84	89.6076
1066.56	89.5877
1060.36	89.5684
1054.23	89.5666
1048.16	89.591
1042.17	89.6382
1036.24	89.6933
1030.38	89.7368
1024.59	89.7534
1018.86	89.739
1013.2	89.7032
1007.6	89.6648
1002.06	89.6439
996.576	89.6526
991.156	89.6887
985.795	89.7358
980.491	89.7693
975.244	89.766
970.053	89.7133
964.917	89.6143
959.835	89.4867
954.806	89.3572
949.83	89.252
944.905	89.1896
940.031	89.1764
935.207	89.2074
930.433	89.2705
925.707	89.3515
921.028	89.4381
916.397	89.5214
911.812	89.5953
907.273	89.655
902.778	89.6971
898.328	89.7211
893.922	89.7318
889.559	89.7406
885.238	89.7642
880.958	89.8195
876.72	89.9162
872.523	90.0515
868.365	90.2076
864.247	90.3566
860.168	90.4703
856.127	90.5325
852.124	90.5475
848.159	90.5413
844.23	90.5538
840.337	90.6233
836.48	90.7698
832.658	90.9847
828.871	91.2307
825.118	91.4548
821.399	91.6089
817.714	91.6711
814.061	91.6581
810.441	91.6236
806.853	91.6407
803.296	91.7758
799.771	92.0623
796.277	92.4849
792.813	92.9815
789.379	93.462
785.974	93.8376
782.599	94.0501
779.253	94.0902
775.935	93.9979
772.645	93.8453
769.383	93.7093
766.149	93.6447
762.941	93.668
759.761	93.7567
756.606	93.865
753.478	93.9467
750.376	93.9762
747.299	93.9589
744.247	93.9271
741.22	93.9233
738.218	93.9804
735.239	94.1051
732.285	94.2744
729.354	94.4444
726.447	94.5688
723.563	94.6183
720.702	94.5928
717.863	94.521
715.046	94.448
712.251	94.4162
709.479	94.4479
706.727	94.5369
703.997	94.652
701.288	94.7518
698.6	94.8023
695.932	94.7916
693.285	94.7345
690.657	94.6653
688.05	94.6225
685.462	94.6324
682.893	94.698
680.344	94.7986
677.814	94.8997
675.302	94.9679
672.809	94.9855
670.334	94.9578
667.878	94.9098
665.439	94.8749
663.018	94.88
660.615	94.9341
658.229	95.0249
655.86	95.1244
653.508	95.2021
651.173	95.2379
648.854	95.2306
646.553	95.1982
644.267	95.1689
641.997	95.1688
639.744	95.2101
637.506	95.2861
635.283	95.3743
633.077	95.4464
630.885	95.4808
628.709	95.4718
626.547	95.4318
624.4	95.3855
622.268	95.3593
620.151	95.3698
618.048	95.4168
615.959	95.4844
613.884	95.5476
611.823	95.5842
609.776	95.5835
607.742	95.551
605.723	95.5056
603.716	95.4705
601.723	95.4635
599.742	95.4893
597.775	95.5375
595.821	95.5881
593.879	95.62
591.95	95.6203
590.034	95.5898
588.13	95.5418
586.238	95.4966
584.358	95.4717
582.49	95.475
580.634	95.5013
578.79	95.5351
576.958	95.5576
575.137	95.5552
573.328	95.5251
571.53	95.4761
569.743	95.4243
567.967	95.3859
566.203	95.3693
564.449	95.372
562.706	95.3814
560.974	95.3806
559.253	95.3556
557.542	95.302
555.841	95.2266
554.151	95.1443
552.471	95.0726
550.802	95.0233
549.142	94.9984
547.492	94.989
545.852	94.9796
544.222	94.9546
542.602	94.905
540.991	94.8317
539.39	94.7451
537.798	94.6606
536.216	94.5917
534.643	94.545
533.079	94.5176
531.524	94.4987
529.979	94.4746
528.442	94.4342
526.914	94.3736
525.395	94.2971
523.885	94.2153
522.383	94.1401
520.89	94.0804
519.405	94.0386
517.929	94.0109
516.461	93.9897
515.002	93.9675
513.551	93.9406
512.108	93.9105
510.673	93.8831
509.246	93.8659
507.827	93.8647
506.415	93.8812
505.012	93.913
503.616	93.9549
502.229	94.0014
500.848	94.0497
499.476	94.0993
498.111	94.1518
496.753	94.2085
495.402	94.2674
494.059	94.3229
492.724	94.366
491.395	94.3879
490.074	94.3829
488.759	94.3512
487.452	94.3001
486.152	94.2417
484.858	94.1896
483.572	94.1547
482.292	94.1424
481.019	94.1518
479.753	94.1778
478.493	94.2146
477.24	94.2589
475.994	94.3121
474.754	94.3796
473.52	94.4677
472.293	94.5796
471.072	94.7125
469.858	94.8562
468.649	94.9955
467.447	95.1145
466.251	95.202
465.062	95.2556
463.878	95.2823
462.7	95.2967
461.528	95.3157
460.362	95.3522
459.202	95.4111
458.048	95.4877
456.9	95.5694
455.757	95.641
454.62	95.6906
453.489	95.7136
452.363	95.7148
451.243	95.706
450.129	95.7016
449.02	95.713
447.916	95.7443
446.818	95.7913
445.725	95.8433
444.638	95.8871
443.556	95.913
442.479	95.9176
441.407	95.9057
440.34	95.8876
439.279	95.8758
438.223	95.8794
437.171	95.9015
436.125	95.9377
435.084	95.9781
434.048	96.0115
433.017	96.0296
431.99	96.0299
430.969	96.0175
429.952	96.0026
428.94	95.9978
427.933	96.0136
426.93	96.0558
425.932	96.1234
424.939	96.2102
423.951	96.3065
422.967	96.4023
421.987	96.4901
421.012	96.5661
420.042	96.6307
419.076	96.6868
418.115	96.7389
417.158	96.7913
416.205	96.8469
415.257	96.907
414.313	96.9713
413.373	97.038
412.437	97.1044
411.506	97.1674
410.579	97.2239
409.656	97.2712
408.737	97.3083
407.823	97.3357
406.912	97.3554
406.005	97.3708
405.103	97.3852
404.204	97.4005
403.31	97.4165
402.419	97.4308
401.533	97.4395
400.65	97.4389
399.771	97.4271
398.896	97.4051
398.025	97.377
397.157	97.3482
396.294	97.3235
395.434	97.3048
394.578	97.2907
393.725	97.2765
392.877	97.2568
392.031	97.2286
391.19	97.1933
390.352	97.1576
389.518	97.1321
388.687	97.1273
387.86	97.1493
387.036	97.1965
386.216	97.2586
385.399	97.3191
384.586	97.3596
383.776	97.3663
382.969	97.3344
382.166	97.2697
381.367	97.1873
380.57	97.1063
379.777	97.0438
378.987	97.0101
378.201	97.0061
377.418	97.0256
376.638	97.0584
375.861	97.0968
375.087	97.1385
374.317	97.1879
373.55	97.2533
372.785	97.3426
372.024	97.458
371.267	97.5938
370.512	97.7365
369.76	97.8698
369.011	97.9797
368.266	98.0602
367.523	98.1154
366.783	98.1574
366.047	98.2016
365.313	98.2597
364.582	98.3348
363.854	98.4197
363.129	98.4997
362.407	98.5585
361.688	98.5857
360.971	98.5806
360.258	98.5535
359.547	98.5212
358.839	98.5002
358.134	98.4997
357.432	98.5172
356.732	98.5395
356.035	98.5481
355.341	98.5271
354.649	98.4702
353.96	98.3851
353.274	98.2903
352.591	98.2093
351.91	98.1612
351.232	98.1531
350.556	98.1771
349.883	98.2128
349.213	98.2353
348.545	98.2241
347.879	98.1713
347.217	98.0838
346.556	97.9801
345.899	97.8829
345.243	97.81
344.591	97.7677
343.94	97.7491
343.292	97.7386
342.647	97.7193
342.004	97.6812
341.363	97.6263
340.725	97.568
340.089	97.5257
339.456	97.5163
338.825	97.5466
338.196	97.6098
337.569	97.6872
336.945	97.7556
336.324	97.7961
335.704	97.8014
335.087	97.7788
334.472	97.7466
333.859	97.7269
333.249	97.736
332.64	97.7781
332.034	97.8435
331.43	97.913
330.829	97.9661
330.229	97.9892
329.632	97.9818
329.037	97.9563
328.444	97.9327
327.853	97.9306
327.264	97.9607
326.678	98.0209
326.093	98.0969
325.511	98.1686
324.93	98.2186
324.352	98.2392
323.776	98.2355
323.201	98.2231
322.629	98.2217
322.059	98.2464
321.491	98.3017
320.925	98.3802
320.361	98.4656
319.799	98.5397
319.238	98.5904
318.68	98.616
318.124	98.6262
317.57	98.637
317.017	98.6641
316.467	98.7164
315.918	98.7918
315.371	98.8792
314.826	98.963
314.284	99.03
313.743	99.0753
313.203	99.1039
312.666	99.1285
312.13	99.1637
311.597	99.2201
311.065	99.2992
310.535	99.3936
310.007	99.49
309.48	99.575
308.956	99.6409
308.433	99.6885
307.912	99.726
307.392	99.7653
306.875	99.8162
306.359	99.8822
305.845	99.9594
305.332	100.039
304.821	100.11
304.312	100.168
303.805	100.215
303.3	100.258
302.796	100.306
302.293	100.366
301.793	100.439
301.294	100.516
300.797	100.585
300.301	100.634
299.807	100.657
299.314	100.66
298.824	100.656
298.335	100.661
297.847	100.687
297.361	100.738
296.877	100.804
296.394	100.864
295.912	100.894
295.433	100.878
294.955	100.808
294.478	100.694
294.003	100.558
293.529	100.425
293.057	100.317
292.587	100.245
292.118	100.204
291.65	100.182
291.184	100.161
290.72	100.128
290.257	100.083
289.795	100.034
289.335	99.9965
288.877	99.9858
288.419	100.01
287.964	100.066
287.509	100.142
287.057	100.219
286.605	100.284
286.155	100.33
285.706	100.361
285.259	100.39
284.813	100.431
284.369	100.494
283.926	100.579
283.484	100.677
283.044	100.772
282.605	100.851
282.168	100.906
281.731	100.941
281.297	100.967
280.863	100.998
280.431	101.041
280	101.099
