1200	99.7403
1192.15	99.7335
1184.4	99.7308
1176.75	99.7334
1169.21	99.7374
1161.75	99.7373
1154.39	99.7317
1147.13	99.7244
1139.95	99.7211
1132.86	99.7235
1125.87	99.7276
1118.95	99.7281
1112.13	99.7229
1105.38	99.7157
1098.72	99.7121
1092.13	99.7145
1085.63	99.7193
1079.2	99.7207
1072.84	99.7163
1066.56	99.7095
1060.36	99.7061
1054.23	99.7088
1048.16	99.7146
1042.17	99.7174
1036.24	99.7141
1030.38	99.708
1024.59	99.705
1018.86	99.7084
1013.2	99.7154
1007.6	99.7197
1002.06	99.7179
996.576	99.7126
991.156	99.7102
985.795	99.7143
980.491	99.7226
975.244	99.7287
970.053	99.7284
964.917	99.7241
959.835	99.7221
954.806	99.7269
949.83	99.7365
944.905	99.7443
940.031	99.7455
935.207	99.7419
930.433	99.7402
925.707	99.7455
921.028	99.7562
916.397	99.7655
911.812	99.7681
907.273	99.765
902.778	99.7631
898.328	99.7684
893.922	99.7799
889.559	99.7906
885.238	99.7941
880.958	99.7911
876.72	99.7886
872.523	99.7935
868.365	99.8053
864.247	99.8169
860.168	99.8211
856.127	99.8177
852.124	99.814
848.159	99.8178
844.23	99.8295
840.337	99.8418
836.48	99.8462
832.658	99.8419
828.871	99.8364
825.118	99.8385
821.399	99.8497
817.714	99.8623
814.061	99.8669
810.441	99.8613
806.853	99.8532
803.296	99.8529
799.771	99.8633
796.277	99.8763
792.813	99.8809
789.379	99.8736
785.974	99.8624
782.599	99.8593
779.253	99.8686
775.935	99.8823
772.645	99.8872
769.383	99.8782
766.149	99.8633
762.941	99.8569
759.761	99.8653
756.606	99.8804
753.478	99.8863
750.376	99.8754
747.299	99.8562
744.247	99.8461
741.22	99.8547
738.218	99.873
735.239	99.8814
732.285	99.8682
729.354	99.8425
726.447	99.8279
723.563	99.8401
720.702	99.8702
717.863	99.8895
715.046	99.8748
712.251	99.8307
709.479	99.7897
706.727	99.7849
703.997	99.8215
701.288	99.8699
698.6	99.8904
695.932	99.8671
693.285	99.8217
690.657	99.794
688.05	99.8062
685.462	99.8431
682.893	99.8666
680.344	99.8519
677.814	99.8119
675.302	99.7858
672.809	99.8021
670.334	99.8493
667.878	99.8829
665.439	99.8647
663.018	99.8004
660.615	99.7393
658.229	99.7338
655.86	99.7935
653.508	99.8737
651.173	99.9116
648.854	99.8786
646.553	99.8055
644.267	99.7557
641.997	99.7708
639.744	99.8354
637.506	99.8914
635.283	99.89
633.077	99.8345
630.885	99.7764
628.709	99.7692
626.547	99.8203
624.4	99.8851
622.268	99.9068
620.151	99.8675
618.048	99.8038
615.959	99.7735
613.884	99.8041
611.823	99.8685
609.776	99.9102
607.742	99.8939
605.723	99.8368
603.716	99.7921
601.723	99.801
599.742	99.8559
597.775	99.9081
595.821	99.9127
593.879	99.8685
591.95	99.8183
590.034	99.8089
588.13	99.8494
586.238	99.9032
584.358	99.9225
582.49	99.8917
580.634	99.8408
578.79	99.8172
576.958	99.8422
575.137	99.8922
573.328	99.9211
571.53	99.9029
569.743	99.8548
567.967	99.8211
566.203	99.8319
564.449	99.8758
562.706	99.9115
560.974	99.9056
559.253	99.8638
557.542	99.8244
555.841	99.8229
554.151	99.8595
552.471	99.8993
550.802	99.9054
549.142	99.8724
547.492	99.8313
545.852	99.8203
544.222	99.8492
542.602	99.8913
540.991	99.9083
539.39	99.8861
537.798	99.8476
536.216	99.8308
534.643	99.8538
533.079	99.8976
531.524	99.924
529.979	99.9105
528.442	99.8702
526.914	99.8385
525.395	99.8396
523.885	99.8643
522.383	99.8801
520.89	99.8629
519.405	99.8211
517.929	99.7888
516.461	99.7938
515.002	99.8316
513.551	99.8689
512.108	99.8731
510.673	99.8427
509.246	99.8072
507.827	99.7999
506.415	99.8265
505.012	99.8602
503.616	99.8672
502.229	99.8386
500.848	99.7988
499.476	99.783
498.111	99.8037
496.753	99.8392
495.402	99.8536
494.059	99.8307
492.724	99.7892
491.395	99.7659
490.074	99.7805
488.759	99.8175
487.452	99.8403
486.152	99.8255
484.858	99.7858
483.572	99.7588
482.292	99.7716
481.019	99.8152
479.753	99.8513
478.493	99.8474
477.24	99.8068
475.994	99.7662
474.754	99.7612
473.52	99.792
472.293	99.821
471.072	99.8056
469.858	99.7373
468.649	99.6517
467.447	99.5994
466.251	99.6028
465.062	99.6387
463.878	99.6601
462.7	99.639
461.528	99.5907
460.362	99.5585
459.202	99.5727
458.048	99.622
456.9	99.6638
455.757	99.6622
454.62	99.6209
453.489	99.5796
452.363	99.5777
451.243	99.6186
450.129	99.667
449.02	99.6811
447.916	99.6501
446.818	99.6041
445.725	99.5856
444.638	99.6115
443.556	99.658
442.479	99.6834
441.407	99.6663
440.34	99.6245
439.279	99.5982
438.223	99.6123
437.171	99.6539
436.125	99.6847
435.084	99.6761
434.048	99.6357
433.017	99.6001
431.99	99.6009
430.969	99.6361
429.952	99.6725
428.94	99.6763
427.933	99.6441
426.93	99.6055
425.932	99.5957
424.939	99.623
423.951	99.6622
422.967	99.6775
421.987	99.6558
421.012	99.6176
420.042	99.5974
419.076	99.6117
418.115	99.6447
417.158	99.6638
416.205	99.6505
415.257	99.6173
414.313	99.5954
413.373	99.6052
412.437	99.6368
411.506	99.6596
410.579	99.6509
409.656	99.6174
408.737	99.5885
407.823	99.5891
406.912	99.6163
406.005	99.6422
405.103	99.64
404.204	99.6091
403.31	99.5758
402.419	99.5684
401.533	99.5913
400.65	99.6204
399.771	99.6262
398.896	99.6006
398.025	99.5648
397.157	99.5496
396.294	99.5662
395.434	99.5963
394.578	99.6089
393.725	99.5897
392.877	99.5543
392.031	99.5344
391.19	99.5481
390.352	99.5835
389.518	99.6091
388.687	99.6032
387.86	99.5735
387.036	99.55
386.216	99.5567
385.399	99.5897
384.586	99.6204
383.776	99.6224
382.969	99.5958
382.166	99.5672
381.367	99.5647
380.57	99.5913
379.777	99.6223
378.987	99.6276
378.201	99.6003
377.418	99.5632
376.638	99.5486
375.861	99.5683
375.087	99.6027
374.317	99.6183
373.55	99.5986
372.785	99.5586
372.024	99.5317
371.267	99.5387
370.512	99.5689
369.76	99.5903
369.011	99.5787
368.266	99.5401
367.523	99.5051
366.783	99.501
366.047	99.5266
365.313	99.5541
364.582	99.5539
363.854	99.5218
363.129	99.4824
362.407	99.4665
361.688	99.4832
360.971	99.5123
360.258	99.5234
359.547	99.5035
358.839	99.4676
358.134	99.4434
357.432	99.4455
356.732	99.4623
356.035	99.4692
355.341	99.4531
354.649	99.4256
353.96	99.4122
353.274	99.4264
352.591	99.4558
351.91	99.4724
351.232	99.4586
350.556	99.4249
349.883	99.401
349.213	99.4083
348.545	99.4392
347.879	99.4626
347.217	99.4523
346.556	99.412
345.899	99.3733
345.243	99.3684
344.591	99.4003
343.94	99.4392
343.292	99.4484
342.647	99.417
342.004	99.3707
341.363	99.349
340.725	99.3701
340.089	99.4147
339.456	99.4424
338.825	99.4279
338.196	99.3834
337.569	99.3477
336.945	99.3522
336.324	99.3929
335.704	99.4344
335.087	99.441
334.472	99.4076
333.859	99.3627
333.249	99.3427
332.64	99.3598
332.034	99.3937
331.43	99.4119
330.829	99.4001
330.229	99.3736
329.632	99.3618
329.037	99.3791
328.444	99.4119
327.853	99.4316
327.264	99.4215
326.678	99.3927
326.093	99.3728
325.511	99.3799
324.93	99.4056
324.352	99.4228
323.776	99.4126
323.201	99.3823
322.629	99.3593
322.059	99.3654
321.491	99.3955
320.925	99.4214
320.361	99.4178
319.799	99.3862
319.238	99.3541
318.68	99.3507
318.124	99.3791
317.57	99.4129
317.017	99.4201
316.467	99.3921
315.918	99.3526
315.371	99.3361
314.826	99.3565
314.284	99.3939
313.743	99.4123
313.203	99.3922
312.666	99.3491
312.13	99.3196
311.597	99.3285
311.065	99.3658
310.535	99.3954
310.007	99.3875
309.48	99.346
308.956	99.3053
308.433	99.2994
307.912	99.3308
307.392	99.3686
306.875	99.3756
306.359	99.3422
305.845	99.2953
305.332	99.274
304.821	99.2943
304.312	99.3348
303.805	99.3561
303.3	99.3359
302.796	99.2896
302.293	99.2559
301.793	99.2618
301.294	99.2988
300.797	99.3303
300.301	99.3254
299.807	99.2863
299.314	99.2465
298.824	99.2397
298.335	99.2696
297.847	99.3064
297.361	99.3145
296.877	99.2848
296.394	99.2428
295.912	99.2253
295.433	99.2468
294.955	99.2861
294.478	99.3054
294.003	99.2846
293.529	99.2398
293.057	99.2082
292.587	99.2154
292.118	99.2523
291.65	99.2836
291.184	99.2797
290.72	99.2432
290.257	99.2054
289.795	99.1977
289.335	99.2237
288.877	99.2565
288.419	99.2643
287.964	99.2391
287.509	99.2039
287.057	99.1904
286.605	99.2101
286.155	99.2434
285.706	99.2583
285.259	99.2398
284.813	99.2033
284.369	99.1802
283.926	99.1888
283.484	99.2173
283.044	99.2355
282.605	99.2228
282.168	99.1874
281.731	99.1588
281.297	99.1601
280.863	99.1862
280.431	99.2083
280	99.2002
