1200	0.276287
1192.15	0.277335
1184.4	0.278222
1176.75	0.279138
1169.21	0.280154
1161.75	0.281146
1154.39	0.281913
1147.13	0.282371
1139.95	0.282635
1132.86	0.282899
1125.87	0.28324
1118.95	0.283538
1112.13	0.283592
1105.38	0.283317
1098.72	0.282824
1092.13	0.282309
1085.63	0.281854
1079.2	0.281344
1072.84	0.280581
1066.56	0.279475
1060.36	0.278138
1054.23	0.276766
1048.16	0.275444
1042.17	0.274063
1036.24	0.272426
1030.38	0.270447
1024.59	0.268233
1018.86	0.265981
1013.2	0.263778
1007.6	0.261519
1002.06	0.259015
996.576	0.256179
991.156	0.253118
985.795	0.250025
980.491	0.246991
975.244	0.243918
970.053	0.24062
964.917	0.237016
959.835	0.23321
954.806	0.229391
949.83	0.225651
944.905	0.221898
940.031	0.217958
935.207	0.213751
930.433	0.209379
925.707	0.205024
921.028	0.20078
916.397	0.196564
911.812	0.19221
907.273	0.187644
902.778	0.182961
898.328	0.178337
893.922	0.173865
889.559	0.169472
885.238	0.165007
880.958	0.160395
876.72	0.155724
872.523	0.151161
868.365	0.146799
864.247	0.142578
860.168	0.138358
856.127	0.134065
852.124	0.129775
848.159	0.125645
844.23	0.121767
840.337	0.118096
836.48	0.114503
832.658	0.110913
828.871	0.107385
825.118	0.104062
821.399	0.101039
817.714	0.0982846
814.061	0.0956799
810.441	0.093144
806.853	0.0907167
803.296	0.0885252
799.771	0.0866676
796.277	0.085125
792.813	0.0837864
789.379	0.0825599
785.974	0.081463
782.599	0.080608
779.253	0.0800948
775.935	0.0799143
772.645	0.0799556
769.383	0.0801108
766.149	0.0803769
762.941	0.080855
759.761	0.0816433
756.606	0.0827261
753.478	0.0839722
750.376	0.085251
747.299	0.0865548
744.247	0.0879919
741.22	0.0896359
738.218	0.0913678
735.239	0.0928864
732.285	0.093927
729.354	0.0945259
726.447	0.0950857
723.563	0.0961438
720.702	0.0980069
717.863	0.100556
715.046	0.103404
712.251	0.106274
709.479	0.109266
706.727	0.112754
703.997	0.117001
701.288	0.121847
698.6	0.126769
695.932	0.13128
693.285	0.135297
690.657	0.139141
688.05	0.143154
685.462	0.147325
682.893	0.151275
680.344	0.154627
677.814	0.157392
675.302	0.159972
672.809	0.162756
670.334	0.165709
667.878	0.168374
665.439	0.170311
663.018	0.171542
660.615	0.172547
658.229	0.173776
655.86	0.175167
653.508	0.176161
651.173	0.176235
648.854	0.17544
646.553	0.17438
644.267	0.173602
641.997	0.173011
639.744	0.171896
637.506	0.16962
635.283	0.166293
633.077	0.162723
630.885	0.159632
628.709	0.156867
626.547	0.153458
624.4	0.148552
622.268	0.142357
620.151	0.136094
618.048	0.130832
615.959	0.126222
613.884	0.120426
611.823	0.111564
609.776	0.0996189
607.742	0.0871163
605.723	0.0778015
603.716	0.0741605
601.723	0.0756681
599.742	0.0791294
597.775	0.0808418
595.821	0.0789134
593.879	0.0740621
591.95	0.068534
590.034	0.0642366
588.13	0.061602
586.238	0.0598589
584.358	0.0581508
582.49	0.0563797
580.634	0.0551337
578.79	0.0549807
576.958	0.0559102
575.137	0.0574145
573.328	0.0590139
571.53	0.0606531
569.743	0.0626137
567.967	0.0651056
566.203	0.0679838
564.449	0.0708459
562.706	0.0733597
560.974	0.075469
559.253	0.0772884
557.542	0.0788289
555.841	0.0798454
554.151	0.0799564
552.471	0.0789237
550.802	0.0768552
549.142	0.0741878
547.492	0.0714881
545.852	0.0692065
544.222	0.0674991
542.602	0.0661686
540.991	0.0647435
539.39	0.0626879
537.798	0.0596674
536.216	0.0557183
534.643	0.0511843
533.079	0.0464505
531.524	0.041693
529.979	0.0368811
528.442	0.0320537
526.914	0.0276044
525.395	0.024249
523.885	0.0226086
522.383	0.0227189
520.89	0.0239031
519.405	0.0251785
517.929	0.025906
516.461	0.0261634
515.002	0.0265501
513.551	0.0276139
512.108	0.0294039
510.673	0.0315058
509.246	0.0334716
507.827	0.0352181
506.415	0.0370433
505.012	0.039295
503.616	0.0420408
502.229	0.0450491
500.848	0.0480643
499.476	0.0510844
498.111	0.0543763
496.753	0.0582436
495.402	0.0627881
494.059	0.0678808
492.724	0.0733209
491.395	0.0789891
490.074	0.0848419
488.759	0.0907934
487.452	0.0966529
486.152	0.10221
484.858	0.107377
483.572	0.112239
482.292	0.11693
481.019	0.121483
479.753	0.125795
478.493	0.129737
477.24	0.133296
475.994	0.136573
474.754	0.139663
473.52	0.142541
472.293	0.145099
471.072	0.147281
469.858	0.149168
468.649	0.150892
467.447	0.15247
466.251	0.153755
465.062	0.154588
463.878	0.155015
462.7	0.155313
461.528	0.155727
460.362	0.156131
459.202	0.15596
458.048	0.154575
456.9	0.151801
455.757	0.14821
454.62	0.144834
453.489	0.142501
452.363	0.141283
451.243	0.140488
450.129	0.139191
449.02	0.136849
447.916	0.13355
446.818	0.129748
445.725	0.125786
444.638	0.121626
443.556	0.116984
442.479	0.111681
441.407	0.105882
440.34	0.0999942
439.279	0.0943606
438.223	0.0890244
437.171	0.0837617
436.125	0.0783385
435.084	0.0727579
434.048	0.0673011
433.017	0.0623502
431.99	0.0581505
430.969	0.0546863
429.952	0.0517257
428.94	0.0489552
427.933	0.046086
426.93	0.042883
425.932	0.0391531
424.939	0.0347607
423.951	0.0296849
422.967	0.0240624
421.987	0.0181498
421.012	0.0122062
420.042	0.00639602
419.076	0.000837668
418.115	-0.00416934
417.158	-0.00787709
416.205	-0.00903278
415.257	-0.00621728
414.313	0.00148525
413.373	0.0138273
412.437	0.0291774
411.506	0.0449603
410.579	0.0585854
409.656	0.0683696
408.737	0.0739666
407.823	0.0761308
406.912	0.0760636
406.005	0.0747949
405.103	0.0729291
404.204	0.0707588
403.31	0.0685007
402.419	0.066405
401.533	0.064688
400.65	0.0634235
399.771	0.0625422
398.896	0.0619508
398.025	0.0616474
397.157	0.0617187
396.294	0.0622308
395.434	0.0631363
394.578	0.0642966
393.725	0.0655984
392.877	0.0670437
392.031	0.0687206
391.19	0.0706855
390.352	0.0728779
389.518	0.0751531
388.687	0.0774042
387.86	0.0796472
387.036	0.0819856
386.216	0.0844855
385.399	0.0870839
384.586	0.0896222
383.776	0.0919753
382.969	0.0941523
382.166	0.0962682
381.367	0.0984075
380.57	0.100506
379.777	0.102365
378.987	0.103801
378.201	0.104796
377.418	0.105504
376.638	0.106084
375.861	0.106496
375.087	0.106455
374.317	0.10565
373.55	0.10413
372.785	0.102585
372.024	0.102247
371.267	0.10436
370.512	0.109479
369.76	0.117026
369.011	0.125442
368.266	0.132904
367.523	0.138195
366.783	0.141196
366.047	0.142705
365.313	0.143729
364.582	0.144781
363.854	0.145637
363.129	0.145679
362.407	0.144484
361.688	0.142197
360.971	0.139428
360.258	0.136819
359.547	0.134669
358.839	0.132882
358.134	0.131201
357.432	0.129462
356.732	0.127656
356.035	0.125793
355.341	0.123786
354.649	0.121509
353.96	0.118977
353.274	0.116432
352.591	0.114191
351.91	0.112358
351.232	0.110652
350.556	0.108536
349.883	0.105588
349.213	0.101819
348.545	0.0976684
347.879	0.0937029
347.217	0.0902346
346.556	0.0871698
345.899	0.0841679
345.243	0.0809485
344.591	0.0774874
343.94	0.0739689
343.292	0.0705756
342.647	0.0673131
342.004	0.0640093
341.363	0.0604656
340.725	0.0566249
340.089	0.0526308
339.456	0.0487596
338.825	0.0453044
338.196	0.0425134
337.569	0.0406321
336.945	0.0400087
336.324	0.0411656
335.704	0.0447309
335.087	0.0511969
334.472	0.060584
333.859	0.0721909
333.249	0.0846207
332.64	0.0961407
332.034	0.105235
331.43	0.111061
330.829	0.113567
330.229	0.113242
329.632	0.110708
329.037	0.106442
328.444	0.100768
327.853	0.0940181
327.264	0.0866405
326.678	0.0791059
326.093	0.0716958
325.511	0.0643916
324.93	0.057027
324.352	0.0496545
323.776	0.0428883
323.201	0.0379706
322.629	0.0364691
322.059	0.0397111
321.491	0.0481842
320.925	0.0611424
320.361	0.0765968
319.799	0.0917694
319.238	0.103938
318.68	0.111398
318.124	0.11411
317.57	0.113661
317.017	0.112469
316.467	0.112603
315.918	0.114865
315.371	0.118639
314.826	0.122523
314.284	0.125281
313.743	0.126476
313.203	0.126482
312.666	0.126001
312.13	0.125566
311.597	0.125358
311.065	0.125359
310.535	0.125574
310.007	0.126091
309.48	0.126976
308.956	0.128189
308.433	0.129646
307.912	0.131363
307.392	0.13349
306.875	0.136143
306.359	0.139186
305.845	0.142179
305.332	0.144631
304.821	0.146356
304.312	0.147629
303.805	0.148957
303.3	0.15064
302.796	0.152473
302.293	0.15386
301.793	0.154256
301.294	0.153575
300.797	0.152225
300.301	0.150771
299.807	0.149515
299.314	0.148342
298.824	0.146945
298.335	0.145182
297.847	0.143256
297.361	0.141567
296.877	0.140389
296.394	0.139662
295.912	0.139082
295.433	0.138366
294.955	0.137475
294.478	0.136592
294.003	0.135917
293.529	0.135468
293.057	0.135075
292.587	0.13454
292.118	0.133807
291.65	0.132988
291.184	0.132228
290.72	0.131553
290.257	0.130839
289.795	0.129921
289.335	0.128738
288.877	0.127374
288.419	0.125967
287.964	0.124583
287.509	0.123162
287.057	0.121594
286.605	0.119837
286.155	0.117972
285.706	0.116143
285.259	0.114442
284.813	0.112853
284.369	0.111295
283.926	0.109732
283.484	0.10823
283.044	0.106917
282.605	0.105884
282.168	0.105121
281.731	0.104547
281.297	0.104105
280.863	0.103823
280.431	0.103788
280	0.104058
