1200	93.8446
1192.15	93.8406
1184.4	93.8241
1176.75	93.8124
1169.21	93.8209
1161.75	93.8549
1154.39	93.9069
1147.13	93.9602
1139.95	93.9974
1132.86	94.0091
1125.87	93.9987
1118.95	93.9812
1112.13	93.9753
1105.38	93.9941
1098.72	94.0386
1092.13	94.0966
1085.63	94.1488
1079.2	94.1785
1072.84	94.1798
1066.56	94.1612
1060.36	94.1411
1054.23	94.1391
1048.16	94.1659
1042.17	94.2178
1036.24	94.2779
1030.38	94.3244
1024.59	94.341
1018.86	94.3256
1013.2	94.2911
1007.6	94.2601
1002.06	94.2536
996.576	94.2806
991.156	94.3329
985.795	94.3881
980.491	94.4187
975.244	94.4045
970.053	94.3418
964.917	94.245
959.835	94.1413
954.806	94.06
949.83	94.0216
944.905	94.0315
940.031	94.0808
935.207	94.1516
930.433	94.2266
925.707	94.2947
921.028	94.3534
916.397	94.4056
911.812	94.4554
907.273	94.5035
902.778	94.547
898.328	94.5828
893.922	94.6121
889.559	94.6426
885.238	94.6868
880.958	94.7566
876.72	94.8559
872.523	94.9759
868.365	95.0969
864.247	95.1955
860.168	95.2559
856.127	95.2788
852.124	95.2838
848.159	95.3028
844.23	95.3663
840.337	95.4884
836.48	95.658
832.658	95.8404
828.871	95.991
825.118	96.0743
821.399	96.0822
817.714	96.0412
814.061	96.006
810.441	96.0398
806.853	96.1893
803.296	96.4642
799.771	96.8302
796.277	97.2183
792.813	97.5481
789.379	97.7549
785.974	97.811
782.599	97.7326
779.253	97.5709
775.935	97.3907
772.645	97.2469
769.383	97.1671
766.149	97.1479
762.941	97.1637
759.761	97.1837
756.606	97.188
753.478	97.177
750.376	97.1683
747.299	97.1858
744.247	97.2454
741.22	97.3449
738.218	97.4632
735.239	97.5688
732.285	97.6333
729.354	97.6444
726.447	97.6109
723.563	97.5588
720.702	97.5194
717.863	97.516
715.046	97.5536
712.251	97.6179
709.479	97.6823
706.727	97.7209
703.997	97.7198
701.288	97.6836
698.6	97.6322
695.932	97.5918
693.285	97.5827
690.657	97.6107
688.05	97.6647
685.462	97.7226
682.893	97.7617
680.344	97.7687
677.814	97.7458
675.302	97.7088
672.809	97.6795
670.334	97.6759
667.878	97.7038
665.439	97.755
663.018	97.8111
660.615	97.8524
658.229	97.8666
655.86	97.8543
653.508	97.8281
651.173	97.8064
648.854	97.8052
646.553	97.8305
644.267	97.8763
641.997	97.9272
639.744	97.9662
637.506	97.9819
635.283	97.9736
633.077	97.9513
630.885	97.9309
628.709	97.9265
626.547	97.9446
624.4	97.9808
622.268	98.0225
620.151	98.0546
618.048	98.0665
615.959	98.0565
613.884	98.0327
611.823	98.0082
609.776	97.9959
607.742	98.0016
605.723	98.0224
603.716	98.0475
601.723	98.0643
599.742	98.0635
597.775	98.0444
595.821	98.0146
593.879	97.9867
591.95	97.9724
590.034	97.9767
588.13	97.9958
586.238	98.0186
584.358	98.0317
582.49	98.026
580.634	98.0005
578.79	97.9635
576.958	97.9282
575.137	97.9072
573.328	97.9062
571.53	97.9213
569.743	97.941
567.967	97.9507
566.203	97.9403
564.449	97.9086
562.706	97.864
560.974	97.8211
559.253	97.7936
557.542	97.7882
555.841	97.801
554.151	97.8191
552.471	97.8268
550.802	97.8126
549.142	97.7748
547.492	97.7228
545.852	97.6727
544.222	97.6399
542.602	97.6318
540.991	97.6437
539.39	97.661
537.798	97.6653
536.216	97.6435
534.643	97.5938
533.079	97.5272
531.524	97.4627
529.979	97.4182
528.442	97.4021
526.914	97.409
525.395	97.4212
523.885	97.4175
522.383	97.3829
520.89	97.3171
519.405	97.2354
517.929	97.1632
516.461	97.1243
515.002	97.13
513.551	97.1728
512.108	97.2283
510.673	97.2657
509.246	97.2608
507.827	97.2078
506.415	97.1223
505.012	97.0354
503.616	96.9805
502.229	96.9782
500.848	97.0265
499.476	97.1011
498.111	97.1654
496.753	97.1864
495.402	97.1491
494.059	97.0645
492.724	96.9647
491.395	96.8899
490.074	96.8707
488.759	96.9153
487.452	97.0054
486.152	97.1048
484.858	97.1753
483.572	97.1937
482.292	97.1615
481.019	97.1047
479.753	97.0616
478.493	97.0655
477.24	97.1299
475.994	97.243
474.754	97.3732
473.52	97.4841
472.293	97.5512
471.072	97.5733
469.858	97.5728
468.649	97.5849
467.447	97.6405
466.251	97.7503
465.062	97.8985
463.878	98.0471
462.7	98.1508
461.528	98.1756
460.362	98.1121
459.202	97.9786
458.048	97.8135
456.9	97.659
455.757	97.545
454.62	97.4802
453.489	97.4526
452.363	97.4403
451.243	97.4247
450.129	97.4019
449.02	97.3844
447.916	97.394
446.818	97.4491
445.725	97.5527
444.638	97.6875
443.556	97.8213
442.479	97.9203
441.407	97.9636
440.34	97.9537
439.279	97.9158
438.223	97.8871
437.171	97.9004
436.125	97.969
435.084	98.0802
434.048	98.2007
433.017	98.2912
431.99	98.3242
430.969	98.2966
429.952	98.2318
428.94	98.1693
427.933	98.1479
426.93	98.1879
425.932	98.2824
424.939	98.4
423.951	98.4986
422.967	98.5441
421.987	98.5252
421.012	98.458
420.042	98.3793
419.076	98.3303
418.115	98.3388
417.158	98.4079
416.205	98.5152
415.257	98.6232
414.313	98.6957
413.373	98.7131
412.437	98.6797
411.506	98.6203
410.579	98.5681
409.656	98.5501
408.737	98.5757
407.823	98.6341
406.912	98.7009
406.005	98.7498
405.103	98.7655
404.204	98.7493
403.31	98.7176
402.419	98.6937
401.533	98.696
400.65	98.7305
399.771	98.7888
398.896	98.8529
398.025	98.9046
397.157	98.9343
396.294	98.945
395.434	98.9501
394.578	98.9667
393.725	99.0075
392.877	99.0753
392.031	99.1629
391.19	99.2573
390.352	99.346
389.518	99.4225
388.687	99.4869
387.86	99.5431
387.036	99.5928
386.216	99.6317
385.399	99.6491
384.586	99.6328
383.776	99.5754
382.969	99.4815
382.166	99.3688
381.367	99.2641
380.57	99.1944
379.777	99.1766
378.987	99.2111
378.201	99.2819
377.418	99.3636
376.638	99.4325
375.861	99.4761
375.087	99.498
374.317	99.5149
373.55	99.5471
372.785	99.6076
372.024	99.6952
371.267	99.7935
370.512	99.8779
369.76	99.9274
369.011	99.9343
368.266	99.9086
367.523	99.874
366.783	99.8574
366.047	99.8767
365.313	99.932
364.582	100.005
363.854	100.068
363.129	100.095
362.407	100.074
361.688	100.015
360.971	99.9421
360.258	99.8869
359.547	99.8714
358.839	99.8993
358.134	99.9533
357.432	100.004
356.732	100.02
356.035	99.9871
355.341	99.9094
354.649	99.8112
353.96	99.7248
353.274	99.6761
352.591	99.6734
351.91	99.703
351.232	99.7358
350.556	99.7403
349.883	99.6967
349.213	99.6057
348.545	99.4886
347.879	99.3779
347.217	99.3024
346.556	99.2755
345.899	99.2887
345.243	99.3165
344.591	99.3276
343.94	99.2992
343.292	99.2274
342.647	99.1286
342.004	99.0321
341.363	98.9674
340.725	98.9512
340.089	98.9802
339.456	99.0331
338.825	99.0796
338.196	99.0935
337.569	99.0628
336.945	98.9934
336.324	98.9045
335.704	98.8187
335.087	98.7511
334.472	98.7031
333.859	98.6628
333.249	98.6126
332.64	98.5391
332.034	98.4413
331.43	98.3328
330.829	98.2369
330.229	98.1773
329.632	98.1674
329.037	98.2051
328.444	98.2731
327.853	98.3469
327.264	98.4045
326.678	98.4354
326.093	98.4442
325.511	98.4471
324.93	98.4637
324.352	98.5077
323.776	98.5811
323.201	98.673
322.629	98.7659
322.059	98.8433
321.491	98.8974
320.925	98.9319
320.361	98.9603
319.799	98.9983
319.238	99.0569
318.68	99.1372
318.124	99.2298
317.57	99.3199
317.017	99.3943
316.467	99.4471
315.918	99.4828
315.371	99.5133
314.826	99.5524
314.284	99.6092
313.743	99.6838
313.203	99.7672
312.666	99.8462
312.13	99.909
311.597	99.9511
311.065	99.9769
310.535	99.9977
310.007	100.026
309.48	100.07
308.956	100.131
308.433	100.199
307.912	100.265
307.392	100.316
306.875	100.35
306.359	100.371
305.845	100.388
305.332	100.411
304.821	100.448
304.312	100.497
303.805	100.551
303.3	100.6
302.796	100.635
302.293	100.653
301.793	100.66
301.294	100.666
300.797	100.682
300.301	100.714
299.807	100.765
299.314	100.827
298.824	100.893
298.335	100.951
297.847	100.998
297.361	101.033
296.877	101.058
296.394	101.079
295.912	101.1
295.433	101.122
294.955	101.146
294.478	101.17
294.003	101.195
293.529	101.223
293.057	101.257
292.587	101.299
292.118	101.345
291.65	101.39
291.184	101.424
290.72	101.44
290.257	101.435
289.795	101.413
289.335	101.384
288.877	101.363
288.419	101.358
287.964	101.373
287.509	101.401
287.057	101.427
286.605	101.434
286.155	101.411
285.706	101.352
285.259	101.264
284.813	101.16
284.369	101.055
283.926	100.959
283.484	100.875
283.044	100.798
282.605	100.722
282.168	100.64
281.731	100.556
281.297	100.478
280.863	100.422
280.431	100.4
280	100.417
