1200	99.7074
1192.15	99.7278
1184.4	99.7414
1176.75	99.7451
1169.21	99.7456
1161.75	99.7525
1154.39	99.7689
1147.13	99.7883
1139.95	99.8008
1132.86	99.8032
1125.87	99.8021
1118.95	99.8072
1112.13	99.8218
1105.38	99.8395
1098.72	99.8505
1092.13	99.8511
1085.63	99.8478
1079.2	99.8505
1072.84	99.8629
1066.56	99.8786
1060.36	99.8877
1054.23	99.8862
1048.16	99.8805
1042.17	99.8805
1036.24	99.8904
1030.38	99.9041
1024.59	99.9113
1018.86	99.9077
1013.2	99.8994
1007.6	99.8968
1002.06	99.9044
996.576	99.9163
991.156	99.9219
985.795	99.9165
980.491	99.9058
975.244	99.9006
970.053	99.9062
964.917	99.9168
959.835	99.9215
954.806	99.9147
949.83	99.9019
944.905	99.8947
940.031	99.8987
935.207	99.9088
930.433	99.9132
925.707	99.9057
921.028	99.8914
916.397	99.8824
911.812	99.8855
907.273	99.8957
902.778	99.9009
898.328	99.8935
893.922	99.8781
889.559	99.8677
885.238	99.8703
880.958	99.8818
876.72	99.8889
872.523	99.8824
868.365	99.8663
864.247	99.8544
860.168	99.8572
856.127	99.8713
852.124	99.8821
848.159	99.8774
844.23	99.8599
840.337	99.8454
836.48	99.8488
832.658	99.8695
828.871	99.8904
825.118	99.8924
821.399	99.871
817.714	99.8409
814.061	99.8243
810.441	99.8322
806.853	99.8559
803.296	99.8745
799.771	99.8722
796.277	99.8509
792.813	99.8271
789.379	99.8173
785.974	99.8249
782.599	99.8394
779.253	99.8464
775.935	99.8402
772.645	99.8271
769.383	99.8189
766.149	99.8226
762.941	99.8349
759.761	99.8464
756.606	99.8497
753.478	99.8443
750.376	99.8368
747.299	99.8345
744.247	99.8403
741.22	99.851
738.218	99.8603
735.239	99.8636
732.285	99.8607
729.354	99.8562
726.447	99.856
723.563	99.8632
720.702	99.8756
717.863	99.8863
715.046	99.8896
712.251	99.8853
709.479	99.8803
706.727	99.8827
703.997	99.8954
701.288	99.9119
698.6	99.9214
695.932	99.9184
693.285	99.9083
690.657	99.904
688.05	99.9141
685.462	99.9344
682.893	99.9497
680.344	99.9477
677.814	99.9308
675.302	99.9158
672.809	99.9191
670.334	99.9405
667.878	99.9609
665.439	99.9585
663.018	99.9296
660.615	99.8949
658.229	99.8832
655.86	99.9043
653.508	99.9367
651.173	99.942
648.854	99.8972
646.553	99.817
644.267	99.7454
641.997	99.7211
639.744	99.7458
637.506	99.7815
635.283	99.7819
633.077	99.7293
630.885	99.6481
628.709	99.5821
626.547	99.5569
624.4	99.5598
622.268	99.5554
620.151	99.5198
618.048	99.4641
615.959	99.424
613.884	99.4265
611.823	99.4645
609.776	99.5021
607.742	99.5064
605.723	99.4768
603.716	99.4449
601.723	99.4451
599.742	99.4836
597.775	99.5331
595.821	99.5575
593.879	99.5445
591.95	99.5149
590.034	99.5025
588.13	99.5227
586.238	99.5594
584.358	99.582
582.49	99.5752
580.634	99.5531
578.79	99.546
576.958	99.571
575.137	99.6158
573.328	99.6502
571.53	99.6547
569.743	99.6383
567.967	99.6299
566.203	99.6504
564.449	99.693
562.706	99.7296
560.974	99.7373
559.253	99.7205
557.542	99.7068
555.841	99.7207
554.151	99.7606
552.471	99.8
550.802	99.8122
549.142	99.7955
547.492	99.775
545.852	99.7791
544.222	99.8127
542.602	99.8528
540.991	99.8696
539.39	99.8547
537.798	99.8287
536.216	99.8222
534.643	99.8469
533.079	99.885
531.524	99.9056
529.979	99.8937
528.442	99.8644
526.914	99.8485
525.395	99.8637
523.885	99.8985
522.383	99.9224
520.89	99.915
519.405	99.8849
517.929	99.8614
516.461	99.8676
515.002	99.8984
513.551	99.9256
512.108	99.9242
510.673	99.8957
509.246	99.8669
507.827	99.8645
506.415	99.8906
505.012	99.9206
503.616	99.9261
502.229	99.9016
500.848	99.8694
499.476	99.8588
498.111	99.8789
496.753	99.9104
495.402	99.9232
494.059	99.9045
492.724	99.871
491.395	99.8525
490.074	99.8652
488.759	99.896
487.452	99.915
486.152	99.9034
484.858	99.8705
483.572	99.8453
482.292	99.8491
481.019	99.8763
479.753	99.8995
478.493	99.8949
477.24	99.8643
475.994	99.8335
474.754	99.8279
473.52	99.8493
472.293	99.8742
471.072	99.8756
469.858	99.8481
468.649	99.8127
467.447	99.7974
466.251	99.8113
465.062	99.8359
463.878	99.8425
462.7	99.8185
461.528	99.7797
460.362	99.7557
459.202	99.7631
458.048	99.789
456.9	99.802
455.757	99.7791
454.62	99.7259
453.489	99.672
452.363	99.6452
451.243	99.6489
450.129	99.661
449.02	99.6557
447.916	99.6275
446.818	99.596
445.725	99.5875
444.638	99.6112
443.556	99.6495
442.479	99.673
441.407	99.6648
440.34	99.6346
439.279	99.6091
438.223	99.6095
437.171	99.6342
436.125	99.6622
435.084	99.6717
434.048	99.6579
433.017	99.6344
431.99	99.619
430.969	99.6175
429.952	99.62
428.94	99.6124
427.933	99.5902
426.93	99.5636
425.932	99.5483
424.939	99.5517
423.951	99.5671
422.967	99.5799
421.987	99.581
421.012	99.5735
420.042	99.5688
419.076	99.5752
418.115	99.5905
417.158	99.6048
416.205	99.6105
415.257	99.6095
414.313	99.6114
413.373	99.6235
412.437	99.6429
411.506	99.6576
410.579	99.6566
409.656	99.6399
408.737	99.6204
407.823	99.6144
406.912	99.6293
406.005	99.6573
405.103	99.681
404.204	99.687
403.31	99.6753
402.419	99.6592
401.533	99.6547
400.65	99.6679
399.771	99.6906
398.896	99.7066
398.025	99.7045
397.157	99.6868
396.294	99.6676
395.434	99.6623
394.578	99.6753
393.725	99.6969
392.877	99.7108
392.031	99.7068
391.19	99.6887
390.352	99.6717
389.518	99.6697
388.687	99.6844
387.86	99.7039
387.036	99.712
386.216	99.7021
385.399	99.6823
384.586	99.6693
383.776	99.6743
382.969	99.6932
382.166	99.7097
381.367	99.7089
380.57	99.6898
379.777	99.6668
378.987	99.6574
378.201	99.6674
377.418	99.6862
376.638	99.6957
375.861	99.686
375.087	99.6644
374.317	99.649
373.55	99.6525
372.785	99.6708
372.024	99.6861
371.267	99.6825
370.512	99.6606
369.76	99.637
369.011	99.6306
368.266	99.6452
367.523	99.6664
366.783	99.6735
366.047	99.6583
365.313	99.6323
364.582	99.6172
363.854	99.625
363.129	99.6479
362.407	99.6641
361.688	99.6576
360.971	99.6323
360.258	99.6088
359.547	99.6061
358.839	99.6249
358.134	99.6462
357.432	99.6489
356.732	99.6279
356.035	99.5993
355.341	99.586
354.649	99.5972
353.96	99.6206
353.274	99.6331
352.591	99.6215
351.91	99.5943
351.232	99.5739
350.556	99.5769
349.883	99.5996
349.213	99.6213
348.545	99.6232
347.879	99.6043
347.217	99.5815
346.556	99.5737
345.899	99.5852
345.243	99.603
344.591	99.6104
343.94	99.6029
343.292	99.592
342.647	99.5934
342.004	99.6111
341.363	99.6326
340.725	99.6409
340.089	99.6309
339.456	99.6156
338.825	99.6136
338.196	99.6317
337.569	99.6567
336.945	99.6669
336.324	99.6525
335.704	99.626
335.087	99.6127
334.472	99.6278
333.859	99.6615
333.249	99.6862
332.64	99.681
332.034	99.6509
331.43	99.6241
330.829	99.6274
330.229	99.6619
329.632	99.7005
329.037	99.7114
328.444	99.6862
327.853	99.649
327.264	99.6359
326.678	99.6631
326.093	99.7107
325.511	99.7382
324.93	99.7189
324.352	99.6637
323.776	99.614
323.201	99.6075
322.629	99.6475
322.059	99.6999
321.491	99.7222
320.925	99.6985
320.361	99.6518
319.799	99.623
319.238	99.6358
318.68	99.6766
318.124	99.7079
317.57	99.7005
317.017	99.659
316.467	99.6167
315.918	99.6062
315.371	99.6315
314.826	99.6643
314.284	99.6684
313.743	99.6293
313.203	99.5646
312.666	99.508
312.13	99.4807
311.597	99.4766
311.065	99.4716
310.535	99.4477
310.007	99.4093
309.48	99.3789
308.956	99.3756
308.433	99.398
307.912	99.425
307.392	99.4347
306.875	99.4227
306.359	99.405
305.845	99.4028
305.332	99.4241
304.821	99.4566
304.312	99.4794
303.805	99.481
303.3	99.468
302.796	99.4581
302.293	99.4642
301.793	99.4834
301.294	99.5004
300.797	99.5014
300.301	99.4857
299.807	99.4654
299.314	99.454
298.824	99.4552
298.335	99.4606
297.847	99.4582
297.361	99.4433
296.877	99.4226
296.394	99.408
295.912	99.4073
295.433	99.4179
294.955	99.4304
294.478	99.4362
294.003	99.434
293.529	99.4297
293.057	99.4301
292.587	99.438
292.118	99.4499
291.65	99.4595
291.184	99.463
290.72	99.4608
290.257	99.4569
289.795	99.4555
289.335	99.4583
288.877	99.4632
288.419	99.466
287.964	99.4628
287.509	99.453
287.057	99.4391
286.605	99.4257
286.155	99.4157
285.706	99.4079
285.259	99.397
284.813	99.3774
284.369	99.3483
283.926	99.3156
283.484	99.2886
283.044	99.2733
282.605	99.2678
282.168	99.2637
281.731	99.253
281.297	99.2353
280.863	99.2182
280.431	99.2108
280	99.2152
