1200	0.363816
1192.15	0.363312
1184.4	0.362672
1176.75	0.361989
1169.21	0.361254
1161.75	0.36035
1154.39	0.359119
1147.13	0.357449
1139.95	0.355338
1132.86	0.352903
1125.87	0.35031
1118.95	0.347682
1112.13	0.345022
1105.38	0.342209
1098.72	0.339067
1092.13	0.335464
1085.63	0.331397
1079.2	0.326995
1072.84	0.322458
1066.56	0.317939
1060.36	0.313458
1054.23	0.308889
1048.16	0.304032
1042.17	0.29873
1036.24	0.29297
1030.38	0.2869
1024.59	0.280753
1018.86	0.274722
1013.2	0.268849
1007.6	0.263001
1002.06	0.256949
996.576	0.250506
991.156	0.243642
985.795	0.23652
980.491	0.229417
975.244	0.222572
970.053	0.216055
964.917	0.209725
959.835	0.20331
954.806	0.196568
949.83	0.189444
944.905	0.182117
940.031	0.174933
935.207	0.168217
930.433	0.162098
925.707	0.156423
921.028	0.150823
916.397	0.144908
911.812	0.138487
907.273	0.131718
902.778	0.125097
898.328	0.11929
893.922	0.114898
889.559	0.112232
885.238	0.111209
880.958	0.111391
876.72	0.11212
872.523	0.112697
868.365	0.11253
864.247	0.111218
860.168	0.10859
856.127	0.10471
852.124	0.0998608
848.159	0.0945009
844.23	0.0891775
840.337	0.0843854
836.48	0.0804173
832.658	0.0772652
828.871	0.0746395
825.118	0.0721165
821.399	0.0693616
817.714	0.0663161
814.061	0.0632428
810.441	0.0605873
806.853	0.0587164
803.296	0.0576739
799.771	0.0571012
796.277	0.0563908
792.813	0.0550103
789.379	0.052827
785.974	0.0502426
782.599	0.0480411
779.253	0.0470091
775.935	0.0475344
772.645	0.0494143
769.383	0.052008
766.149	0.0546684
762.941	0.0572105
759.761	0.0601248
756.606	0.064363
753.478	0.0707676
750.376	0.0794456
747.299	0.089467
744.247	0.0991249
741.22	0.106683
738.218	0.111229
735.239	0.113112
732.285	0.113621
729.354	0.113955
726.447	0.113992
723.563	0.111616
720.702	0.103208
717.863	0.0854032
715.046	0.0575063
712.251	0.0234945
709.479	-0.00753991
706.727	-0.0231006
703.997	-0.0108587
701.288	0.0371043
698.6	0.121018
695.932	0.232512
693.285	0.356603
690.657	0.475959
688.05	0.575903
685.462	0.648293
682.893	0.692931
680.344	0.716147
677.814	0.727372
675.302	0.73522
672.809	0.744668
670.334	0.756283
667.878	0.767443
665.439	0.774701
663.018	0.775995
660.615	0.771722
658.229	0.76434
655.86	0.756925
653.508	0.751556
651.173	0.748392
648.854	0.745833
646.553	0.741575
644.267	0.733922
641.997	0.722647
639.744	0.709012
637.506	0.695
635.283	0.682248
633.077	0.671258
630.885	0.66127
628.709	0.650808
626.547	0.638544
624.4	0.624005
622.268	0.607768
620.151	0.591082
618.048	0.575179
615.959	0.560658
613.884	0.547263
611.823	0.534123
609.776	0.520296
607.742	0.505276
605.723	0.489229
603.716	0.472834
601.723	0.45689
599.742	0.441898
597.775	0.427861
595.821	0.414369
593.879	0.400886
591.95	0.387058
590.034	0.372864
588.13	0.358566
586.238	0.344513
584.358	0.330949
582.49	0.317927
580.634	0.305377
578.79	0.293237
576.958	0.281542
575.137	0.270404
573.328	0.259881
571.53	0.249834
569.743	0.239897
567.967	0.229593
566.203	0.218578
564.449	0.206872
562.706	0.194936
560.974	0.183542
559.253	0.173465
557.542	0.165147
555.841	0.158495
554.151	0.152916
552.471	0.147578
550.802	0.141766
549.142	0.135164
547.492	0.127944
545.852	0.120631
544.222	0.113833
542.602	0.107973
540.991	0.103153
539.39	0.0991794
537.798	0.0957214
536.216	0.0924924
534.643	0.0893631
533.079	0.0863679
531.524	0.0836269
529.979	0.0812491
528.442	0.0792768
526.914	0.0776908
525.395	0.0764532
523.885	0.075545
522.383	0.0749662
520.89	0.074704
519.405	0.0746992
517.929	0.0748492
516.461	0.0750548
515.002	0.0752865
513.551	0.0756227
512.108	0.0762219
510.673	0.0772342
509.246	0.0786939
507.827	0.0804606
506.415	0.0822508
505.012	0.0837562
503.616	0.0847909
502.229	0.0853891
500.848	0.0857957
499.476	0.0863539
498.111	0.0873452
496.753	0.0888697
495.402	0.0908273
494.059	0.0930042
492.724	0.0952079
491.395	0.0973685
490.074	0.0995464
488.759	0.101849
487.452	0.104312
486.152	0.106833
484.858	0.109205
483.572	0.111231
482.292	0.112858
481.019	0.114234
479.753	0.115645
478.493	0.117347
477.24	0.119405
475.994	0.121618
474.754	0.123612
473.52	0.125035
472.293	0.12577
471.072	0.126019
469.858	0.126208
468.649	0.126745
467.447	0.127773
466.251	0.129053
465.062	0.130064
463.878	0.130281
462.7	0.129465
461.528	0.127805
460.362	0.125817
459.202	0.124035
458.048	0.122681
456.9	0.121504
455.757	0.119909
454.62	0.117311
453.489	0.113523
452.363	0.108921
451.243	0.104251
450.129	0.100167
449.02	0.0967282
447.916	0.0932092
446.818	0.0883963
445.725	0.0812978
444.638	0.0719265
443.556	0.0616951
442.479	0.0531053
441.407	0.0487506
440.34	0.050046
439.279	0.0563312
438.223	0.0649141
437.171	0.0722286
436.125	0.075733
435.084	0.0757352
434.048	0.0762289
433.017	0.0841611
431.99	0.1072
430.969	0.150758
429.952	0.215441
428.94	0.296005
427.933	0.382358
426.93	0.462319
425.932	0.525152
424.939	0.564563
423.951	0.580103
422.967	0.576561
421.987	0.561736
421.012	0.54357
420.042	0.527754
419.076	0.516608
418.115	0.509425
417.158	0.50385
416.205	0.497523
415.257	0.489242
414.313	0.479279
413.373	0.468907
412.437	0.459549
411.506	0.452065
410.579	0.446484
409.656	0.442224
408.737	0.438562
407.823	0.435051
406.912	0.431657
406.005	0.428602
405.103	0.426072
404.204	0.424017
403.31	0.422156
402.419	0.420182
401.533	0.417993
400.65	0.415801
399.771	0.414002
398.896	0.412907
398.025	0.412483
397.157	0.412276
396.294	0.411605
395.434	0.409905
394.578	0.407054
393.725	0.403472
392.877	0.399918
392.031	0.397092
391.19	0.395227
390.352	0.393931
389.518	0.392346
388.687	0.389586
387.86	0.385199
387.036	0.379438
386.216	0.373167
385.399	0.367449
384.586	0.363033
383.776	0.359982
382.969	0.357659
382.166	0.355059
381.367	0.351327
380.57	0.346203
379.777	0.340147
378.987	0.334106
378.201	0.329034
377.418	0.325417
376.638	0.323047
375.861	0.321152
375.087	0.318818
374.317	0.315471
373.55	0.311177
372.785	0.306616
372.024	0.302737
371.267	0.300281
370.512	0.299427
369.76	0.299711
369.011	0.300284
368.266	0.300339
367.523	0.299513
366.783	0.298034
366.047	0.296573
365.313	0.295855
364.582	0.296263
363.854	0.297622
363.129	0.299274
362.407	0.300404
361.688	0.300434
360.971	0.299281
360.258	0.297331
359.547	0.295164
358.839	0.293158
358.134	0.291223
357.432	0.288805
356.732	0.285206
356.035	0.280044
355.341	0.273618
354.649	0.266938
353.96	0.261347
353.274	0.257853
352.591	0.256497
351.91	0.256076
351.232	0.254472
350.556	0.249524
349.883	0.240168
349.213	0.227363
348.545	0.214355
347.879	0.206068
347.217	0.207735
346.556	0.223216
345.899	0.253602
345.243	0.296646
344.591	0.347241
343.94	0.398815
343.292	0.445133
342.647	0.481888
342.004	0.507551
341.363	0.523244
340.725	0.531807
340.089	0.536479
339.456	0.539726
338.825	0.542624
338.196	0.544917
337.569	0.545597
336.945	0.543659
336.324	0.538674
335.704	0.530962
335.087	0.521376
334.472	0.510874
333.859	0.500118
333.249	0.489299
332.64	0.478226
332.034	0.466587
331.43	0.454225
330.829	0.441295
330.229	0.428254
329.632	0.415735
329.037	0.404409
328.444	0.394905
327.853	0.387795
327.264	0.383604
326.678	0.382745
326.093	0.385369
325.511	0.39117
324.93	0.399245
324.352	0.408135
323.776	0.416086
323.201	0.421482
322.629	0.423279
322.059	0.421281
321.491	0.416124
320.925	0.408977
320.361	0.401091
319.799	0.393372
319.238	0.386176
318.68	0.379364
318.124	0.372577
317.57	0.365566
317.017	0.358406
316.467	0.351512
315.918	0.345457
315.371	0.340705
314.826	0.337416
314.284	0.335408
313.743	0.334294
313.203	0.333713
312.666	0.333535
312.13	0.333925
311.597	0.335261
311.065	0.337941
310.535	0.34219
310.007	0.34796
309.48	0.354957
308.956	0.362774
308.433	0.371063
307.912	0.379652
307.392	0.388588
306.875	0.398105
306.359	0.408555
305.845	0.420347
305.332	0.433905
304.821	0.449635
304.312	0.467852
303.805	0.488667
303.3	0.511851
302.796	0.536724
302.293	0.562154
301.793	0.586687
301.294	0.608809
300.797	0.627259
300.301	0.641289
299.807	0.65079
299.314	0.656233
298.824	0.658464
298.335	0.658425
297.847	0.656912
297.361	0.654427
296.877	0.651164
296.394	0.6471
295.912	0.642124
295.433	0.636166
294.955	0.629257
294.478	0.621541
294.003	0.613233
293.529	0.604555
293.057	0.595683
292.587	0.586707
292.118	0.577632
291.65	0.568401
291.184	0.558944
290.72	0.549244
290.257	0.539379
289.795	0.529533
289.335	0.519952
288.877	0.510854
288.419	0.502326
287.964	0.494254
287.509	0.486325
287.057	0.478121
286.605	0.469272
286.155	0.459606
285.706	0.449223
285.259	0.438462
284.813	0.427758
284.369	0.417463
283.926	0.407709
283.484	0.398387
283.044	0.389257
282.605	0.380122
282.168	0.370989
281.731	0.362119
281.297	0.353939
280.863	0.34684
280.431	0.340996
280	0.336261
