1200	99.799
1192.15	99.8047
1184.4	99.8077
1176.75	99.8068
1169.21	99.8043
1161.75	99.8039
1154.39	99.807
1147.13	99.8115
1139.95	99.8138
1132.86	99.812
1125.87	99.8083
1118.95	99.8063
1112.13	99.8079
1105.38	99.8115
1098.72	99.8132
1092.13	99.8108
1085.63	99.8061
1079.2	99.8028
1072.84	99.8033
1066.56	99.8063
1060.36	99.8077
1054.23	99.8051
1048.16	99.7998
1042.17	99.7957
1036.24	99.7954
1030.38	99.798
1024.59	99.7997
1018.86	99.7975
1013.2	99.7921
1007.6	99.7874
1002.06	99.7868
996.576	99.7896
991.156	99.792
985.795	99.7905
980.491	99.7855
975.244	99.7808
970.053	99.7801
964.917	99.7834
959.835	99.787
954.806	99.7868
949.83	99.7826
944.905	99.7782
940.031	99.7777
935.207	99.7818
930.433	99.7868
925.707	99.7882
921.028	99.7852
916.397	99.7813
911.812	99.7811
907.273	99.786
902.778	99.7926
898.328	99.796
893.922	99.7944
889.559	99.7909
885.238	99.7909
880.958	99.7965
876.72	99.8048
872.523	99.8103
868.365	99.8101
864.247	99.807
860.168	99.8068
856.127	99.8129
852.124	99.8228
848.159	99.8304
844.23	99.8317
840.337	99.8287
836.48	99.8278
832.658	99.8338
828.871	99.845
825.118	99.8549
821.399	99.8578
817.714	99.8545
814.061	99.852
810.441	99.8571
806.853	99.8697
803.296	99.8825
799.771	99.8872
796.277	99.8827
792.813	99.8766
789.379	99.8794
785.974	99.8946
782.599	99.9147
779.253	99.926
775.935	99.9202
772.645	99.9014
769.383	99.8844
766.149	99.8834
762.941	99.9009
759.761	99.9258
756.606	99.9417
753.478	99.9395
750.376	99.9235
747.299	99.9079
744.247	99.9049
741.22	99.9159
738.218	99.931
735.239	99.9379
732.285	99.9314
729.354	99.9175
726.447	99.9079
723.563	99.9106
720.702	99.9233
717.863	99.9358
715.046	99.9378
712.251	99.9275
709.479	99.9128
706.727	99.9048
703.997	99.9095
701.288	99.9223
698.6	99.9319
695.932	99.9292
693.285	99.9148
690.657	99.899
688.05	99.8938
685.462	99.9026
682.893	99.9171
680.344	99.9234
677.814	99.9137
675.302	99.8935
672.809	99.8782
670.334	99.8804
667.878	99.8982
665.439	99.9156
663.018	99.9148
660.615	99.8925
658.229	99.8648
655.86	99.8558
653.508	99.8773
651.173	99.9161
648.854	99.9415
646.553	99.9281
644.267	99.8782
641.997	99.8227
639.744	99.8001
637.506	99.8266
635.283	99.8828
633.077	99.9276
630.885	99.9295
628.709	99.8903
626.547	99.8425
624.4	99.8225
622.268	99.8411
620.151	99.8761
618.048	99.8921
615.959	99.8708
613.884	99.8259
611.823	99.7903
609.776	99.7875
607.742	99.8115
605.723	99.832
603.716	99.8216
601.723	99.7787
599.742	99.7294
597.775	99.7046
595.821	99.7139
593.879	99.7381
591.95	99.7468
590.034	99.7243
588.13	99.682
586.238	99.6467
584.358	99.636
582.49	99.6434
580.634	99.6461
578.79	99.6272
576.958	99.5925
575.137	99.5661
573.328	99.569
571.53	99.6002
569.743	99.637
567.967	99.655
566.203	99.6492
564.449	99.6372
562.706	99.6427
560.974	99.6735
559.253	99.7144
557.542	99.7407
555.841	99.7407
554.151	99.7253
552.471	99.7186
550.802	99.7355
549.142	99.7694
547.492	99.7985
545.852	99.8061
544.222	99.7959
542.602	99.7878
540.991	99.7999
539.39	99.8314
537.798	99.8638
536.216	99.8774
534.643	99.8692
533.079	99.8552
531.524	99.8554
529.979	99.8755
528.442	99.9023
526.914	99.916
525.395	99.9087
523.885	99.8915
522.383	99.8836
520.89	99.8952
519.405	99.9174
517.929	99.9314
516.461	99.9257
515.002	99.9066
513.551	99.8924
512.108	99.8962
510.673	99.9137
509.246	99.9276
507.827	99.9233
506.415	99.9031
505.012	99.8834
503.616	99.88
502.229	99.8929
500.848	99.9067
499.476	99.9047
498.111	99.8844
496.753	99.8605
495.402	99.8507
494.059	99.8597
492.724	99.8744
491.395	99.8761
490.074	99.8578
488.759	99.8309
487.452	99.8151
486.152	99.8199
484.858	99.8359
483.572	99.8432
482.292	99.8292
481.019	99.8012
479.753	99.7793
478.493	99.7787
477.24	99.7954
475.994	99.8094
474.754	99.8029
473.52	99.7761
472.293	99.7483
471.072	99.7402
469.858	99.7559
468.649	99.7786
467.447	99.7853
466.251	99.7662
465.062	99.7336
463.878	99.7106
462.7	99.7114
461.528	99.7302
460.362	99.7473
459.202	99.7472
458.048	99.7314
456.9	99.716
455.757	99.7157
454.62	99.7307
453.489	99.747
452.363	99.7499
451.243	99.7376
450.129	99.7226
449.02	99.7196
447.916	99.7322
446.818	99.749
445.725	99.7536
444.638	99.7383
443.556	99.7091
442.479	99.6791
441.407	99.6569
440.34	99.641
439.279	99.6243
438.223	99.6042
437.171	99.5862
436.125	99.5792
435.084	99.5855
434.048	99.5975
433.017	99.6038
431.99	99.5999
430.969	99.5919
429.952	99.5908
428.94	99.6013
427.933	99.6165
426.93	99.6239
425.932	99.6177
424.939	99.6047
423.951	99.5986
422.967	99.6072
421.987	99.6237
421.012	99.6323
420.042	99.6223
419.076	99.5987
418.115	99.5789
417.158	99.5778
416.205	99.5944
415.257	99.6124
414.313	99.6148
413.373	99.5993
412.437	99.5807
411.506	99.5774
410.579	99.5948
409.656	99.6194
408.737	99.6311
407.823	99.6212
406.912	99.6004
406.005	99.5895
405.103	99.6005
404.204	99.6252
403.31	99.643
402.419	99.6391
401.533	99.6182
400.65	99.6006
399.771	99.6037
398.896	99.626
398.025	99.6484
397.157	99.6516
396.294	99.6335
395.434	99.6116
394.578	99.6066
393.725	99.6236
392.877	99.6473
392.031	99.6561
391.19	99.6424
390.352	99.6195
389.518	99.6093
388.687	99.6212
387.86	99.6419
387.036	99.6473
386.216	99.6253
385.399	99.5888
384.586	99.5667
383.776	99.5786
382.969	99.6164
382.166	99.6493
381.367	99.6495
380.57	99.6168
379.777	99.5793
378.987	99.5694
378.201	99.5957
377.418	99.6351
376.638	99.6517
375.861	99.6286
375.087	99.5823
374.317	99.5493
373.55	99.5543
372.785	99.5894
372.024	99.6209
371.267	99.6188
370.512	99.5827
369.76	99.5415
369.011	99.5283
368.266	99.5515
367.523	99.5877
366.783	99.6027
366.047	99.5815
365.313	99.541
364.582	99.5146
363.854	99.523
363.129	99.5561
362.407	99.5827
361.688	99.5776
360.971	99.544
360.258	99.5095
359.547	99.502
358.839	99.5251
358.134	99.556
357.432	99.5654
356.732	99.5437
356.035	99.5082
355.341	99.4876
354.649	99.4964
353.96	99.5234
353.274	99.5421
352.591	99.5353
351.91	99.5091
351.232	99.4871
350.556	99.4885
349.883	99.5109
349.213	99.5333
348.545	99.5348
347.879	99.5137
347.217	99.488
346.556	99.4797
345.899	99.4946
345.243	99.518
344.591	99.5279
343.94	99.5148
343.292	99.49
342.647	99.4749
342.004	99.482
341.363	99.5042
340.725	99.5208
340.089	99.5165
339.456	99.494
338.825	99.472
338.196	99.4681
337.569	99.4845
336.945	99.506
336.324	99.5143
335.704	99.5029
335.087	99.4828
334.472	99.4715
333.859	99.4784
333.249	99.4968
332.64	99.5108
332.034	99.5087
331.43	99.4928
330.829	99.4766
330.229	99.4729
329.632	99.4833
329.037	99.4982
328.444	99.5051
327.853	99.4993
327.264	99.486
326.678	99.4759
326.093	99.4757
325.511	99.4839
324.93	99.493
324.352	99.4956
323.776	99.4891
323.201	99.4764
322.629	99.4632
322.059	99.4544
321.491	99.4526
320.925	99.4578
320.361	99.4668
319.799	99.4744
319.238	99.4755
318.68	99.4686
318.124	99.4576
317.57	99.4503
317.017	99.4521
316.467	99.4613
315.918	99.4695
315.371	99.4673
314.826	99.453
314.284	99.4349
313.743	99.4253
313.203	99.4305
312.666	99.4448
312.13	99.4543
311.597	99.4483
311.065	99.429
310.535	99.4097
310.007	99.4045
309.48	99.416
308.956	99.4329
308.433	99.4394
307.912	99.4289
307.392	99.4099
306.875	99.3984
306.359	99.4047
305.845	99.4237
305.332	99.4394
304.821	99.4388
304.312	99.4229
303.805	99.4064
303.3	99.4044
302.796	99.4199
302.293	99.4407
301.793	99.4502
301.294	99.4419
300.797	99.4246
300.301	99.4149
299.807	99.4219
299.314	99.4397
298.824	99.4517
298.335	99.4449
297.847	99.4201
297.361	99.3905
296.877	99.3695
296.394	99.3597
295.912	99.3515
295.433	99.3337
294.955	99.3047
294.478	99.275
294.003	99.2583
293.529	99.2592
293.057	99.2692
292.587	99.2733
292.118	99.2632
291.65	99.2433
291.184	99.2266
290.72	99.2223
290.257	99.2281
289.795	99.2324
289.335	99.2252
288.877	99.207
288.419	99.1883
287.964	99.1802
287.509	99.1846
287.057	99.1924
286.605	99.1919
286.155	99.1793
285.706	99.1616
285.259	99.1502
284.813	99.1511
284.369	99.1597
283.926	99.165
283.484	99.1598
283.044	99.1468
282.605	99.1355
282.168	99.1343
281.731	99.1426
281.297	99.1524
280.863	99.155
280.431	99.1486
280	99.1393
