1200	0.266912
1192.15	0.265587
1184.4	0.264291
1176.75	0.263081
1169.21	0.261823
1161.75	0.260313
1154.39	0.258462
1147.13	0.256381
1139.95	0.254281
1132.86	0.252291
1125.87	0.250348
1118.95	0.248258
1112.13	0.245877
1105.38	0.243243
1098.72	0.240544
1092.13	0.237959
1085.63	0.235503
1079.2	0.233018
1072.84	0.230327
1066.56	0.227392
1060.36	0.224353
1054.23	0.221409
1048.16	0.218647
1042.17	0.215968
1036.24	0.213186
1030.38	0.210198
1024.59	0.207076
1018.86	0.20401
1013.2	0.201142
1007.6	0.198445
1002.06	0.195753
996.576	0.192912
991.156	0.189922
985.795	0.186934
980.491	0.184124
975.244	0.181535
970.053	0.179048
964.917	0.176486
959.835	0.173773
954.806	0.171004
949.83	0.168361
944.905	0.16595
940.031	0.163714
935.207	0.161481
930.433	0.159117
925.707	0.156644
921.028	0.154221
916.397	0.152003
911.812	0.150003
907.273	0.148083
902.778	0.14607
898.328	0.143911
893.922	0.141717
889.559	0.139664
885.238	0.13784
880.958	0.136162
876.72	0.134446
872.523	0.132569
868.365	0.130571
864.247	0.128625
860.168	0.126879
856.127	0.125327
852.124	0.123803
848.159	0.122124
844.23	0.120247
840.337	0.118305
836.48	0.116497
832.658	0.114902
828.871	0.113402
825.118	0.111771
821.399	0.109864
817.714	0.107745
814.061	0.105639
810.441	0.103736
806.853	0.102008
803.296	0.100191
799.771	0.0979724
796.277	0.0952422
792.813	0.0922303
789.379	0.0894197
785.974	0.0873
782.599	0.0861341
779.253	0.0858876
775.935	0.0863372
772.645	0.0872475
769.383	0.0884742
766.149	0.0899395
762.941	0.0915402
759.761	0.0930979
756.606	0.0944083
753.478	0.0953459
750.376	0.0959277
747.299	0.0962758
744.247	0.0965117
741.22	0.0966725
738.218	0.0967198
735.239	0.0966241
732.285	0.0964384
729.354	0.0962875
726.447	0.0962785
723.563	0.0964141
720.702	0.0965924
717.863	0.0967031
715.046	0.0967341
712.251	0.0967953
709.479	0.0970277
706.727	0.097478
703.997	0.0980476
701.288	0.098571
698.6	0.098959
695.932	0.0992814
693.285	0.0997104
690.657	0.100365
688.05	0.101194
685.462	0.102003
682.893	0.102614
680.344	0.103025
677.814	0.103417
675.302	0.104003
672.809	0.104832
670.334	0.105736
667.878	0.10647
665.439	0.106941
663.018	0.10732
660.615	0.107932
658.229	0.108999
655.86	0.110474
653.508	0.112108
651.173	0.113732
648.854	0.115493
646.553	0.117844
644.267	0.121257
641.997	0.125903
639.744	0.131589
637.506	0.138029
635.283	0.145239
633.077	0.153687
630.885	0.16403
628.709	0.176627
626.547	0.191222
624.4	0.207132
622.268	0.223789
620.151	0.241195
618.048	0.259822
615.959	0.279964
613.884	0.301049
611.823	0.321562
609.776	0.339821
607.742	0.355133
605.723	0.368452
603.716	0.38187
601.723	0.397146
599.742	0.414178
597.775	0.430544
595.821	0.442518
593.879	0.446982
591.95	0.443031
590.034	0.432253
588.13	0.417614
586.238	0.401774
584.358	0.385962
582.49	0.370011
580.634	0.353286
578.79	0.335663
576.958	0.317823
575.137	0.300787
573.328	0.28518
571.53	0.270886
569.743	0.2573
567.967	0.243911
566.203	0.230694
564.449	0.218015
562.706	0.206214
560.974	0.195257
559.253	0.184752
557.542	0.17429
555.841	0.163766
554.151	0.153425
552.471	0.143606
550.802	0.134437
549.142	0.125754
547.492	0.117276
545.852	0.108875
544.222	0.100683
542.602	0.0929642
540.991	0.0858817
539.39	0.0793661
537.798	0.0731939
536.216	0.0671844
534.643	0.0613342
533.079	0.0557856
531.524	0.0506791
529.979	0.0460389
528.442	0.0417923
526.914	0.0378908
525.395	0.0344053
523.885	0.0314996
522.383	0.0293006
520.89	0.0277813
519.405	0.0267599
517.929	0.0260203
516.461	0.0254561
515.002	0.0251262
513.551	0.0251858
512.108	0.0257516
510.673	0.0268046
509.246	0.0281968
507.827	0.0297491
506.415	0.0313725
505.012	0.0331316
503.616	0.0352096
502.229	0.037785
500.848	0.0408847
499.476	0.0442998
498.111	0.0476361
496.753	0.0505055
495.402	0.0527707
494.059	0.0546933
492.724	0.0568603
491.395	0.0598951
490.074	0.0641099
488.759	0.069322
487.452	0.0749628
486.152	0.0804098
484.858	0.0853103
483.572	0.0896799
482.292	0.0937349
481.019	0.0976304
479.753	0.101334
478.493	0.104729
477.24	0.107821
475.994	0.110822
474.754	0.113973
473.52	0.117262
472.293	0.120286
471.072	0.122469
469.858	0.123527
468.649	0.123833
467.447	0.124358
466.251	0.126146
465.062	0.129653
463.878	0.134424
462.7	0.139347
461.528	0.14332
460.362	0.145865
459.202	0.147284
458.048	0.148289
456.9	0.149443
455.757	0.150817
454.62	0.152093
453.489	0.152956
452.363	0.15341
451.243	0.15378
450.129	0.154433
449.02	0.155472
447.916	0.156681
446.818	0.157728
445.725	0.15844
444.638	0.158916
443.556	0.159387
442.479	0.159979
441.407	0.160597
440.34	0.161022
439.279	0.161118
438.223	0.160959
437.171	0.160759
436.125	0.160673
435.084	0.160669
434.048	0.160565
433.017	0.160214
431.99	0.159645
430.969	0.15904
429.952	0.158558
428.94	0.158179
427.933	0.15771
426.93	0.156956
425.932	0.155902
424.939	0.154727
423.951	0.153634
422.967	0.152641
421.987	0.151528
421.012	0.150007
420.042	0.147981
419.076	0.145638
418.115	0.143296
417.158	0.141101
416.205	0.138851
415.257	0.136127
414.313	0.132654
413.373	0.128582
412.437	0.124427
411.506	0.120653
410.579	0.117258
409.656	0.113746
408.737	0.109637
407.823	0.105196
406.912	0.101792
406.005	0.101474
405.103	0.105861
404.204	0.11502
403.31	0.127081
402.419	0.138971
401.533	0.147911
400.65	0.152779
399.771	0.154544
398.896	0.15551
398.025	0.157889
397.157	0.162597
396.294	0.16895
395.434	0.175316
394.578	0.180187
393.725	0.182947
392.877	0.183937
392.031	0.183942
391.19	0.183573
390.352	0.182976
389.518	0.18198
388.687	0.180443
387.86	0.178475
387.036	0.17639
386.216	0.17447
385.399	0.17279
384.586	0.171233
383.776	0.169665
382.969	0.168109
382.166	0.166773
381.367	0.165929
380.57	0.165757
379.777	0.166256
378.987	0.167278
378.201	0.168611
377.418	0.170054
376.638	0.171455
375.861	0.172731
375.087	0.173885
374.317	0.175012
373.55	0.176252
372.785	0.177698
372.024	0.179317
371.267	0.180953
370.512	0.182442
369.76	0.183758
369.011	0.185074
368.266	0.18667
367.523	0.188746
366.783	0.19128
366.047	0.194043
365.313	0.196766
364.582	0.199315
363.854	0.201752
363.129	0.204212
362.407	0.206734
361.688	0.209173
360.971	0.211293
360.258	0.212952
359.547	0.214213
358.839	0.215286
358.134	0.216324
357.432	0.217257
356.732	0.217824
356.035	0.217798
355.341	0.217251
354.649	0.216642
353.96	0.216615
353.274	0.217614
352.591	0.219568
351.91	0.221843
351.232	0.223524
350.556	0.223856
349.883	0.222588
349.213	0.220051
348.545	0.216933
347.879	0.213932
347.217	0.211463
346.556	0.209565
345.899	0.208011
345.243	0.206507
344.591	0.204858
343.94	0.203005
343.292	0.200964
342.647	0.198721
342.004	0.196183
341.363	0.193203
340.725	0.189668
340.089	0.185563
339.456	0.180976
338.825	0.17603
338.196	0.170809
337.569	0.16533
336.945	0.159579
336.324	0.153574
335.704	0.147377
335.087	0.141047
334.472	0.134578
333.859	0.127884
333.249	0.12087
332.64	0.113548
332.034	0.106066
331.43	0.09862
330.829	0.0913164
330.229	0.0841553
329.632	0.0772626
329.037	0.0712998
328.444	0.0677646
327.853	0.0688465
327.264	0.0767081
326.678	0.0924376
326.093	0.115207
325.511	0.142156
324.93	0.169166
324.352	0.192205
323.776	0.208589
323.201	0.217612
322.629	0.220331
322.059	0.218772
321.491	0.215048
320.925	0.21077
320.361	0.206871
319.799	0.203696
319.238	0.201158
318.68	0.198881
318.124	0.196368
317.57	0.193208
317.017	0.189297
316.467	0.184899
315.918	0.180488
315.371	0.176437
314.826	0.172784
314.284	0.169254
313.743	0.165541
313.203	0.161624
312.666	0.15786
312.13	0.154757
311.597	0.152602
311.065	0.151254
310.535	0.150263
310.007	0.149239
309.48	0.148158
308.956	0.147355
308.433	0.147188
307.912	0.147678
307.392	0.148431
306.875	0.148944
306.359	0.149056
305.845	0.149159
305.332	0.149934
304.821	0.151791
304.312	0.154412
303.805	0.156807
303.3	0.157897
302.796	0.157242
302.293	0.155403
301.793	0.153649
301.294	0.153203
300.797	0.154515
300.301	0.157045
299.807	0.159648
299.314	0.161272
298.824	0.161488
298.335	0.160555
297.847	0.15908
297.361	0.157581
296.877	0.156276
296.394	0.155175
295.912	0.154307
295.433	0.153852
294.955	0.154057
294.478	0.155041
294.003	0.15667
293.529	0.15863
293.057	0.16064
292.587	0.162646
292.118	0.164858
291.65	0.167625
291.184	0.171275
290.72	0.176032
290.257	0.182053
289.795	0.189499
289.335	0.198539
288.877	0.209237
288.419	0.221382
287.964	0.234396
287.509	0.247378
287.057	0.259297
286.605	0.26925
286.155	0.276652
285.706	0.281318
285.259	0.283402
284.813	0.28326
284.369	0.281294
283.926	0.277842
283.484	0.273146
283.044	0.267398
282.605	0.260798
282.168	0.253595
281.731	0.246046
281.297	0.238344
280.863	0.230557
280.431	0.222653
280	0.214605
