1200	0.337243
1192.15	0.341837
1184.4	0.346225
1176.75	0.350476
1169.21	0.354555
1161.75	0.358338
1154.39	0.36172
1147.13	0.364714
1139.95	0.367412
1132.86	0.369871
1125.87	0.372031
1118.95	0.373763
1112.13	0.374994
1105.38	0.375773
1098.72	0.376204
1092.13	0.376325
1085.63	0.376054
1079.2	0.375272
1072.84	0.373947
1066.56	0.372161
1060.36	0.370021
1054.23	0.36754
1048.16	0.364624
1042.17	0.361177
1036.24	0.357212
1030.38	0.352837
1024.59	0.34815
1018.86	0.343137
1013.2	0.337707
1007.6	0.331796
1002.06	0.325457
996.576	0.318814
991.156	0.311945
985.795	0.304818
980.491	0.297349
975.244	0.289516
970.053	0.281403
964.917	0.273134
959.835	0.264763
954.806	0.256247
949.83	0.247522
944.905	0.238599
940.031	0.229583
935.207	0.220585
930.433	0.211637
925.707	0.202691
921.028	0.193707
916.397	0.184723
911.812	0.175849
907.273	0.167175
902.778	0.158713
898.328	0.15042
893.922	0.142276
889.559	0.134334
885.238	0.126693
880.958	0.119422
876.72	0.112519
872.523	0.105948
868.365	0.0996997
864.247	0.0938287
860.168	0.0884155
856.127	0.0835085
852.124	0.0790988
848.159	0.0751518
844.23	0.0716599
840.337	0.0686641
836.48	0.0662257
832.658	0.0643781
828.871	0.0631061
825.118	0.0623699
821.399	0.0621494
817.714	0.062467
814.061	0.0633681
810.441	0.0648768
806.853	0.0669691
803.296	0.069589
799.771	0.072695
796.277	0.0762925
792.813	0.0804196
789.379	0.0850948
785.974	0.0902782
782.599	0.0958875
779.253	0.101858
775.935	0.108189
772.645	0.114921
769.383	0.122066
766.149	0.12956
762.941	0.137289
759.761	0.145175
756.606	0.153223
753.478	0.161487
750.376	0.169969
747.299	0.17857
744.247	0.18715
741.22	0.195631
738.218	0.204047
735.239	0.212466
732.285	0.22087
729.354	0.229126
726.447	0.237078
723.563	0.244673
720.702	0.251984
717.863	0.259092
715.046	0.265953
712.251	0.272401
709.479	0.278282
706.727	0.283594
703.997	0.288457
701.288	0.292955
698.6	0.29701
695.932	0.30043
693.285	0.303094
690.657	0.305063
688.05	0.306506
685.462	0.307494
682.893	0.30791
680.344	0.307554
677.814	0.306358
675.302	0.304461
672.809	0.302065
670.334	0.299213
667.878	0.295747
665.439	0.291479
663.018	0.286415
660.615	0.28077
658.229	0.274756
655.86	0.268374
653.508	0.261429
651.173	0.253767
648.854	0.245476
646.553	0.236833
644.267	0.228041
641.997	0.219045
639.744	0.20962
637.506	0.199658
635.283	0.189334
633.077	0.17897
630.885	0.168738
628.709	0.158514
626.547	0.148052
624.4	0.137297
622.268	0.126504
620.151	0.116027
618.048	0.105989
615.959	0.0961894
613.884	0.0863475
611.823	0.0764543
609.776	0.066847
607.742	0.0579154
605.723	0.0497163
603.716	0.041894
601.723	0.0340243
599.742	0.0260901
597.775	0.0186526
595.821	0.0125386
593.879	0.00828537
591.95	0.00578759
590.034	0.00441411
588.13	0.00347226
586.238	0.00264195
584.358	0.0020665
582.49	0.00208284
580.634	0.00284443
578.79	0.0041369
576.958	0.00551119
575.137	0.00661502
573.328	0.00746741
571.53	0.00847128
569.743	0.0101498
567.967	0.0127898
566.203	0.0162461
564.449	0.020043
562.706	0.0236937
560.974	0.0269923
559.253	0.0300686
557.542	0.0331927
555.841	0.0365235
554.151	0.0400167
552.471	0.0435454
550.802	0.0470837
549.142	0.050763
547.492	0.0547549
545.852	0.0591135
544.222	0.0637459
542.602	0.0685337
540.991	0.0734707
539.39	0.0786676
537.798	0.084221
536.216	0.0900878
534.643	0.0960988
533.079	0.102092
531.524	0.108023
529.979	0.11394
528.442	0.119852
526.914	0.125645
525.395	0.131131
523.885	0.136178
522.383	0.14078
520.89	0.144996
519.405	0.148829
517.929	0.152172
516.461	0.154884
515.002	0.156901
513.551	0.158277
512.108	0.159094
510.673	0.159365
509.246	0.159013
507.827	0.15796
506.415	0.156218
505.012	0.153892
503.616	0.15109
502.229	0.147846
500.848	0.144131
499.476	0.13994
498.111	0.135356
496.753	0.130523
495.402	0.125559
494.059	0.12051
492.724	0.115373
491.395	0.110179
490.074	0.10502
488.759	0.100011
487.452	0.0952133
486.152	0.0906156
484.858	0.0861762
483.572	0.0818865
482.292	0.0777819
481.019	0.0738947
479.753	0.0702028
478.493	0.066631
477.24	0.0631031
475.994	0.0595883
474.754	0.0560966
473.52	0.0526351
472.293	0.0491792
471.072	0.0456946
469.858	0.0421887
468.649	0.0387341
467.447	0.0354375
466.251	0.0323801
465.062	0.0295855
463.878	0.0270387
462.7	0.0247292
461.528	0.0226707
460.362	0.0208797
459.202	0.0193447
458.048	0.0180245
456.9	0.0168823
455.757	0.0159193
454.62	0.0151719
453.489	0.0146735
452.363	0.0144211
451.243	0.0143835
450.129	0.0145398
449.02	0.014907
447.916	0.0155235
446.818	0.0164044
445.725	0.0175174
444.638	0.0188052
443.556	0.0202328
442.479	0.0218073
441.407	0.0235461
440.34	0.0254254
439.279	0.0273653
438.223	0.0292716
437.171	0.0310925
436.125	0.0328297
435.084	0.0344875
434.048	0.0360141
433.017	0.0373
431.99	0.038243
430.969	0.0388146
429.952	0.0390569
428.94	0.0390081
427.933	0.0386338
426.93	0.0378436
425.932	0.0365832
424.939	0.0349126
423.951	0.0329827
422.967	0.030927
421.987	0.0287743
421.012	0.0264719
420.042	0.0240025
419.076	0.0214839
418.115	0.0191648
417.158	0.0173447
416.205	0.0163263
415.257	0.0164544
414.313	0.0181649
413.373	0.0218999
412.437	0.0278481
411.506	0.0356568
410.579	0.0443588
409.656	0.0526392
408.737	0.0593145
407.823	0.0637313
406.912	0.065855
406.005	0.0660544
405.103	0.0647907
404.204	0.0624233
403.31	0.059187
402.419	0.0552419
401.533	0.0506946
400.65	0.045594
399.771	0.0399821
398.896	0.0340322
398.025	0.0281865
397.157	0.0231562
396.294	0.0197358
395.434	0.018535
394.578	0.0197992
393.725	0.0234155
392.877	0.0290577
392.031	0.0363431
391.19	0.0449161
390.352	0.0544671
389.518	0.064739
388.687	0.0755423
387.86	0.0867473
387.036	0.0982274
386.216	0.109789
385.399	0.121159
384.586	0.132058
383.776	0.142309
382.969	0.15189
382.166	0.160882
381.367	0.169372
380.57	0.177394
379.777	0.18496
378.987	0.192128
378.201	0.199028
377.418	0.205805
376.638	0.212535
375.861	0.219195
375.087	0.225711
374.317	0.232023
373.55	0.238113
372.785	0.243965
372.024	0.2495
371.267	0.254572
370.512	0.25902
369.76	0.262724
369.011	0.26563
368.266	0.267706
367.523	0.268897
366.783	0.269114
366.047	0.268276
365.313	0.266356
364.582	0.26339
363.854	0.259442
363.129	0.254558
362.407	0.248758
361.688	0.242069
360.971	0.234555
360.258	0.226328
359.547	0.217512
358.839	0.208213
358.134	0.198505
357.432	0.188454
356.732	0.178149
356.035	0.167706
355.341	0.157248
354.649	0.146872
353.96	0.136641
353.274	0.126601
352.591	0.116814
351.91	0.107362
351.232	0.0983302
350.556	0.0897798
349.883	0.0817415
349.213	0.0742331
348.545	0.0672868
347.879	0.0609563
347.217	0.0552998
346.556	0.0503555
345.899	0.0461366
345.243	0.0426502
344.591	0.0399196
343.94	0.0379869
343.292	0.0368942
342.647	0.0366635
342.004	0.0372967
341.363	0.0387931
340.725	0.0411642
340.089	0.0444297
339.456	0.0485991
338.825	0.053661
338.196	0.0595901
337.569	0.0663623
336.945	0.0739583
336.324	0.0823534
335.704	0.0915051
335.087	0.101357
334.472	0.111852
333.859	0.122943
333.249	0.134577
332.64	0.146683
332.034	0.159173
331.43	0.171958
330.829	0.184969
330.229	0.198151
329.632	0.211427
329.037	0.22469
328.444	0.237817
327.853	0.250705
327.264	0.263292
326.678	0.275521
326.093	0.287303
325.511	0.298503
324.93	0.308985
324.352	0.318669
323.776	0.327529
323.201	0.335546
322.629	0.34265
322.059	0.348724
321.491	0.353677
320.925	0.357502
320.361	0.360262
319.799	0.362005
319.238	0.362703
318.68	0.36228
318.124	0.360709
317.57	0.358068
317.017	0.354495
316.467	0.350084
315.918	0.344824
315.371	0.338661
314.826	0.331612
314.284	0.323815
313.743	0.315451
313.203	0.306621
312.666	0.297305
312.13	0.287454
311.597	0.277115
311.065	0.266464
310.535	0.255697
310.007	0.244899
309.48	0.234027
308.956	0.223025
308.433	0.211962
307.912	0.20103
307.392	0.19042
306.875	0.180191
306.359	0.170277
305.845	0.160621
305.332	0.151299
304.821	0.142504
304.312	0.134411
303.805	0.127061
303.3	0.120382
302.796	0.114314
302.293	0.108915
301.793	0.104332
301.294	0.100691
300.797	0.0980158
300.301	0.0962539
299.807	0.0953732
299.314	0.0954159
298.824	0.0964676
298.335	0.0985891
297.847	0.101794
297.361	0.106092
296.877	0.111525
296.394	0.11815
295.912	0.125959
295.433	0.134818
294.955	0.144492
294.478	0.154733
294.003	0.165363
293.529	0.176296
293.057	0.187493
292.587	0.198878
292.118	0.210268
291.65	0.221311
291.184	0.231485
290.72	0.240202
290.257	0.247001
289.795	0.251751
289.335	0.254721
288.877	0.256446
288.419	0.25744
287.964	0.257976
287.509	0.258082
287.057	0.257824
286.605	0.257741
286.155	0.2592
285.706	0.264436
285.259	0.276076
284.813	0.296133
284.369	0.32479
283.926	0.359595
283.484	0.395772
283.044	0.427865
282.605	0.452086
282.168	0.468091
281.731	0.478962
281.297	0.489273
280.863	0.502339
280.431	0.518384
280	0.534716
