1200	99.7265
1192.15	99.7301
1184.4	99.7389
1176.75	99.7546
1169.21	99.772
1161.75	99.7842
1154.39	99.7891
1147.13	99.7913
1139.95	99.7981
1132.86	99.8119
1125.87	99.8281
1118.95	99.8395
1112.13	99.8431
1105.38	99.8434
1098.72	99.8476
1092.13	99.859
1085.63	99.8735
1079.2	99.8835
1072.84	99.8856
1066.56	99.8835
1060.36	99.8848
1054.23	99.8934
1048.16	99.9058
1042.17	99.9143
1036.24	99.9147
1030.38	99.9101
1024.59	99.9084
1018.86	99.9141
1013.2	99.9245
1007.6	99.9316
1002.06	99.9304
996.576	99.9235
991.156	99.9189
985.795	99.922
980.491	99.9306
975.244	99.9367
970.053	99.9343
964.917	99.9254
959.835	99.9182
954.806	99.9191
949.83	99.9264
944.905	99.9321
940.031	99.9291
935.207	99.9188
930.433	99.9094
925.707	99.9085
921.028	99.9154
916.397	99.9215
911.812	99.9187
907.273	99.9073
902.778	99.8963
898.328	99.8943
893.922	99.9014
889.559	99.9089
885.238	99.907
880.958	99.8952
876.72	99.8829
872.523	99.8804
868.365	99.8892
864.247	99.8993
860.168	99.899
856.127	99.8865
852.124	99.8726
848.159	99.8711
844.23	99.8851
840.337	99.9023
836.48	99.905
832.658	99.8864
828.871	99.8583
825.118	99.8419
821.399	99.8497
817.714	99.8738
814.061	99.8913
810.441	99.8842
806.853	99.8547
803.296	99.8241
799.771	99.8141
796.277	99.8287
792.813	99.8509
789.379	99.8582
785.974	99.8427
782.599	99.8178
779.253	99.8055
775.935	99.8164
772.645	99.8408
769.383	99.8571
766.149	99.8519
762.941	99.8313
759.761	99.8155
756.606	99.8196
753.478	99.8407
750.376	99.8609
747.299	99.8638
744.247	99.8494
741.22	99.8338
738.218	99.8335
735.239	99.851
732.285	99.8723
729.354	99.881
726.447	99.8727
723.563	99.8591
720.702	99.8566
717.863	99.8709
715.046	99.8921
712.251	99.9044
709.479	99.9007
706.727	99.8891
703.997	99.8848
701.288	99.8956
698.6	99.9148
695.932	99.9277
693.285	99.9257
690.657	99.9141
688.05	99.9064
685.462	99.9114
682.893	99.9246
680.344	99.9328
677.814	99.9265
675.302	99.9089
672.809	99.8921
670.334	99.8854
667.878	99.8855
665.439	99.88
663.018	99.8595
660.615	99.827
658.229	99.795
655.86	99.7736
653.508	99.7605
651.173	99.7427
648.854	99.7095
646.553	99.6626
644.267	99.615
641.997	99.579
639.744	99.5545
637.506	99.5313
635.283	99.5016
633.077	99.4713
630.885	99.4571
628.709	99.4697
626.547	99.4994
624.4	99.5192
622.268	99.5064
620.151	99.4642
618.048	99.4238
615.959	99.4216
613.884	99.4681
611.823	99.5374
609.776	99.5854
607.742	99.5853
605.723	99.5494
603.716	99.5187
601.723	99.5281
599.742	99.5774
597.775	99.6319
595.821	99.6536
593.879	99.6341
591.95	99.6021
590.034	99.5976
588.13	99.6359
586.238	99.6941
584.358	99.7301
582.49	99.7203
580.634	99.6799
578.79	99.6502
576.958	99.6624
575.137	99.7112
573.328	99.7598
571.53	99.7732
569.743	99.7484
567.967	99.7167
566.203	99.7152
564.449	99.7536
562.706	99.8064
560.974	99.8355
559.253	99.8244
557.542	99.7921
555.841	99.7756
554.151	99.7965
552.471	99.8424
550.802	99.8785
549.142	99.8797
547.492	99.8522
545.852	99.8277
544.222	99.8339
542.602	99.87
540.991	99.9078
539.39	99.9179
537.798	99.896
536.216	99.8665
534.643	99.86
533.079	99.8853
531.524	99.9219
529.979	99.9389
528.442	99.9234
526.914	99.8917
525.395	99.8742
523.885	99.8878
522.383	99.9205
520.89	99.943
519.405	99.9353
517.929	99.9047
516.461	99.8792
515.002	99.8813
513.551	99.9084
512.108	99.9347
510.673	99.9357
509.246	99.9098
507.827	99.8799
506.415	99.8722
505.012	99.8923
503.616	99.9204
502.229	99.9298
500.848	99.9111
499.476	99.8804
498.111	99.8648
496.753	99.877
495.402	99.9046
494.059	99.9212
492.724	99.9108
491.395	99.882
490.074	99.8603
488.759	99.8643
487.452	99.889
486.152	99.9109
484.858	99.9091
483.572	99.8845
482.292	99.8586
481.019	99.8541
479.753	99.8738
478.493	99.8987
477.24	99.9053
475.994	99.8866
474.754	99.8586
473.52	99.8453
472.293	99.8572
471.072	99.882
469.858	99.8958
468.649	99.8847
467.447	99.8567
466.251	99.8344
465.062	99.8347
463.878	99.8545
462.7	99.874
461.528	99.8741
460.362	99.8525
459.202	99.8237
458.048	99.8056
456.9	99.8038
455.757	99.8094
454.62	99.8091
453.489	99.7979
452.363	99.7829
451.243	99.7747
450.129	99.7761
449.02	99.7796
447.916	99.7743
446.818	99.7563
445.725	99.7311
444.638	99.7071
443.556	99.6866
442.479	99.6646
441.407	99.6358
440.34	99.6026
439.279	99.5757
438.223	99.5644
437.171	99.5677
436.125	99.5736
435.084	99.5702
434.048	99.5567
433.017	99.545
431.99	99.5484
430.969	99.5683
429.952	99.5913
428.94	99.6008
427.933	99.5925
426.93	99.5795
425.932	99.5808
424.939	99.6032
423.951	99.6338
422.967	99.6506
421.987	99.6433
421.012	99.6233
420.042	99.6148
419.076	99.6321
418.115	99.6651
417.158	99.6861
416.205	99.6751
415.257	99.6391
414.313	99.6092
413.373	99.6144
412.437	99.6559
411.506	99.704
410.579	99.723
409.656	99.7016
408.737	99.6637
407.823	99.648
406.912	99.6739
406.005	99.723
405.103	99.7541
404.204	99.7374
403.31	99.6807
402.419	99.6232
401.533	99.6021
400.65	99.6221
399.771	99.653
398.896	99.658
398.025	99.6263
397.157	99.5827
396.294	99.5651
395.434	99.5899
394.578	99.6377
393.725	99.67
392.877	99.6632
392.031	99.6291
391.19	99.6035
390.352	99.6138
389.518	99.655
388.687	99.6942
387.86	99.7008
387.036	99.6733
386.216	99.6406
385.399	99.6353
384.586	99.6647
383.776	99.7044
382.969	99.7208
382.166	99.7009
381.367	99.6641
380.57	99.6442
379.777	99.6593
378.987	99.6958
378.201	99.721
377.418	99.7129
376.638	99.6791
375.861	99.6498
375.087	99.65
374.317	99.678
373.55	99.7072
372.785	99.711
372.024	99.686
371.267	99.6546
370.512	99.6433
369.76	99.659
369.011	99.6831
368.266	99.6894
367.523	99.6685
366.783	99.6359
366.047	99.6177
365.313	99.6262
364.582	99.6492
363.854	99.6611
363.129	99.6471
362.407	99.6163
361.688	99.5935
360.971	99.5962
360.258	99.6184
359.547	99.6368
358.839	99.6317
358.134	99.6052
357.432	99.579
356.732	99.5744
356.035	99.5926
355.341	99.6141
354.649	99.6168
353.96	99.596
353.274	99.5691
352.591	99.5586
351.91	99.5722
351.232	99.5951
350.556	99.6047
349.883	99.5909
349.213	99.5659
348.545	99.5524
347.879	99.5628
347.217	99.5873
346.556	99.6032
345.899	99.5963
345.243	99.5737
344.591	99.558
343.94	99.5658
343.292	99.5922
342.647	99.615
342.004	99.6147
341.363	99.5934
340.725	99.5734
340.089	99.5769
339.456	99.6057
338.825	99.638
338.196	99.6476
337.569	99.6269
336.945	99.5948
336.324	99.5803
335.704	99.5979
335.087	99.6347
334.472	99.6622
333.859	99.6612
333.249	99.6382
332.64	99.6189
332.034	99.6246
331.43	99.6533
330.829	99.6815
330.229	99.6857
329.632	99.6634
329.037	99.6353
328.444	99.627
327.853	99.6465
327.264	99.6774
326.678	99.6941
326.093	99.6847
325.511	99.6609
324.93	99.6473
324.352	99.6581
323.776	99.6851
323.201	99.7044
322.629	99.6977
322.059	99.6679
321.491	99.6356
320.925	99.6201
320.361	99.6222
319.799	99.6246
319.238	99.6091
318.68	99.5739
318.124	99.5364
317.57	99.5183
317.017	99.5262
316.467	99.5459
315.918	99.5553
315.371	99.5436
314.826	99.521
314.284	99.5087
313.743	99.5198
313.203	99.5469
312.666	99.5684
312.13	99.5673
311.597	99.5463
311.065	99.526
310.535	99.5275
310.007	99.5548
309.48	99.5921
308.956	99.617
308.433	99.6192
307.912	99.607
307.392	99.5987
306.875	99.6053
306.359	99.621
305.845	99.6281
305.332	99.6125
304.821	99.5754
304.312	99.532
303.805	99.4992
303.3	99.483
302.796	99.4757
302.293	99.4646
301.793	99.4434
301.294	99.4174
300.797	99.3978
300.301	99.3917
299.807	99.396
299.314	99.3997
298.824	99.3929
298.335	99.3739
297.847	99.3501
297.361	99.3318
296.877	99.3253
296.394	99.3286
295.912	99.3341
295.433	99.3342
294.955	99.3265
294.478	99.3146
294.003	99.3059
293.529	99.3056
293.057	99.3136
292.587	99.3238
292.118	99.3285
291.65	99.3236
291.184	99.3125
290.72	99.3038
290.257	99.3046
289.795	99.3149
289.335	99.3259
288.877	99.3272
288.419	99.3147
287.964	99.2961
287.509	99.2846
287.057	99.289
286.605	99.3045
286.155	99.3163
285.706	99.3106
285.259	99.2878
284.813	99.2628
284.369	99.2535
283.926	99.2654
283.484	99.2857
283.044	99.2936
282.605	99.278
282.168	99.2483
281.731	99.2271
281.297	99.231
280.863	99.2557
280.431	99.2781
280	99.2764
