1200	99.6467
1192.15	99.6421
1184.4	99.6388
1176.75	99.6383
1169.21	99.6394
1161.75	99.6392
1154.39	99.6366
1147.13	99.6332
1139.95	99.6319
1132.86	99.6334
1125.87	99.6357
1118.95	99.6362
1112.13	99.6345
1105.38	99.6329
1098.72	99.6338
1092.13	99.6372
1085.63	99.6407
1079.2	99.6419
1072.84	99.6414
1066.56	99.6417
1060.36	99.6449
1054.23	99.6501
1048.16	99.6544
1042.17	99.6564
1036.24	99.6571
1030.38	99.6595
1024.59	99.6646
1018.86	99.6711
1013.2	99.676
1007.6	99.6784
1002.06	99.6804
996.576	99.6844
991.156	99.6911
985.795	99.6983
980.491	99.7032
975.244	99.7059
970.053	99.7088
964.917	99.7142
959.835	99.7217
954.806	99.7288
949.83	99.7333
944.905	99.7358
940.031	99.7393
935.207	99.7454
930.433	99.753
925.707	99.7593
921.028	99.7627
916.397	99.7648
911.812	99.7683
907.273	99.7745
902.778	99.7815
898.328	99.7863
893.922	99.7881
889.559	99.7893
885.238	99.7926
880.958	99.7982
876.72	99.8037
872.523	99.8064
868.365	99.8064
864.247	99.8064
860.168	99.809
856.127	99.8135
852.124	99.817
848.159	99.8172
844.23	99.8152
840.337	99.814
836.48	99.8156
832.658	99.8186
828.871	99.8196
825.118	99.8173
821.399	99.8133
817.714	99.811
814.061	99.8116
810.441	99.8129
806.853	99.8114
803.296	99.8066
799.771	99.8011
796.277	99.7981
792.813	99.7978
789.379	99.7974
785.974	99.7936
782.599	99.7868
779.253	99.7803
775.935	99.7771
772.645	99.7763
769.383	99.7745
766.149	99.7689
762.941	99.7608
759.761	99.7542
756.606	99.7514
753.478	99.7506
750.376	99.7478
747.299	99.7409
744.247	99.7325
741.22	99.7268
738.218	99.7251
735.239	99.7248
732.285	99.7215
729.354	99.7142
726.447	99.7063
723.563	99.7023
720.702	99.7026
717.863	99.7032
715.046	99.6998
712.251	99.6927
709.479	99.6863
706.727	99.6849
703.997	99.6876
701.288	99.6894
698.6	99.6862
695.932	99.6797
693.285	99.6755
690.657	99.6774
688.05	99.6828
685.462	99.6857
682.893	99.6827
680.344	99.6772
677.814	99.6757
675.302	99.6812
672.809	99.6893
670.334	99.6929
667.878	99.6897
665.439	99.6851
663.018	99.6867
660.615	99.6962
658.229	99.7069
655.86	99.7106
653.508	99.7062
651.173	99.7018
648.854	99.7068
646.553	99.7216
644.267	99.7363
641.997	99.7403
639.744	99.7329
637.506	99.7251
635.283	99.7286
633.077	99.7443
630.885	99.7613
628.709	99.768
626.547	99.7642
624.4	99.7605
622.268	99.7671
620.151	99.7813
618.048	99.7906
615.959	99.7864
613.884	99.7757
611.823	99.7759
609.776	99.7961
607.742	99.8241
605.723	99.8334
603.716	99.8086
601.723	99.7635
599.742	99.7344
597.775	99.7494
595.821	99.8017
593.879	99.8527
591.95	99.8639
590.034	99.8308
588.13	99.7865
586.238	99.7721
584.358	99.7995
582.49	99.841
580.634	99.8562
578.79	99.8298
576.958	99.7865
575.137	99.7681
573.328	99.7937
571.53	99.8413
569.743	99.867
567.967	99.8448
566.203	99.7899
564.449	99.7451
562.706	99.7432
560.974	99.7799
559.253	99.8203
557.542	99.8316
555.841	99.8107
554.151	99.7826
552.471	99.7741
550.802	99.789
549.142	99.8072
547.492	99.8066
545.852	99.7853
544.222	99.7619
542.602	99.7567
540.991	99.7718
539.39	99.7901
537.798	99.792
536.216	99.7743
534.643	99.7518
533.079	99.7424
531.524	99.7506
529.979	99.7645
528.442	99.7686
526.914	99.7586
525.395	99.7437
523.885	99.7364
522.383	99.7407
520.89	99.7485
519.405	99.7498
517.929	99.7418
516.461	99.7317
515.002	99.7279
513.551	99.7321
512.108	99.738
510.673	99.7379
509.246	99.7309
507.827	99.7228
506.415	99.7201
505.012	99.7235
503.616	99.7277
502.229	99.7271
500.848	99.7212
499.476	99.715
498.111	99.7132
496.753	99.716
495.402	99.7194
494.059	99.7191
492.724	99.715
491.395	99.7105
490.074	99.7093
488.759	99.7117
487.452	99.7146
486.152	99.7151
484.858	99.7128
483.572	99.71
482.292	99.7089
481.019	99.7099
479.753	99.7115
478.493	99.7121
477.24	99.7111
475.994	99.7089
474.754	99.7065
473.52	99.7044
472.293	99.7027
471.072	99.7015
469.858	99.7001
468.649	99.6979
467.447	99.6941
466.251	99.6891
465.062	99.6844
463.878	99.6817
462.7	99.6807
461.528	99.6796
460.362	99.6764
459.202	99.6709
458.048	99.6652
456.9	99.6614
455.757	99.6591
454.62	99.6555
453.489	99.6474
452.363	99.6351
451.243	99.6226
450.129	99.6147
449.02	99.6129
447.916	99.6143
446.818	99.6142
445.725	99.6103
444.638	99.6045
443.556	99.6002
442.479	99.5992
441.407	99.5997
440.34	99.5986
439.279	99.5947
438.223	99.5906
437.171	99.5896
436.125	99.5932
435.084	99.5996
434.048	99.6054
433.017	99.609
431.99	99.6109
430.969	99.6129
429.952	99.616
428.94	99.6198
427.933	99.624
426.93	99.6293
425.932	99.6362
424.939	99.644
423.951	99.6504
422.967	99.6531
421.987	99.6523
421.012	99.6501
420.042	99.6478
419.076	99.6433
418.115	99.6321
417.158	99.612
416.205	99.5862
415.257	99.5623
414.313	99.547
413.373	99.5405
412.437	99.5376
411.506	99.5327
410.579	99.5252
409.656	99.52
408.737	99.5213
407.823	99.528
406.912	99.534
406.005	99.5335
405.103	99.5269
404.204	99.5199
403.31	99.5181
402.419	99.5211
401.533	99.5233
400.65	99.52
399.771	99.5117
398.896	99.5033
398.025	99.4981
397.157	99.4939
396.294	99.4861
395.434	99.4736
394.578	99.4624
393.725	99.46
392.877	99.4677
392.031	99.4769
391.19	99.4762
390.352	99.4621
389.518	99.4432
388.687	99.4328
387.86	99.4365
387.036	99.4462
386.216	99.4479
385.399	99.4349
384.586	99.4153
383.776	99.4044
382.969	99.4098
382.166	99.4235
381.367	99.429
380.57	99.4166
379.777	99.3932
378.987	99.3754
378.201	99.3738
377.418	99.383
376.638	99.3867
375.861	99.3743
375.087	99.3508
374.317	99.3323
373.55	99.3299
372.785	99.3393
372.024	99.3454
371.267	99.3378
370.512	99.3205
369.76	99.3078
369.011	99.3096
368.266	99.321
367.523	99.3276
366.783	99.32
366.047	99.3034
365.313	99.292
364.582	99.2944
363.854	99.3053
363.129	99.3104
362.407	99.3016
361.688	99.2851
360.971	99.2752
360.258	99.2799
359.547	99.2925
358.839	99.2984
358.134	99.2898
357.432	99.274
356.732	99.2658
356.035	99.2723
355.341	99.2861
354.649	99.2921
353.96	99.2833
353.274	99.2675
352.591	99.2597
351.91	99.2665
351.232	99.2799
350.556	99.2849
349.883	99.2749
349.213	99.2584
348.545	99.2503
347.879	99.2566
347.217	99.2686
346.556	99.2714
345.899	99.2596
345.243	99.2423
344.591	99.2344
343.94	99.2411
343.292	99.2529
342.647	99.2552
342.004	99.243
341.363	99.2265
340.725	99.2199
340.089	99.2277
339.456	99.2395
338.825	99.2408
338.196	99.2279
337.569	99.2115
336.945	99.2057
336.324	99.2139
335.704	99.225
335.087	99.2249
334.472	99.2107
333.859	99.194
333.249	99.1888
332.64	99.1972
332.034	99.2075
331.43	99.2058
330.829	99.1903
330.229	99.1733
329.632	99.1684
329.037	99.1769
328.444	99.1862
327.853	99.1829
327.264	99.1661
326.678	99.1488
326.093	99.1443
325.511	99.1528
324.93	99.1611
324.352	99.1563
323.776	99.1387
323.201	99.1219
322.629	99.1185
322.059	99.1276
321.491	99.1354
320.925	99.1295
320.361	99.1114
319.799	99.095
319.238	99.0924
318.68	99.1007
318.124	99.1047
317.57	99.0922
317.017	99.0667
316.467	99.0443
315.918	99.0388
315.371	99.0476
314.826	99.0548
314.284	99.0469
313.743	99.0257
313.203	99.0066
312.666	99.0027
312.13	99.0125
311.597	99.0212
311.065	99.0164
310.535	98.9993
310.007	98.9837
309.48	98.981
308.956	98.9896
308.433	98.9971
307.912	98.9931
307.392	98.9796
306.875	98.9682
306.359	98.9676
305.845	98.9757
305.332	98.983
304.821	98.983
304.312	98.9787
303.805	98.9774
303.3	98.9811
302.796	98.9835
302.293	98.9776
301.793	98.9665
301.294	98.9624
300.797	98.9752
300.301	99.0003
299.807	99.0202
299.314	99.0195
298.824	98.9999
298.335	98.9782
297.847	98.9696
297.361	98.9707
296.877	98.9618
296.394	98.9269
295.912	98.8728
295.433	98.8269
294.955	98.8138
294.478	98.8322
294.003	98.8552
293.529	98.8546
293.057	98.8279
292.587	98.8
292.118	98.7992
291.65	98.829
291.184	98.8639
290.72	98.8731
290.257	98.8505
289.795	98.821
289.335	98.8163
288.877	98.844
288.419	98.8798
287.964	98.8907
287.509	98.8668
287.057	98.8315
286.605	98.8199
286.155	98.8451
285.706	98.8859
285.259	98.9065
284.813	98.8895
284.369	98.8512
283.926	98.8247
283.484	98.8295
283.044	98.8554
282.605	98.8751
282.168	98.8718
281.731	98.8539
281.297	98.844
280.863	98.8543
280.431	98.8752
280	98.8859
