1200	0.512549
1192.15	0.513437
1184.4	0.513889
1176.75	0.513775
1169.21	0.513211
1161.75	0.512484
1154.39	0.511885
1147.13	0.511533
1139.95	0.511305
1132.86	0.510903
1125.87	0.510031
1118.95	0.508556
1112.13	0.506591
1105.38	0.504419
1098.72	0.50233
1092.13	0.500449
1085.63	0.498659
1079.2	0.496674
1072.84	0.494202
1066.56	0.491117
1060.36	0.487536
1054.23	0.483746
1048.16	0.480043
1042.17	0.476555
1036.24	0.473171
1030.38	0.469604
1024.59	0.465565
1018.86	0.460941
1013.2	0.45587
1007.6	0.45067
1002.06	0.445666
996.576	0.440995
991.156	0.436526
985.795	0.431936
980.491	0.426904
975.244	0.421327
970.053	0.415414
964.917	0.40961
959.835	0.404362
954.806	0.399857
949.83	0.395882
944.905	0.391902
940.031	0.387356
935.207	0.382047
930.433	0.376417
925.707	0.371565
921.028	0.368924
916.397	0.369708
911.812	0.374324
907.273	0.382026
902.778	0.390967
898.328	0.398676
893.922	0.402816
889.559	0.401922
885.238	0.395839
880.958	0.385686
876.72	0.373359
872.523	0.360782
868.365	0.349231
864.247	0.338988
860.168	0.329471
856.127	0.319723
852.124	0.309026
848.159	0.297303
844.23	0.285136
840.337	0.273397
836.48	0.262705
832.658	0.253015
828.871	0.243577
825.118	0.233309
821.399	0.221382
817.714	0.207705
814.061	0.193016
810.441	0.178528
806.853	0.165289
803.296	0.153636
799.771	0.14307
796.277	0.13266
792.813	0.121764
789.379	0.110669
785.974	0.100704
782.599	0.0936932
779.253	0.0909729
775.935	0.0924821
772.645	0.0964896
769.383	0.100197
766.149	0.100979
762.941	0.0976044
759.761	0.0907018
756.606	0.0820668
753.478	0.0730542
750.376	0.0629081
747.299	0.0481108
744.247	0.0234862
741.22	-0.0150408
738.218	-0.0670708
735.239	-0.125359
732.285	-0.175907
729.354	-0.201079
726.447	-0.184964
723.563	-0.119111
720.702	-0.00632915
717.863	0.139115
715.046	0.295243
712.251	0.438772
709.479	0.551817
706.727	0.626439
703.997	0.665465
701.288	0.679604
698.6	0.682306
695.932	0.684622
693.285	0.692038
690.657	0.704228
688.05	0.717285
685.462	0.726977
682.893	0.73136
680.344	0.731608
677.814	0.730982
675.302	0.732762
672.809	0.738391
670.334	0.746801
667.878	0.75517
665.439	0.760573
663.018	0.761554
660.615	0.758793
658.229	0.754578
655.86	0.751455
653.508	0.750848
651.173	0.752377
648.854	0.754194
646.553	0.754087
644.267	0.750699
641.997	0.744204
639.744	0.736129
637.506	0.728465
635.283	0.722596
633.077	0.718642
630.885	0.715514
628.709	0.711611
626.547	0.705729
624.4	0.69768
622.268	0.688316
620.151	0.678993
618.048	0.670818
615.959	0.664104
613.884	0.658318
611.823	0.652504
609.776	0.645911
607.742	0.638455
605.723	0.630769
603.716	0.62383
601.723	0.618406
599.742	0.61462
597.775	0.611872
595.821	0.60913
593.879	0.605397
591.95	0.600102
590.034	0.593219
588.13	0.585094
586.238	0.57614
584.358	0.566608
582.49	0.556573
580.634	0.546116
578.79	0.535559
576.958	0.525536
575.137	0.516823
573.328	0.509973
571.53	0.504954
569.743	0.501026
567.967	0.496945
566.203	0.491466
564.449	0.483879
562.706	0.474335
560.974	0.463782
559.253	0.453531
557.542	0.444664
555.841	0.437575
554.151	0.431859
552.471	0.426587
550.802	0.420818
549.142	0.414063
547.492	0.406491
545.852	0.398765
544.222	0.391644
542.602	0.385551
540.991	0.380363
539.39	0.375502
537.798	0.370283
536.216	0.364294
534.643	0.357613
533.079	0.350744
531.524	0.344314
529.979	0.338716
528.442	0.333891
526.914	0.329376
525.395	0.32458
523.885	0.319133
522.383	0.313098
520.89	0.306941
519.405	0.301259
517.929	0.296438
516.461	0.292426
515.002	0.288758
513.551	0.284827
512.108	0.280231
510.673	0.275025
509.246	0.269698
507.827	0.264904
506.415	0.261078
505.012	0.258169
503.616	0.255638
502.229	0.252746
500.848	0.248959
499.476	0.244266
498.111	0.239187
496.753	0.234473
495.402	0.230645
494.059	0.227629
492.724	0.224723
491.395	0.220928
490.074	0.215483
488.759	0.20829
487.452	0.199971
486.152	0.19148
484.858	0.183456
483.572	0.175687
482.292	0.167053
481.019	0.156056
479.753	0.141756
478.493	0.124615
477.24	0.106767
475.994	0.0914205
474.754	0.0816022
473.52	0.0787893
472.293	0.0821984
471.072	0.089244
469.858	0.0971643
468.649	0.105188
467.447	0.116214
466.251	0.13702
465.062	0.176553
463.878	0.242686
462.7	0.33856
461.528	0.460011
460.362	0.595269
459.202	0.72732
458.048	0.838293
456.9	0.914373
455.757	0.949533
454.62	0.946757
453.489	0.916399
452.363	0.872399
451.243	0.827793
450.129	0.791168
449.02	0.765164
447.916	0.747294
446.818	0.732409
445.725	0.715615
444.638	0.694443
443.556	0.669531
442.479	0.643807
441.407	0.620793
440.34	0.602896
439.279	0.590443
438.223	0.581781
437.171	0.574234
436.125	0.565389
435.084	0.554089
434.048	0.540756
433.017	0.526985
431.99	0.514687
430.969	0.505212
429.952	0.49882
428.94	0.494683
427.933	0.491335
426.93	0.487336
425.932	0.481849
424.939	0.474897
423.951	0.467261
422.967	0.460075
421.987	0.45432
421.012	0.450418
420.042	0.448076
419.076	0.446425
418.115	0.444389
417.158	0.44113
416.205	0.436398
415.257	0.430625
414.313	0.424736
413.373	0.419728
412.437	0.416198
411.506	0.414022
410.579	0.412341
409.656	0.40988
408.737	0.405481
407.823	0.398629
406.912	0.389711
406.005	0.379904
405.103	0.370698
404.204	0.363279
403.31	0.358044
402.419	0.354476
401.533	0.351433
400.65	0.347719
399.771	0.342657
398.896	0.33639
398.025	0.329773
397.157	0.323909
396.294	0.319584
395.434	0.316881
394.578	0.315167
393.725	0.313458
392.877	0.310962
392.031	0.307505
391.19	0.303632
390.352	0.300313
389.518	0.298427
388.687	0.298288
387.86	0.299479
387.036	0.301059
386.216	0.302066
385.399	0.302011
384.586	0.301135
383.776	0.300262
382.969	0.300358
382.166	0.301999
381.367	0.305061
380.57	0.308768
379.777	0.312091
378.987	0.314262
378.201	0.31515
377.418	0.315289
376.638	0.315548
375.861	0.316634
375.087	0.318677
374.317	0.321139
373.55	0.323062
372.785	0.323548
372.024	0.32218
371.267	0.319199
370.512	0.315322
369.76	0.311331
369.011	0.307657
368.266	0.304181
367.523	0.300353
366.783	0.295563
366.047	0.289536
365.313	0.282554
364.582	0.275372
363.854	0.268911
363.129	0.263898
362.407	0.260675
361.688	0.259285
360.971	0.25977
360.258	0.262494
359.547	0.268247
358.839	0.278011
358.134	0.292448
357.432	0.311331
356.732	0.33322
356.035	0.355583
355.341	0.375379
354.649	0.3899
353.96	0.397546
353.274	0.398216
352.591	0.393192
351.91	0.384575
351.232	0.374529
350.556	0.364659
349.883	0.355734
349.213	0.347804
348.545	0.340584
347.879	0.333872
347.217	0.327793
346.556	0.322776
345.899	0.319322
345.243	0.317708
344.591	0.317807
343.94	0.319106
343.292	0.320907
342.647	0.3226
342.004	0.323871
341.363	0.324744
340.725	0.325469
340.089	0.326305
339.456	0.327337
338.825	0.328402
338.196	0.329158
337.569	0.329262
336.945	0.328549
336.324	0.327154
335.704	0.325487
335.087	0.324102
334.472	0.323493
333.859	0.323904
333.249	0.325237
332.64	0.327094
332.034	0.328941
331.43	0.330363
330.829	0.331315
330.229	0.332285
329.632	0.334295
329.037	0.338731
328.444	0.347016
327.853	0.360228
327.264	0.37877
326.678	0.402212
326.093	0.429343
325.511	0.458439
324.93	0.487648
324.352	0.515367
323.776	0.540488
323.201	0.562458
322.629	0.581157
322.059	0.596673
321.491	0.609097
320.925	0.61841
320.361	0.624529
319.799	0.627448
319.238	0.627434
318.68	0.62515
318.124	0.62167
317.57	0.618348
317.017	0.61658
316.467	0.617519
315.918	0.62182
315.371	0.629485
314.826	0.639829
314.284	0.651607
313.743	0.663251
313.203	0.673203
312.666	0.680235
312.13	0.683703
311.597	0.683643
311.065	0.680678
310.535	0.67577
310.007	0.669886
309.48	0.663705
308.956	0.657458
308.433	0.650969
307.912	0.643857
307.392	0.635794
306.875	0.626724
306.359	0.616924
305.845	0.606892
305.332	0.597142
304.821	0.587986
304.312	0.579429
303.805	0.571216
303.3	0.563004
302.796	0.554553
302.293	0.545858
301.793	0.537146
301.294	0.528752
300.797	0.520949
300.301	0.513836
299.807	0.507319
299.314	0.501212
298.824	0.495377
298.335	0.489833
297.847	0.484758
297.361	0.480402
296.877	0.476955
296.394	0.474447
295.912	0.472744
295.433	0.47164
294.955	0.470987
294.478	0.470796
294.003	0.471238
293.529	0.472553
293.057	0.47491
292.587	0.478293
292.118	0.48249
291.65	0.487186
291.184	0.492118
290.72	0.497213
290.257	0.502639
289.795	0.50874
289.335	0.515895
288.877	0.524358
288.419	0.534165
287.964	0.545128
287.509	0.556925
287.057	0.569212
286.605	0.581723
286.155	0.594306
285.706	0.606899
285.259	0.619482
284.813	0.632024
284.369	0.644472
283.926	0.65675
283.484	0.668772
283.044	0.680445
282.605	0.691652
282.168	0.70224
281.731	0.712017
281.297	0.72079
280.863	0.728404
280.431	0.734784
280	0.739949
