1200	0.508018
1192.15	0.507174
1184.4	0.506394
1176.75	0.505676
1169.21	0.505022
1161.75	0.504431
1154.39	0.503902
1147.13	0.503435
1139.95	0.50303
1132.86	0.502687
1125.87	0.502404
1118.95	0.502183
1112.13	0.502021
1105.38	0.50192
1098.72	0.501879
1092.13	0.501897
1085.63	0.501974
1079.2	0.50211
1072.84	0.502304
1066.56	0.502556
1060.36	0.502866
1054.23	0.503233
1048.16	0.503656
1042.17	0.504137
1036.24	0.504673
1030.38	0.505265
1024.59	0.505913
1018.86	0.506615
1013.2	0.507372
1007.6	0.508183
1002.06	0.509048
996.576	0.509967
991.156	0.510938
985.795	0.511962
980.491	0.513038
975.244	0.514166
970.053	0.515345
964.917	0.516574
959.835	0.517855
954.806	0.519185
949.83	0.520565
944.905	0.521994
940.031	0.523472
935.207	0.524998
930.433	0.526572
925.707	0.528193
921.028	0.529861
916.397	0.531576
911.812	0.533337
907.273	0.535143
902.778	0.536994
898.328	0.53889
893.922	0.54083
889.559	0.542814
885.238	0.544841
880.958	0.546911
876.72	0.549023
872.523	0.551177
868.365	0.553372
864.247	0.555608
860.168	0.557885
856.127	0.560201
852.124	0.562557
848.159	0.564951
844.23	0.567384
840.337	0.569854
836.48	0.572362
832.658	0.574907
828.871	0.577488
825.118	0.580105
821.399	0.582758
817.714	0.585445
814.061	0.588166
810.441	0.590922
806.853	0.59371
803.296	0.596532
799.771	0.599386
796.277	0.602271
792.813	0.605188
789.379	0.608135
785.974	0.611113
782.599	0.61412
779.253	0.617156
775.935	0.620221
772.645	0.623314
769.383	0.626435
766.149	0.629583
762.941	0.632757
759.761	0.635958
756.606	0.639184
753.478	0.642434
750.376	0.64571
747.299	0.649009
744.247	0.652332
741.22	0.655677
738.218	0.659045
735.239	0.662435
732.285	0.665846
729.354	0.669278
726.447	0.67273
723.563	0.676202
720.702	0.679693
717.863	0.683203
715.046	0.686731
712.251	0.690277
709.479	0.69384
706.727	0.69742
703.997	0.701016
701.288	0.704627
698.6	0.708254
695.932	0.711895
693.285	0.71555
690.657	0.719219
688.05	0.722901
685.462	0.726596
682.893	0.730303
680.344	0.734021
677.814	0.73775
675.302	0.74149
672.809	0.74524
670.334	0.749
667.878	0.752769
665.439	0.756546
663.018	0.760332
660.615	0.764125
658.229	0.767925
655.86	0.771732
653.508	0.775545
651.173	0.779363
648.854	0.783187
646.553	0.787015
644.267	0.790848
641.997	0.794684
639.744	0.798524
637.506	0.802366
635.283	0.80621
633.077	0.810056
630.885	0.813904
628.709	0.817752
626.547	0.821601
624.4	0.825449
622.268	0.829297
620.151	0.833144
618.048	0.836989
615.959	0.840832
613.884	0.844672
611.823	0.84851
609.776	0.852344
607.742	0.856174
605.723	0.859999
603.716	0.86382
601.723	0.867635
599.742	0.871445
597.775	0.875248
595.821	0.879044
593.879	0.882833
591.95	0.886614
590.034	0.890387
588.13	0.894151
586.238	0.897907
584.358	0.901652
582.49	0.905388
580.634	0.909112
578.79	0.912826
576.958	0.916528
575.137	0.920219
573.328	0.923897
571.53	0.927562
569.743	0.931213
567.967	0.934851
566.203	0.938474
564.449	0.942083
562.706	0.945677
560.974	0.949254
559.253	0.952816
557.542	0.956361
555.841	0.959889
554.151	0.963399
552.471	0.966892
550.802	0.970366
549.142	0.973821
547.492	0.977256
545.852	0.980672
544.222	0.984068
542.602	0.987443
540.991	0.990797
539.39	0.994129
537.798	0.997439
536.216	1.00073
534.643	1.00399
533.079	1.00723
531.524	1.01045
529.979	1.01364
528.442	1.01681
526.914	1.01996
525.395	1.02308
523.885	1.02617
522.383	1.02923
520.89	1.03227
519.405	1.03529
517.929	1.03827
516.461	1.04123
515.002	1.04416
513.551	1.04706
512.108	1.04993
510.673	1.05277
509.246	1.05558
507.827	1.05836
506.415	1.06111
505.012	1.06383
503.616	1.06652
502.229	1.06917
500.848	1.0718
499.476	1.07439
498.111	1.07695
496.753	1.07947
495.402	1.08197
494.059	1.08442
492.724	1.08685
491.395	1.08924
490.074	1.09159
488.759	1.09391
487.452	1.0962
486.152	1.09845
484.858	1.10066
483.572	1.10284
482.292	1.10498
481.019	1.10708
479.753	1.10915
478.493	1.11118
477.24	1.11317
475.994	1.11512
474.754	1.11704
473.52	1.11892
472.293	1.12076
471.072	1.12256
469.858	1.12432
468.649	1.12604
467.447	1.12772
466.251	1.12937
465.062	1.13097
463.878	1.13253
462.7	1.13405
461.528	1.13554
460.362	1.13698
459.202	1.13838
458.048	1.13974
456.9	1.14106
455.757	1.14234
454.62	1.14357
453.489	1.14477
452.363	1.14592
451.243	1.14703
450.129	1.1481
449.02	1.14913
447.916	1.15011
446.818	1.15106
445.725	1.15196
444.638	1.15282
443.556	1.15363
442.479	1.1544
441.407	1.15513
440.34	1.15582
439.279	1.15647
438.223	1.15707
437.171	1.15762
436.125	1.15814
435.084	1.15861
434.048	1.15904
433.017	1.15943
431.99	1.15977
430.969	1.16007
429.952	1.16032
428.94	1.16053
427.933	1.1607
426.93	1.16082
425.932	1.16091
424.939	1.16094
423.951	1.16094
422.967	1.16089
421.987	1.16079
421.012	1.16066
420.042	1.16048
419.076	1.16025
418.115	1.15998
417.158	1.15967
416.205	1.15932
415.257	1.15892
414.313	1.15848
413.373	1.15799
412.437	1.15746
411.506	1.15689
410.579	1.15627
409.656	1.15562
408.737	1.15491
407.823	1.15417
406.912	1.15338
406.005	1.15255
405.103	1.15167
404.204	1.15075
403.31	1.14979
402.419	1.14879
401.533	1.14774
400.65	1.14665
399.771	1.14552
398.896	1.14434
398.025	1.14312
397.157	1.14186
396.294	1.14056
395.434	1.13922
394.578	1.13783
393.725	1.1364
392.877	1.13493
392.031	1.13342
391.19	1.13186
390.352	1.13027
389.518	1.12863
388.687	1.12695
387.86	1.12523
387.036	1.12347
386.216	1.12167
385.399	1.11983
384.586	1.11794
383.776	1.11602
382.969	1.11405
382.166	1.11205
381.367	1.11001
380.57	1.10792
379.777	1.1058
378.987	1.10364
378.201	1.10144
377.418	1.09919
376.638	1.09691
375.861	1.0946
375.087	1.09224
374.317	1.08984
373.55	1.08741
372.785	1.08494
372.024	1.08243
371.267	1.07989
370.512	1.0773
369.76	1.07468
369.011	1.07203
368.266	1.06933
367.523	1.0666
366.783	1.06384
366.047	1.06104
365.313	1.0582
364.582	1.05533
363.854	1.05243
363.129	1.04949
362.407	1.04651
361.688	1.04351
360.971	1.04046
360.258	1.03739
359.547	1.03428
358.839	1.03114
358.134	1.02797
357.432	1.02476
356.732	1.02153
356.035	1.01826
355.341	1.01496
354.649	1.01163
353.96	1.00827
353.274	1.00488
352.591	1.00146
351.91	0.998015
351.232	0.994538
350.556	0.991032
349.883	0.987498
349.213	0.983937
348.545	0.980348
347.879	0.976733
347.217	0.97309
346.556	0.969422
345.899	0.965728
345.243	0.962009
344.591	0.958265
343.94	0.954497
343.292	0.950705
342.647	0.946889
342.004	0.94305
341.363	0.939188
340.725	0.935304
340.089	0.931398
339.456	0.927471
338.825	0.923523
338.196	0.919555
337.569	0.915566
336.945	0.911559
336.324	0.907532
335.704	0.903487
335.087	0.899423
334.472	0.895342
333.859	0.891244
333.249	0.88713
332.64	0.882999
332.034	0.878853
331.43	0.874692
330.829	0.870516
330.229	0.866326
329.632	0.862123
329.037	0.857907
328.444	0.853678
327.853	0.849437
327.264	0.845185
326.678	0.840921
326.093	0.836648
325.511	0.832364
324.93	0.828072
324.352	0.82377
323.776	0.81946
323.201	0.815143
322.629	0.810818
322.059	0.806487
321.491	0.80215
320.925	0.797808
320.361	0.79346
319.799	0.789108
319.238	0.784753
318.68	0.780394
318.124	0.776032
317.57	0.771669
317.017	0.767304
316.467	0.762938
315.918	0.758571
315.371	0.754205
314.826	0.74984
314.284	0.745476
313.743	0.741114
313.203	0.736754
312.666	0.732398
312.13	0.728046
311.597	0.723697
311.065	0.719354
310.535	0.715016
310.007	0.710684
309.48	0.706359
308.956	0.702042
308.433	0.697732
307.912	0.69343
307.392	0.689138
306.875	0.684856
306.359	0.680583
305.845	0.676322
305.332	0.672072
304.821	0.667834
304.312	0.663609
303.805	0.659398
303.3	0.6552
302.796	0.651017
302.293	0.646849
301.793	0.642697
301.294	0.638561
300.797	0.634442
300.301	0.630341
299.807	0.626258
299.314	0.622193
298.824	0.618149
298.335	0.614124
297.847	0.61012
297.361	0.606138
296.877	0.602177
296.394	0.598239
295.912	0.594324
295.433	0.590433
294.955	0.586566
294.478	0.582725
294.003	0.578909
293.529	0.575119
293.057	0.571356
292.587	0.567621
292.118	0.563914
291.65	0.560235
291.184	0.556586
290.72	0.552967
290.257	0.549379
289.795	0.545822
289.335	0.542296
288.877	0.538803
288.419	0.535344
287.964	0.531918
287.509	0.528526
287.057	0.525169
286.605	0.521848
286.155	0.518563
285.706	0.515315
285.259	0.512105
284.813	0.508932
284.369	0.505798
283.926	0.502704
283.484	0.499649
283.044	0.496635
282.605	0.493662
282.168	0.490731
281.731	0.487842
281.297	0.484996
280.863	0.482194
280.431	0.479436
280	0.476722
