1200	0.844436
1192.15	0.843298
1184.4	0.842138
1176.75	0.840958
1169.21	0.839758
1161.75	0.838537
1154.39	0.837296
1147.13	0.836035
1139.95	0.834755
1132.86	0.833456
1125.87	0.832139
1118.95	0.830803
1112.13	0.829449
1105.38	0.828078
1098.72	0.82669
1092.13	0.825285
1085.63	0.823864
1079.2	0.822426
1072.84	0.820973
1066.56	0.819505
1060.36	0.818022
1054.23	0.816524
1048.16	0.815012
1042.17	0.813487
1036.24	0.811948
1030.38	0.810396
1024.59	0.808832
1018.86	0.807256
1013.2	0.805668
1007.6	0.804069
1002.06	0.802459
996.576	0.800839
991.156	0.799208
985.795	0.797568
980.491	0.795919
975.244	0.794261
970.053	0.792594
964.917	0.790919
959.835	0.789237
954.806	0.787548
949.83	0.785852
944.905	0.784149
940.031	0.782441
935.207	0.780727
930.433	0.779007
925.707	0.777283
921.028	0.775555
916.397	0.773823
911.812	0.772087
907.273	0.770347
902.778	0.768606
898.328	0.766861
893.922	0.765115
889.559	0.763367
885.238	0.761617
880.958	0.759867
876.72	0.758116
872.523	0.756365
868.365	0.754614
864.247	0.752864
860.168	0.751115
856.127	0.749367
852.124	0.74762
848.159	0.745875
844.23	0.744133
840.337	0.742393
836.48	0.740657
832.658	0.738923
828.871	0.737194
825.118	0.735468
821.399	0.733746
817.714	0.732029
814.061	0.730317
810.441	0.728611
806.853	0.726909
803.296	0.725214
799.771	0.723525
796.277	0.721842
792.813	0.720166
789.379	0.718497
785.974	0.716835
782.599	0.715181
779.253	0.713535
775.935	0.711897
772.645	0.710268
769.383	0.708648
766.149	0.707036
762.941	0.705434
759.761	0.703842
756.606	0.702259
753.478	0.700687
750.376	0.699125
747.299	0.697573
744.247	0.696033
741.22	0.694504
738.218	0.692987
735.239	0.691481
732.285	0.689987
729.354	0.688506
726.447	0.687037
723.563	0.685582
720.702	0.684139
717.863	0.68271
715.046	0.681294
712.251	0.679892
709.479	0.678504
706.727	0.677131
703.997	0.675773
701.288	0.674429
698.6	0.673101
695.932	0.671788
693.285	0.67049
690.657	0.669209
688.05	0.667944
685.462	0.666695
682.893	0.665463
680.344	0.664248
677.814	0.66305
675.302	0.66187
672.809	0.660707
670.334	0.659562
667.878	0.658436
665.439	0.657327
663.018	0.656238
660.615	0.655167
658.229	0.654116
655.86	0.653084
653.508	0.652071
651.173	0.651079
648.854	0.650106
646.553	0.649154
644.267	0.648222
641.997	0.647311
639.744	0.646421
637.506	0.645553
635.283	0.644705
633.077	0.64388
630.885	0.643076
628.709	0.642294
626.547	0.641534
624.4	0.640797
622.268	0.640083
620.151	0.639391
618.048	0.638723
615.959	0.638078
613.884	0.637456
611.823	0.636858
609.776	0.636283
607.742	0.635733
605.723	0.635207
603.716	0.634705
601.723	0.634227
599.742	0.633774
597.775	0.633346
595.821	0.632942
593.879	0.632564
591.95	0.632211
590.034	0.631883
588.13	0.631581
586.238	0.631304
584.358	0.631053
582.49	0.630827
580.634	0.630628
578.79	0.630454
576.958	0.630307
575.137	0.630185
573.328	0.63009
571.53	0.630021
569.743	0.629979
567.967	0.629963
566.203	0.629974
564.449	0.630011
562.706	0.630074
560.974	0.630165
559.253	0.630282
557.542	0.630425
555.841	0.630596
554.151	0.630793
552.471	0.631017
550.802	0.631268
549.142	0.631545
547.492	0.631849
545.852	0.63218
544.222	0.632538
542.602	0.632922
540.991	0.633333
539.39	0.63377
537.798	0.634234
536.216	0.634725
534.643	0.635242
533.079	0.635785
531.524	0.636355
529.979	0.636951
528.442	0.637573
526.914	0.638221
525.395	0.638895
523.885	0.639595
522.383	0.640321
520.89	0.641072
519.405	0.641849
517.929	0.642651
516.461	0.643479
515.002	0.644332
513.551	0.64521
512.108	0.646112
510.673	0.64704
509.246	0.647992
507.827	0.648968
506.415	0.649969
505.012	0.650994
503.616	0.652043
502.229	0.653115
500.848	0.654211
499.476	0.655331
498.111	0.656473
496.753	0.657639
495.402	0.658827
494.059	0.660039
492.724	0.661272
491.395	0.662528
490.074	0.663805
488.759	0.665105
487.452	0.666426
486.152	0.667768
484.858	0.669131
483.572	0.670516
482.292	0.67192
481.019	0.673346
479.753	0.674791
478.493	0.676256
477.24	0.677741
475.994	0.679246
474.754	0.680769
473.52	0.682312
472.293	0.683873
471.072	0.685452
469.858	0.68705
468.649	0.688665
467.447	0.690298
466.251	0.691949
465.062	0.693616
463.878	0.6953
462.7	0.697001
461.528	0.698718
460.362	0.700451
459.202	0.702199
458.048	0.703963
456.9	0.705742
455.757	0.707536
454.62	0.709345
453.489	0.711167
452.363	0.713004
451.243	0.714854
450.129	0.716718
449.02	0.718594
447.916	0.720484
446.818	0.722386
445.725	0.7243
444.638	0.726226
443.556	0.728163
442.479	0.730112
441.407	0.732071
440.34	0.734042
439.279	0.736022
438.223	0.738013
437.171	0.740013
436.125	0.742023
435.084	0.744042
434.048	0.746069
433.017	0.748105
431.99	0.750149
430.969	0.752201
429.952	0.754261
428.94	0.756327
427.933	0.7584
426.93	0.76048
425.932	0.762566
424.939	0.764658
423.951	0.766755
422.967	0.768858
421.987	0.770965
421.012	0.773077
420.042	0.775193
419.076	0.777313
418.115	0.779436
417.158	0.781563
416.205	0.783692
415.257	0.785824
414.313	0.787957
413.373	0.790093
412.437	0.79223
411.506	0.794368
410.579	0.796506
409.656	0.798645
408.737	0.800784
407.823	0.802923
406.912	0.805061
406.005	0.807198
405.103	0.809333
404.204	0.811466
403.31	0.813598
402.419	0.815726
401.533	0.817852
400.65	0.819974
399.771	0.822093
398.896	0.824208
398.025	0.826318
397.157	0.828423
396.294	0.830524
395.434	0.832618
394.578	0.834707
393.725	0.836789
392.877	0.838865
392.031	0.840933
391.19	0.842994
390.352	0.845047
389.518	0.847092
388.687	0.849128
387.86	0.851155
387.036	0.853173
386.216	0.85518
385.399	0.857178
384.586	0.859165
383.776	0.86114
382.969	0.863105
382.166	0.865057
381.367	0.866997
380.57	0.868925
379.777	0.87084
378.987	0.872741
378.201	0.874628
377.418	0.876501
376.638	0.87836
375.861	0.880203
375.087	0.882031
374.317	0.883844
373.55	0.88564
372.785	0.887419
372.024	0.889182
371.267	0.890927
370.512	0.892654
369.76	0.894364
369.011	0.896054
368.266	0.897726
367.523	0.899378
366.783	0.901011
366.047	0.902623
365.313	0.904215
364.582	0.905786
363.854	0.907336
363.129	0.908865
362.407	0.910371
361.688	0.911855
360.971	0.913316
360.258	0.914754
359.547	0.916168
358.839	0.917559
358.134	0.918926
357.432	0.920268
356.732	0.921585
356.035	0.922876
355.341	0.924142
354.649	0.925383
353.96	0.926597
353.274	0.927784
352.591	0.928944
351.91	0.930077
351.232	0.931183
350.556	0.93226
349.883	0.933309
349.213	0.93433
348.545	0.935321
347.879	0.936284
347.217	0.937217
346.556	0.93812
345.899	0.938993
345.243	0.939836
344.591	0.940648
343.94	0.941429
343.292	0.942179
342.647	0.942897
342.004	0.943584
341.363	0.944238
340.725	0.944861
340.089	0.94545
339.456	0.946007
338.825	0.946531
338.196	0.947022
337.569	0.947479
336.945	0.947903
336.324	0.948292
335.704	0.948648
335.087	0.948969
334.472	0.949255
333.859	0.949507
333.249	0.949724
332.64	0.949905
332.034	0.950052
331.43	0.950163
330.829	0.950238
330.229	0.950277
329.632	0.95028
329.037	0.950247
328.444	0.950178
327.853	0.950072
327.264	0.94993
326.678	0.949751
326.093	0.949535
325.511	0.949282
324.93	0.948992
324.352	0.948664
323.776	0.9483
323.201	0.947898
322.629	0.947458
322.059	0.946981
321.491	0.946466
320.925	0.945913
320.361	0.945323
319.799	0.944694
319.238	0.944028
318.68	0.943324
318.124	0.942581
317.57	0.9418
317.017	0.940981
316.467	0.940124
315.918	0.939229
315.371	0.938295
314.826	0.937323
314.284	0.936313
313.743	0.935265
313.203	0.934178
312.666	0.933053
312.13	0.931889
311.597	0.930688
311.065	0.929448
310.535	0.92817
310.007	0.926853
309.48	0.925499
308.956	0.924106
308.433	0.922675
307.912	0.921206
307.392	0.9197
306.875	0.918155
306.359	0.916572
305.845	0.914952
305.332	0.913294
304.821	0.911598
304.312	0.909865
303.805	0.908094
303.3	0.906287
302.796	0.904441
302.293	0.902559
301.793	0.90064
301.294	0.898684
300.797	0.896691
300.301	0.894661
299.807	0.892595
299.314	0.890493
298.824	0.888354
298.335	0.886179
297.847	0.883969
297.361	0.881722
296.877	0.87944
296.394	0.877123
295.912	0.87477
295.433	0.872383
294.955	0.86996
294.478	0.867503
294.003	0.865011
293.529	0.862485
293.057	0.859925
292.587	0.857332
292.118	0.854704
291.65	0.852043
291.184	0.849349
290.72	0.846622
290.257	0.843862
289.795	0.84107
289.335	0.838246
288.877	0.835389
288.419	0.832501
287.964	0.829582
287.509	0.826631
287.057	0.823649
286.605	0.820637
286.155	0.817595
285.706	0.814522
285.259	0.81142
284.813	0.808288
284.369	0.805127
283.926	0.801937
283.484	0.798719
283.044	0.795473
282.605	0.792199
282.168	0.788897
281.731	0.785568
281.297	0.782212
280.863	0.77883
280.431	0.775421
280	0.771987
