1200	6.96475
1192.15	6.91682
1184.4	6.86874
1176.75	6.82052
1169.21	6.77215
1161.75	6.72366
1154.39	6.67504
1147.13	6.6263
1139.95	6.57746
1132.86	6.5285
1125.87	6.47946
1118.95	6.43032
1112.13	6.38109
1105.38	6.33179
1098.72	6.28241
1092.13	6.23297
1085.63	6.18347
1079.2	6.13392
1072.84	6.08432
1066.56	6.03468
1060.36	5.98501
1054.23	5.93532
1048.16	5.8856
1042.17	5.83586
1036.24	5.78612
1030.38	5.73637
1024.59	5.68663
1018.86	5.6369
1013.2	5.58718
1007.6	5.53748
1002.06	5.48781
996.576	5.43817
991.156	5.38857
985.795	5.33901
980.491	5.2895
975.244	5.24005
970.053	5.19066
964.917	5.14133
959.835	5.09207
954.806	5.04289
949.83	4.99379
944.905	4.94477
940.031	4.89585
935.207	4.84702
930.433	4.7983
925.707	4.74968
921.028	4.70117
916.397	4.65277
911.812	4.6045
907.273	4.55635
902.778	4.50832
898.328	4.46044
893.922	4.41269
889.559	4.36508
885.238	4.31762
880.958	4.27031
876.72	4.22315
872.523	4.17615
868.365	4.12932
864.247	4.08265
860.168	4.03615
856.127	3.98983
852.124	3.94368
848.159	3.89771
844.23	3.85193
840.337	3.80634
836.48	3.76094
832.658	3.71574
828.871	3.67074
825.118	3.62593
821.399	3.58134
817.714	3.53695
814.061	3.49277
810.441	3.44881
806.853	3.40506
803.296	3.36154
799.771	3.31824
796.277	3.27517
792.813	3.23232
789.379	3.18971
785.974	3.14733
782.599	3.10519
779.253	3.06329
775.935	3.02163
772.645	2.98022
769.383	2.93905
766.149	2.89813
762.941	2.85747
759.761	2.81706
756.606	2.7769
753.478	2.73701
750.376	2.69737
747.299	2.658
744.247	2.61889
741.22	2.58005
738.218	2.54148
735.239	2.50318
732.285	2.46515
729.354	2.42739
726.447	2.38991
723.563	2.35271
720.702	2.31579
717.863	2.27915
715.046	2.24279
712.251	2.20671
709.479	2.17092
706.727	2.13542
703.997	2.1002
701.288	2.06528
698.6	2.03065
695.932	1.99631
693.285	1.96226
690.657	1.92851
688.05	1.89505
685.462	1.86189
682.893	1.82903
680.344	1.79647
677.814	1.76421
675.302	1.73225
672.809	1.70059
670.334	1.66924
667.878	1.63819
665.439	1.60744
663.018	1.577
660.615	1.54687
658.229	1.51704
655.86	1.48753
653.508	1.45832
651.173	1.42942
648.854	1.40083
646.553	1.37255
644.267	1.34459
641.997	1.31694
639.744	1.28959
637.506	1.26257
635.283	1.23585
633.077	1.20945
630.885	1.18337
628.709	1.1576
626.547	1.13214
624.4	1.107
622.268	1.08218
620.151	1.05767
618.048	1.03349
615.959	1.00961
613.884	0.986061
611.823	0.962826
609.776	0.93991
607.742	0.917313
605.723	0.895035
603.716	0.873076
601.723	0.851438
599.742	0.830119
597.775	0.809121
595.821	0.788444
593.879	0.768088
591.95	0.748053
590.034	0.728339
588.13	0.708948
586.238	0.689879
584.358	0.671132
582.49	0.652708
580.634	0.634608
578.79	0.61683
576.958	0.599377
575.137	0.582248
573.328	0.565443
571.53	0.548962
569.743	0.532807
567.967	0.516978
566.203	0.501474
564.449	0.486296
562.706	0.471445
560.974	0.456921
559.253	0.442725
557.542	0.428857
555.841	0.415317
554.151	0.402105
552.471	0.389224
550.802	0.376672
549.142	0.36445
547.492	0.352559
545.852	0.341
544.222	0.329772
542.602	0.318878
540.991	0.308316
539.39	0.298088
537.798	0.288195
536.216	0.278637
534.643	0.269415
533.079	0.260529
531.524	0.251981
529.979	0.24377
528.442	0.235899
526.914	0.228366
525.395	0.221174
523.885	0.214324
522.383	0.207815
520.89	0.201649
519.405	0.195827
517.929	0.190349
516.461	0.185217
515.002	0.180431
513.551	0.175992
512.108	0.171902
510.673	0.168161
509.246	0.16477
507.827	0.16173
506.415	0.159043
505.012	0.156708
503.616	0.154728
502.229	0.153104
500.848	0.151835
499.476	0.150924
498.111	0.150372
496.753	0.150179
495.402	0.150347
494.059	0.150877
492.724	0.151769
491.395	0.153026
490.074	0.154647
488.759	0.156635
487.452	0.15899
486.152	0.161714
484.858	0.164807
483.572	0.168271
482.292	0.172107
481.019	0.176316
479.753	0.180899
478.493	0.185857
477.24	0.191191
475.994	0.196902
474.754	0.202992
473.52	0.209462
472.293	0.216312
471.072	0.223544
469.858	0.231158
468.649	0.239156
467.447	0.247539
466.251	0.256308
465.062	0.265463
463.878	0.275006
462.7	0.284938
461.528	0.295259
460.362	0.305971
459.202	0.317074
458.048	0.328569
456.9	0.340457
455.757	0.352739
454.62	0.365416
453.489	0.378488
452.363	0.391955
451.243	0.40582
450.129	0.420082
449.02	0.434741
447.916	0.4498
446.818	0.465257
445.725	0.481114
444.638	0.497371
443.556	0.514029
442.479	0.531087
441.407	0.548547
440.34	0.566408
439.279	0.58467
438.223	0.603335
437.171	0.622402
436.125	0.641871
435.084	0.661743
434.048	0.682016
433.017	0.702693
431.99	0.723771
430.969	0.745251
429.952	0.767134
428.94	0.789418
427.933	0.812103
426.93	0.835189
425.932	0.858677
424.939	0.882564
423.951	0.906851
422.967	0.931536
421.987	0.956621
421.012	0.982103
420.042	1.00798
419.076	1.03426
418.115	1.06093
417.158	1.08799
416.205	1.11545
415.257	1.1433
414.313	1.17154
413.373	1.20017
412.437	1.22919
411.506	1.25859
410.579	1.28839
409.656	1.31856
408.737	1.34912
407.823	1.38006
406.912	1.41138
406.005	1.44308
405.103	1.47515
404.204	1.50759
403.31	1.54041
402.419	1.5736
401.533	1.60715
400.65	1.64107
399.771	1.67535
398.896	1.71
398.025	1.745
397.157	1.78035
396.294	1.81606
395.434	1.85212
394.578	1.88853
393.725	1.92528
392.877	1.96238
392.031	1.99981
391.19	2.03758
390.352	2.07568
389.518	2.11411
388.687	2.15287
387.86	2.19195
387.036	2.23135
386.216	2.27106
385.399	2.31109
384.586	2.35142
383.776	2.39206
382.969	2.433
382.166	2.47424
381.367	2.51577
380.57	2.55759
379.777	2.5997
378.987	2.64208
378.201	2.68474
377.418	2.72767
376.638	2.77087
375.861	2.81434
375.087	2.85806
374.317	2.90203
373.55	2.94626
372.785	2.99072
372.024	3.03543
371.267	3.08037
370.512	3.12554
369.76	3.17093
369.011	3.21654
368.266	3.26237
367.523	3.3084
366.783	3.35464
366.047	3.40108
365.313	3.4477
364.582	3.49452
363.854	3.54151
363.129	3.58868
362.407	3.63602
361.688	3.68352
360.971	3.73118
360.258	3.77899
359.547	3.82694
358.839	3.87504
358.134	3.92327
357.432	3.97162
356.732	4.0201
356.035	4.06869
355.341	4.11739
354.649	4.16619
353.96	4.21509
353.274	4.26408
352.591	4.31315
351.91	4.36229
351.232	4.41151
350.556	4.46079
349.883	4.51012
349.213	4.55951
348.545	4.60893
347.879	4.65839
347.217	4.70789
346.556	4.7574
345.899	4.80693
345.243	4.85647
344.591	4.90601
343.94	4.95554
343.292	5.00506
342.647	5.05457
342.004	5.10404
341.363	5.15348
340.725	5.20289
340.089	5.25224
339.456	5.30154
338.825	5.35078
338.196	5.39995
337.569	5.44904
336.945	5.49805
336.324	5.54697
335.704	5.59579
335.087	5.64451
334.472	5.69312
333.859	5.74161
333.249	5.78997
332.64	5.8382
332.034	5.88629
331.43	5.93423
330.829	5.98202
330.229	6.02965
329.632	6.07711
329.037	6.1244
328.444	6.1715
327.853	6.21841
327.264	6.26513
326.678	6.31165
326.093	6.35795
325.511	6.40404
324.93	6.44991
324.352	6.49554
323.776	6.54094
323.201	6.5861
322.629	6.631
322.059	6.67565
321.491	6.72004
320.925	6.76415
320.361	6.80799
319.799	6.85155
319.238	6.89482
318.68	6.93779
318.124	6.98046
317.57	7.02283
317.017	7.06488
316.467	7.10661
315.918	7.14801
315.371	7.18908
314.826	7.22982
314.284	7.27021
313.743	7.31025
313.203	7.34994
312.666	7.38927
312.13	7.42823
311.597	7.46682
311.065	7.50503
310.535	7.54286
310.007	7.5803
309.48	7.61736
308.956	7.65401
308.433	7.69026
307.912	7.72611
307.392	7.76154
306.875	7.79656
306.359	7.83115
305.845	7.86533
305.332	7.89907
304.821	7.93237
304.312	7.96524
303.805	7.99767
303.3	8.02965
302.796	8.06118
302.293	8.09225
301.793	8.12287
301.294	8.15302
300.797	8.18272
300.301	8.21194
299.807	8.24069
299.314	8.26897
298.824	8.29677
298.335	8.32408
297.847	8.35092
297.361	8.37727
296.877	8.40313
296.394	8.4285
295.912	8.45337
295.433	8.47775
294.955	8.50163
294.478	8.52501
294.003	8.54789
293.529	8.57027
293.057	8.59213
292.587	8.6135
292.118	8.63435
291.65	8.65469
291.184	8.67452
290.72	8.69384
290.257	8.71265
289.795	8.73094
289.335	8.74872
288.877	8.76598
288.419	8.78272
287.964	8.79895
287.509	8.81466
287.057	8.82986
286.605	8.84454
286.155	8.8587
285.706	8.87234
285.259	8.88547
284.813	8.89808
284.369	8.91017
283.926	8.92175
283.484	8.93282
283.044	8.94337
282.605	8.95341
282.168	8.96294
281.731	8.97196
281.297	8.98047
280.863	8.98848
280.431	8.99598
280	9.00297
