1200	98.2766
1192.15	98.2949
1184.4	98.313
1176.75	98.3311
1169.21	98.349
1161.75	98.3668
1154.39	98.3844
1147.13	98.4019
1139.95	98.4193
1132.86	98.4366
1125.87	98.4537
1118.95	98.4707
1112.13	98.4876
1105.38	98.5044
1098.72	98.521
1092.13	98.5375
1085.63	98.554
1079.2	98.5702
1072.84	98.5864
1066.56	98.6025
1060.36	98.6184
1054.23	98.6343
1048.16	98.65
1042.17	98.6657
1036.24	98.6812
1030.38	98.6967
1024.59	98.7121
1018.86	98.7273
1013.2	98.7426
1007.6	98.7577
1002.06	98.7728
996.576	98.7877
991.156	98.8027
985.795	98.8175
980.491	98.8323
975.244	98.8471
970.053	98.8618
964.917	98.8764
959.835	98.891
954.806	98.9056
949.83	98.9201
944.905	98.9346
940.031	98.9491
935.207	98.9635
930.433	98.9779
925.707	98.9922
921.028	99.0066
916.397	99.0209
911.812	99.0352
907.273	99.0494
902.778	99.0637
898.328	99.0779
893.922	99.0921
889.559	99.1063
885.238	99.1205
880.958	99.1346
876.72	99.1487
872.523	99.1628
868.365	99.1769
864.247	99.191
860.168	99.205
856.127	99.219
852.124	99.233
848.159	99.2469
844.23	99.2608
840.337	99.2747
836.48	99.2885
832.658	99.3023
828.871	99.316
825.118	99.3297
821.399	99.3433
817.714	99.3569
814.061	99.3704
810.441	99.3839
806.853	99.3972
803.296	99.4105
799.771	99.4238
796.277	99.4369
792.813	99.4499
789.379	99.4629
785.974	99.4757
782.599	99.4884
779.253	99.501
775.935	99.5135
772.645	99.5259
769.383	99.5381
766.149	99.5502
762.941	99.5622
759.761	99.574
756.606	99.5857
753.478	99.5971
750.376	99.6085
747.299	99.6196
744.247	99.6306
741.22	99.6414
738.218	99.652
735.239	99.6624
732.285	99.6726
729.354	99.6826
726.447	99.6924
723.563	99.702
720.702	99.7114
717.863	99.7205
715.046	99.7294
712.251	99.738
709.479	99.7465
706.727	99.7546
703.997	99.7625
701.288	99.7702
698.6	99.7776
695.932	99.7848
693.285	99.7916
690.657	99.7982
688.05	99.8046
685.462	99.8106
682.893	99.8164
680.344	99.8219
677.814	99.8271
675.302	99.832
672.809	99.8367
670.334	99.841
667.878	99.845
665.439	99.8488
663.018	99.8523
660.615	99.8554
658.229	99.8583
655.86	99.8609
653.508	99.8631
651.173	99.8651
648.854	99.8668
646.553	99.8681
644.267	99.8692
641.997	99.87
639.744	99.8704
637.506	99.8706
635.283	99.8705
633.077	99.8701
630.885	99.8693
628.709	99.8683
626.547	99.867
624.4	99.8655
622.268	99.8636
620.151	99.8614
618.048	99.859
615.959	99.8563
613.884	99.8532
611.823	99.85
609.776	99.8464
607.742	99.8426
605.723	99.8385
603.716	99.8341
601.723	99.8295
599.742	99.8247
597.775	99.8195
595.821	99.8141
593.879	99.8085
591.95	99.8026
590.034	99.7965
588.13	99.7901
586.238	99.7835
584.358	99.7767
582.49	99.7697
580.634	99.7624
578.79	99.7549
576.958	99.7471
575.137	99.7392
573.328	99.7311
571.53	99.7227
569.743	99.7141
567.967	99.7054
566.203	99.6964
564.449	99.6873
562.706	99.6779
560.974	99.6684
559.253	99.6587
557.542	99.6488
555.841	99.6387
554.151	99.6285
552.471	99.6181
550.802	99.6075
549.142	99.5968
547.492	99.5858
545.852	99.5748
544.222	99.5636
542.602	99.5522
540.991	99.5406
539.39	99.529
537.798	99.5171
536.216	99.5052
534.643	99.4931
533.079	99.4808
531.524	99.4685
529.979	99.4559
528.442	99.4433
526.914	99.4305
525.395	99.4176
523.885	99.4046
522.383	99.3914
520.89	99.3781
519.405	99.3647
517.929	99.3512
516.461	99.3376
515.002	99.3238
513.551	99.3099
512.108	99.2959
510.673	99.2818
509.246	99.2676
507.827	99.2533
506.415	99.2389
505.012	99.2243
503.616	99.2097
502.229	99.1949
500.848	99.1801
499.476	99.1651
498.111	99.15
496.753	99.1348
495.402	99.1196
494.059	99.1042
492.724	99.0887
491.395	99.0731
490.074	99.0574
488.759	99.0416
487.452	99.0258
486.152	99.0098
484.858	98.9937
483.572	98.9775
482.292	98.9612
481.019	98.9449
479.753	98.9284
478.493	98.9118
477.24	98.8952
475.994	98.8784
474.754	98.8616
473.52	98.8446
472.293	98.8276
471.072	98.8104
469.858	98.7932
468.649	98.7759
467.447	98.7585
466.251	98.741
465.062	98.7234
463.878	98.7057
462.7	98.6879
461.528	98.6701
460.362	98.6521
459.202	98.6341
458.048	98.6159
456.9	98.5977
455.757	98.5794
454.62	98.5611
453.489	98.5426
452.363	98.524
451.243	98.5054
450.129	98.4867
449.02	98.4679
447.916	98.449
446.818	98.4301
445.725	98.4111
444.638	98.392
443.556	98.3728
442.479	98.3536
441.407	98.3342
440.34	98.3149
439.279	98.2954
438.223	98.2759
437.171	98.2563
436.125	98.2366
435.084	98.2169
434.048	98.1971
433.017	98.1773
431.99	98.1574
430.969	98.1374
429.952	98.1174
428.94	98.0973
427.933	98.0772
426.93	98.057
425.932	98.0368
424.939	98.0166
423.951	97.9962
422.967	97.9759
421.987	97.9555
421.012	97.9351
420.042	97.9146
419.076	97.8941
418.115	97.8735
417.158	97.853
416.205	97.8324
415.257	97.8117
414.313	97.7911
413.373	97.7704
412.437	97.7497
411.506	97.729
410.579	97.7082
409.656	97.6875
408.737	97.6667
407.823	97.6459
406.912	97.6252
406.005	97.6044
405.103	97.5836
404.204	97.5628
403.31	97.542
402.419	97.5212
401.533	97.5004
400.65	97.4796
399.771	97.4589
398.896	97.4381
398.025	97.4174
397.157	97.3966
396.294	97.3759
395.434	97.3552
394.578	97.3346
393.725	97.3139
392.877	97.2933
392.031	97.2727
391.19	97.2522
390.352	97.2317
389.518	97.2112
388.687	97.1908
387.86	97.1704
387.036	97.15
386.216	97.1297
385.399	97.1094
384.586	97.0892
383.776	97.069
382.969	97.0489
382.166	97.0289
381.367	97.0089
380.57	96.989
379.777	96.9691
378.987	96.9493
378.201	96.9295
377.418	96.9099
376.638	96.8903
375.861	96.8708
375.087	96.8513
374.317	96.8319
373.55	96.8126
372.785	96.7934
372.024	96.7743
371.267	96.7553
370.512	96.7363
369.76	96.7175
369.011	96.6987
368.266	96.68
367.523	96.6614
366.783	96.643
366.047	96.6246
365.313	96.6063
364.582	96.5881
363.854	96.5701
363.129	96.5521
362.407	96.5343
361.688	96.5165
360.971	96.4989
360.258	96.4814
359.547	96.464
358.839	96.4467
358.134	96.4296
357.432	96.4126
356.732	96.3957
356.035	96.3789
355.341	96.3623
354.649	96.3458
353.96	96.3294
353.274	96.3132
352.591	96.2971
351.91	96.2811
351.232	96.2653
350.556	96.2496
349.883	96.2341
349.213	96.2187
348.545	96.2035
347.879	96.1884
347.217	96.1735
346.556	96.1587
345.899	96.1441
345.243	96.1296
344.591	96.1153
343.94	96.1012
343.292	96.0872
342.647	96.0734
342.004	96.0598
341.363	96.0463
340.725	96.033
340.089	96.0199
339.456	96.0069
338.825	95.9942
338.196	95.9816
337.569	95.9692
336.945	95.9569
336.324	95.9449
335.704	95.933
335.087	95.9213
334.472	95.9098
333.859	95.8985
333.249	95.8874
332.64	95.8765
332.034	95.8658
331.43	95.8553
330.829	95.845
330.229	95.8349
329.632	95.825
329.037	95.8153
328.444	95.8058
327.853	95.7965
327.264	95.7874
326.678	95.7785
326.093	95.7698
325.511	95.7614
324.93	95.7531
324.352	95.7451
323.776	95.7373
323.201	95.7298
322.629	95.7224
322.059	95.7153
321.491	95.7084
320.925	95.7017
320.361	95.6952
319.799	95.689
319.238	95.683
318.68	95.6772
318.124	95.6717
317.57	95.6664
317.017	95.6613
316.467	95.6565
315.918	95.6519
315.371	95.6475
314.826	95.6434
314.284	95.6395
313.743	95.6359
313.203	95.6325
312.666	95.6294
312.13	95.6265
311.597	95.6238
311.065	95.6214
310.535	95.6193
310.007	95.6174
309.48	95.6157
308.956	95.6143
308.433	95.6131
307.912	95.6122
307.392	95.6116
306.875	95.6112
306.359	95.611
305.845	95.6111
305.332	95.6115
304.821	95.6121
304.312	95.613
303.805	95.6141
303.3	95.6155
302.796	95.6172
302.293	95.6191
301.793	95.6212
301.294	95.6236
300.797	95.6263
300.301	95.6293
299.807	95.6325
299.314	95.6359
298.824	95.6396
298.335	95.6436
297.847	95.6478
297.361	95.6523
296.877	95.6571
296.394	95.6621
295.912	95.6673
295.433	95.6729
294.955	95.6786
294.478	95.6847
294.003	95.691
293.529	95.6975
293.057	95.7043
292.587	95.7114
292.118	95.7187
291.65	95.7262
291.184	95.734
290.72	95.7421
290.257	95.7504
289.795	95.759
289.335	95.7678
288.877	95.7769
288.419	95.7862
287.964	95.7957
287.509	95.8055
287.057	95.8155
286.605	95.8258
286.155	95.8363
285.706	95.8471
285.259	95.8581
284.813	95.8693
284.369	95.8808
283.926	95.8925
283.484	95.9044
283.044	95.9166
282.605	95.9289
282.168	95.9415
281.731	95.9544
281.297	95.9674
280.863	95.9807
280.431	95.9942
280	96.0079
