1200	3.42599
1192.15	3.39385
1184.4	3.36169
1176.75	3.32951
1169.21	3.29734
1161.75	3.26517
1154.39	3.23301
1147.13	3.20088
1139.95	3.16877
1132.86	3.13669
1125.87	3.10465
1118.95	3.07266
1112.13	3.04072
1105.38	3.00885
1098.72	2.97704
1092.13	2.9453
1085.63	2.91364
1079.2	2.88207
1072.84	2.85058
1066.56	2.81919
1060.36	2.7879
1054.23	2.75672
1048.16	2.72564
1042.17	2.69468
1036.24	2.66384
1030.38	2.63312
1024.59	2.60253
1018.86	2.57208
1013.2	2.54175
1007.6	2.51156
1002.06	2.48152
996.576	2.45162
991.156	2.42186
985.795	2.39226
980.491	2.3628
975.244	2.3335
970.053	2.30435
964.917	2.27537
959.835	2.24654
954.806	2.21787
949.83	2.18936
944.905	2.16101
940.031	2.13283
935.207	2.10481
930.433	2.07696
925.707	2.04928
921.028	2.02175
916.397	1.9944
911.812	1.96721
907.273	1.94019
902.778	1.91334
898.328	1.88665
893.922	1.86013
889.559	1.83378
885.238	1.80759
880.958	1.78157
876.72	1.75572
872.523	1.73003
868.365	1.7045
864.247	1.67914
860.168	1.65395
856.127	1.62892
852.124	1.60405
848.159	1.57935
844.23	1.55481
840.337	1.53043
836.48	1.50621
832.658	1.48216
828.871	1.45826
825.118	1.43453
821.399	1.41096
817.714	1.38755
814.061	1.3643
810.441	1.34122
806.853	1.31829
803.296	1.29552
799.771	1.27292
796.277	1.25048
792.813	1.22819
789.379	1.20608
785.974	1.18412
782.599	1.16232
779.253	1.14069
775.935	1.11922
772.645	1.09792
769.383	1.07678
766.149	1.05581
762.941	1.03501
759.761	1.01437
756.606	0.993897
753.478	0.973597
750.376	0.953468
747.299	0.93351
744.247	0.913725
741.22	0.894114
738.218	0.874678
735.239	0.855419
732.285	0.836338
729.354	0.817437
726.447	0.798716
723.563	0.780177
720.702	0.761823
717.863	0.743654
715.046	0.725672
712.251	0.707878
709.479	0.690274
706.727	0.672863
703.997	0.655645
701.288	0.638622
698.6	0.621796
695.932	0.605169
693.285	0.588742
690.657	0.572517
688.05	0.556495
685.462	0.54068
682.893	0.525071
680.344	0.509672
677.814	0.494483
675.302	0.479506
672.809	0.464744
670.334	0.450197
667.878	0.435868
665.439	0.421758
663.018	0.407869
660.615	0.394202
658.229	0.380759
655.86	0.367542
653.508	0.354553
651.173	0.341792
648.854	0.329262
646.553	0.316964
644.267	0.304899
641.997	0.29307
639.744	0.281477
637.506	0.270122
635.283	0.259006
633.077	0.248131
630.885	0.237499
628.709	0.227111
626.547	0.216967
624.4	0.20707
622.268	0.197421
620.151	0.188021
618.048	0.178872
615.959	0.169975
613.884	0.16133
611.823	0.15294
609.776	0.144806
607.742	0.136929
605.723	0.12931
603.716	0.121951
601.723	0.114852
599.742	0.108015
597.775	0.101442
595.821	0.0951334
593.879	0.0890905
591.95	0.0833146
590.034	0.077807
588.13	0.0725689
586.238	0.0676017
584.358	0.0629065
582.49	0.0584846
580.634	0.0543374
578.79	0.050466
576.958	0.0468717
575.137	0.0435559
573.328	0.0405199
571.53	0.0377649
569.743	0.0352923
567.967	0.0331033
566.203	0.0311994
564.449	0.0295819
562.706	0.0282521
560.974	0.0272113
559.253	0.026461
557.542	0.0260024
555.841	0.0258371
554.151	0.0259663
552.471	0.0263915
550.802	0.027114
549.142	0.0281353
547.492	0.0294566
545.852	0.0310796
544.222	0.0330054
542.602	0.0352355
540.991	0.0377713
539.39	0.0406142
537.798	0.0437656
536.216	0.0472267
534.643	0.050999
533.079	0.0550838
531.524	0.0594824
529.979	0.0641961
528.442	0.0692262
526.914	0.074574
525.395	0.0802406
523.885	0.0862273
522.383	0.0925352
520.89	0.0991656
519.405	0.106119
517.929	0.113398
516.461	0.121002
515.002	0.128932
513.551	0.13719
512.108	0.145776
510.673	0.154692
509.246	0.163937
507.827	0.173513
506.415	0.18342
505.012	0.193659
503.616	0.204231
502.229	0.215135
500.848	0.226372
499.476	0.237943
498.111	0.249848
496.753	0.262087
495.402	0.274659
494.059	0.287566
492.724	0.300806
491.395	0.31438
490.074	0.328287
488.759	0.342528
487.452	0.357101
486.152	0.372005
484.858	0.387241
483.572	0.402808
482.292	0.418704
481.019	0.434929
479.753	0.451481
478.493	0.46836
477.24	0.485565
475.994	0.503093
474.754	0.520943
473.52	0.539114
472.293	0.557604
471.072	0.576412
469.858	0.595535
468.649	0.614971
467.447	0.634718
466.251	0.654775
465.062	0.675138
463.878	0.695806
462.7	0.716775
461.528	0.738043
460.362	0.759608
459.202	0.781466
458.048	0.803614
456.9	0.826051
455.757	0.848771
454.62	0.871773
453.489	0.895052
452.363	0.918606
451.243	0.94243
450.129	0.966522
449.02	0.990877
447.916	1.01549
446.818	1.04036
445.725	1.06549
444.638	1.09086
443.556	1.11647
442.479	1.14232
441.407	1.16841
440.34	1.19473
439.279	1.22128
438.223	1.24805
437.171	1.27503
436.125	1.30223
435.084	1.32964
434.048	1.35725
433.017	1.38505
431.99	1.41306
430.969	1.44125
429.952	1.46962
428.94	1.49817
427.933	1.5269
426.93	1.5558
425.932	1.58486
424.939	1.61408
423.951	1.64345
422.967	1.67297
421.987	1.70263
421.012	1.73243
420.042	1.76236
419.076	1.79242
418.115	1.8226
417.158	1.85289
416.205	1.8833
415.257	1.91381
414.313	1.94442
413.373	1.97512
412.437	2.00591
411.506	2.03679
410.579	2.06774
409.656	2.09876
408.737	2.12985
407.823	2.161
406.912	2.19221
406.005	2.22346
405.103	2.25476
404.204	2.2861
403.31	2.31747
402.419	2.34886
401.533	2.38028
400.65	2.41172
399.771	2.44316
398.896	2.47461
398.025	2.50605
397.157	2.53749
396.294	2.56892
395.434	2.60033
394.578	2.63172
393.725	2.66308
392.877	2.6944
392.031	2.72569
391.19	2.75692
390.352	2.78811
389.518	2.81924
388.687	2.85031
387.86	2.88131
387.036	2.91223
386.216	2.94308
385.399	2.97385
384.586	3.00452
383.776	3.0351
382.969	3.06558
382.166	3.09596
381.367	3.12622
380.57	3.15637
379.777	3.1864
378.987	3.2163
378.201	3.24606
377.418	3.2757
376.638	3.30518
375.861	3.33453
375.087	3.36372
374.317	3.39275
373.55	3.42162
372.785	3.45032
372.024	3.47885
371.267	3.5072
370.512	3.53537
369.76	3.56336
369.011	3.59115
368.266	3.61875
367.523	3.64615
366.783	3.67334
366.047	3.70032
365.313	3.72709
364.582	3.75364
363.854	3.77996
363.129	3.80606
362.407	3.83193
361.688	3.85756
360.971	3.88295
360.258	3.9081
359.547	3.933
358.839	3.95766
358.134	3.98205
357.432	4.00619
356.732	4.03006
356.035	4.05367
355.341	4.07701
354.649	4.10008
353.96	4.12287
353.274	4.14538
352.591	4.16762
351.91	4.18956
351.232	4.21122
350.556	4.23259
349.883	4.25367
349.213	4.27445
348.545	4.29493
347.879	4.31511
347.217	4.33499
346.556	4.35457
345.899	4.37384
345.243	4.3928
344.591	4.41145
343.94	4.42979
343.292	4.44781
342.647	4.46552
342.004	4.48292
341.363	4.5
340.725	4.51676
340.089	4.5332
339.456	4.54932
338.825	4.56512
338.196	4.58061
337.569	4.59577
336.945	4.6106
336.324	4.62512
335.704	4.63932
335.087	4.65319
334.472	4.66674
333.859	4.67998
333.249	4.69289
332.64	4.70548
332.034	4.71775
331.43	4.72971
330.829	4.74135
330.229	4.75267
329.632	4.76368
329.037	4.77438
328.444	4.78476
327.853	4.79483
327.264	4.8046
326.678	4.81406
326.093	4.82322
325.511	4.83207
324.93	4.84063
324.352	4.84888
323.776	4.85684
323.201	4.86452
322.629	4.8719
322.059	4.87899
321.491	4.8858
320.925	4.89233
320.361	4.89859
319.799	4.90457
319.238	4.91027
318.68	4.91572
318.124	4.92089
317.57	4.92581
317.017	4.93047
316.467	4.93488
315.918	4.93904
315.371	4.94296
314.826	4.94664
314.284	4.95008
313.743	4.95329
313.203	4.95627
312.666	4.95903
312.13	4.96157
311.597	4.9639
311.065	4.96601
310.535	4.96793
310.007	4.96964
309.48	4.97116
308.956	4.97249
308.433	4.97363
307.912	4.97459
307.392	4.97538
306.875	4.976
306.359	4.97645
305.845	4.97674
305.332	4.97688
304.821	4.97686
304.312	4.97671
303.805	4.97641
303.3	4.97598
302.796	4.97542
302.293	4.97473
301.793	4.97393
301.294	4.97301
300.797	4.97199
300.301	4.97086
299.807	4.96964
299.314	4.96832
298.824	4.96692
298.335	4.96543
297.847	4.96387
297.361	4.96224
296.877	4.96054
296.394	4.95878
295.912	4.95696
295.433	4.95509
294.955	4.95318
294.478	4.95122
294.003	4.94923
293.529	4.94721
293.057	4.94516
292.587	4.94309
292.118	4.941
291.65	4.9389
291.184	4.93679
290.72	4.93468
290.257	4.93258
289.795	4.93047
289.335	4.92838
288.877	4.9263
288.419	4.92424
287.964	4.92221
287.509	4.9202
287.057	4.91822
286.605	4.91628
286.155	4.91437
285.706	4.91251
285.259	4.9107
284.813	4.90893
284.369	4.90722
283.926	4.90556
283.484	4.90396
283.044	4.90243
282.605	4.90096
282.168	4.89956
281.731	4.89823
281.297	4.89697
280.863	4.8958
280.431	4.8947
280	4.89368
