1200	98.2095
1192.15	98.2272
1184.4	98.2447
1176.75	98.262
1169.21	98.2792
1161.75	98.2963
1154.39	98.3132
1147.13	98.33
1139.95	98.3467
1132.86	98.3632
1125.87	98.3796
1118.95	98.3959
1112.13	98.4121
1105.38	98.4282
1098.72	98.4442
1092.13	98.4601
1085.63	98.4759
1079.2	98.4916
1072.84	98.5072
1066.56	98.5227
1060.36	98.5382
1054.23	98.5536
1048.16	98.569
1042.17	98.5843
1036.24	98.5995
1030.38	98.6148
1024.59	98.6299
1018.86	98.6451
1013.2	98.6602
1007.6	98.6753
1002.06	98.6904
996.576	98.7054
991.156	98.7205
985.795	98.7355
980.491	98.7506
975.244	98.7656
970.053	98.7807
964.917	98.7957
959.835	98.8108
954.806	98.8259
949.83	98.841
944.905	98.8561
940.031	98.8712
935.207	98.8864
930.433	98.9015
925.707	98.9167
921.028	98.932
916.397	98.9472
911.812	98.9625
907.273	98.9777
902.778	98.993
898.328	99.0084
893.922	99.0237
889.559	99.0391
885.238	99.0544
880.958	99.0698
876.72	99.0852
872.523	99.1006
868.365	99.116
864.247	99.1314
860.168	99.1467
856.127	99.1621
852.124	99.1775
848.159	99.1928
844.23	99.2081
840.337	99.2234
836.48	99.2387
832.658	99.2539
828.871	99.2691
825.118	99.2842
821.399	99.2992
817.714	99.3142
814.061	99.3292
810.441	99.344
806.853	99.3588
803.296	99.3735
799.771	99.388
796.277	99.4025
792.813	99.4169
789.379	99.4311
785.974	99.4453
782.599	99.4593
779.253	99.4731
775.935	99.4869
772.645	99.5004
769.383	99.5139
766.149	99.5271
762.941	99.5402
759.761	99.5531
756.606	99.5658
753.478	99.5784
750.376	99.5907
747.299	99.6028
744.247	99.6147
741.22	99.6265
738.218	99.6379
735.239	99.6492
732.285	99.6602
729.354	99.671
726.447	99.6816
723.563	99.6919
720.702	99.7019
717.863	99.7117
715.046	99.7213
712.251	99.7306
709.479	99.7396
706.727	99.7483
703.997	99.7567
701.288	99.7649
698.6	99.7728
695.932	99.7804
693.285	99.7877
690.657	99.7947
688.05	99.8015
685.462	99.8079
682.893	99.8141
680.344	99.8199
677.814	99.8254
675.302	99.8307
672.809	99.8356
670.334	99.8402
667.878	99.8446
665.439	99.8486
663.018	99.8523
660.615	99.8558
658.229	99.8589
655.86	99.8617
653.508	99.8642
651.173	99.8664
648.854	99.8683
646.553	99.8699
644.267	99.8713
641.997	99.8723
639.744	99.873
637.506	99.8734
635.283	99.8736
633.077	99.8734
630.885	99.873
628.709	99.8723
626.547	99.8713
624.4	99.87
622.268	99.8684
620.151	99.8666
618.048	99.8645
615.959	99.8622
613.884	99.8595
611.823	99.8566
609.776	99.8535
607.742	99.8501
605.723	99.8464
603.716	99.8425
601.723	99.8383
599.742	99.8339
597.775	99.8293
595.821	99.8244
593.879	99.8193
591.95	99.814
590.034	99.8084
588.13	99.8026
586.238	99.7966
584.358	99.7904
582.49	99.784
580.634	99.7773
578.79	99.7704
576.958	99.7634
575.137	99.7561
573.328	99.7487
571.53	99.741
569.743	99.7332
567.967	99.7251
566.203	99.7169
564.449	99.7085
562.706	99.6999
560.974	99.6911
559.253	99.6822
557.542	99.673
555.841	99.6638
554.151	99.6543
552.471	99.6447
550.802	99.6349
549.142	99.6249
547.492	99.6148
545.852	99.6045
544.222	99.5941
542.602	99.5835
540.991	99.5727
539.39	99.5618
537.798	99.5508
536.216	99.5396
534.643	99.5282
533.079	99.5167
531.524	99.5051
529.979	99.4933
528.442	99.4814
526.914	99.4693
525.395	99.4571
523.885	99.4447
522.383	99.4323
520.89	99.4196
519.405	99.4069
517.929	99.394
516.461	99.3809
515.002	99.3677
513.551	99.3544
512.108	99.341
510.673	99.3274
509.246	99.3137
507.827	99.2999
506.415	99.2859
505.012	99.2718
503.616	99.2576
502.229	99.2432
500.848	99.2287
499.476	99.2141
498.111	99.1994
496.753	99.1845
495.402	99.1695
494.059	99.1544
492.724	99.1391
491.395	99.1237
490.074	99.1082
488.759	99.0926
487.452	99.0769
486.152	99.061
484.858	99.045
483.572	99.0289
482.292	99.0126
481.019	98.9962
479.753	98.9798
478.493	98.9632
477.24	98.9464
475.994	98.9296
474.754	98.9126
473.52	98.8956
472.293	98.8784
471.072	98.8611
469.858	98.8436
468.649	98.8261
467.447	98.8085
466.251	98.7907
465.062	98.7729
463.878	98.7549
462.7	98.7368
461.528	98.7186
460.362	98.7004
459.202	98.682
458.048	98.6635
456.9	98.6449
455.757	98.6262
454.62	98.6074
453.489	98.5886
452.363	98.5696
451.243	98.5505
450.129	98.5314
449.02	98.5122
447.916	98.4928
446.818	98.4734
445.725	98.4539
444.638	98.4344
443.556	98.4147
442.479	98.395
441.407	98.3752
440.34	98.3553
439.279	98.3354
438.223	98.3154
437.171	98.2953
436.125	98.2752
435.084	98.255
434.048	98.2347
433.017	98.2144
431.99	98.194
430.969	98.1736
429.952	98.1531
428.94	98.1326
427.933	98.112
426.93	98.0914
425.932	98.0707
424.939	98.05
423.951	98.0293
422.967	98.0085
421.987	97.9877
421.012	97.9669
420.042	97.946
419.076	97.9251
418.115	97.9042
417.158	97.8833
416.205	97.8623
415.257	97.8414
414.313	97.8204
413.373	97.7994
412.437	97.7784
411.506	97.7574
410.579	97.7363
409.656	97.7153
408.737	97.6943
407.823	97.6732
406.912	97.6522
406.005	97.6312
405.103	97.6102
404.204	97.5892
403.31	97.5682
402.419	97.5472
401.533	97.5262
400.65	97.5053
399.771	97.4843
398.896	97.4634
398.025	97.4425
397.157	97.4217
396.294	97.4008
395.434	97.38
394.578	97.3593
393.725	97.3385
392.877	97.3178
392.031	97.2971
391.19	97.2765
390.352	97.2559
389.518	97.2353
388.687	97.2148
387.86	97.1943
387.036	97.1739
386.216	97.1535
385.399	97.1332
384.586	97.1129
383.776	97.0926
382.969	97.0725
382.166	97.0523
381.367	97.0323
380.57	97.0123
379.777	96.9923
378.987	96.9724
378.201	96.9526
377.418	96.9328
376.638	96.9131
375.861	96.8935
375.087	96.8739
374.317	96.8545
373.55	96.835
372.785	96.8157
372.024	96.7964
371.267	96.7772
370.512	96.7581
369.76	96.7391
369.011	96.7201
368.266	96.7012
367.523	96.6824
366.783	96.6637
366.047	96.6451
365.313	96.6266
364.582	96.6081
363.854	96.5898
363.129	96.5715
362.407	96.5533
361.688	96.5352
360.971	96.5173
360.258	96.4994
359.547	96.4816
358.839	96.4639
358.134	96.4463
357.432	96.4289
356.732	96.4115
356.035	96.3942
355.341	96.3771
354.649	96.36
353.96	96.3431
353.274	96.3263
352.591	96.3096
351.91	96.293
351.232	96.2765
350.556	96.2602
349.883	96.244
349.213	96.2279
348.545	96.2119
347.879	96.1961
347.217	96.1803
346.556	96.1647
345.899	96.1493
345.243	96.134
344.591	96.1188
343.94	96.1038
343.292	96.0889
342.647	96.0741
342.004	96.0595
341.363	96.045
340.725	96.0307
340.089	96.0165
339.456	96.0025
338.825	95.9886
338.196	95.9749
337.569	95.9613
336.945	95.948
336.324	95.9347
335.704	95.9217
335.087	95.9087
334.472	95.896
333.859	95.8834
333.249	95.8711
332.64	95.8588
332.034	95.8468
331.43	95.8349
330.829	95.8232
330.229	95.8117
329.632	95.8004
329.037	95.7893
328.444	95.7783
327.853	95.7676
327.264	95.757
326.678	95.7467
326.093	95.7365
325.511	95.7265
324.93	95.7168
324.352	95.7072
323.776	95.6978
323.201	95.6887
322.629	95.6798
322.059	95.671
321.491	95.6625
320.925	95.6542
320.361	95.6461
319.799	95.6383
319.238	95.6306
318.68	95.6232
318.124	95.616
317.57	95.609
317.017	95.6023
316.467	95.5958
315.918	95.5895
315.371	95.5835
314.826	95.5777
314.284	95.5722
313.743	95.5668
313.203	95.5618
312.666	95.5569
312.13	95.5524
311.597	95.548
311.065	95.5439
310.535	95.5401
310.007	95.5365
309.48	95.5332
308.956	95.5301
308.433	95.5273
307.912	95.5248
307.392	95.5225
306.875	95.5204
306.359	95.5187
305.845	95.5172
305.332	95.5159
304.821	95.5149
304.312	95.5142
303.805	95.5138
303.3	95.5136
302.796	95.5138
302.293	95.5141
301.793	95.5148
301.294	95.5157
300.797	95.5169
300.301	95.5184
299.807	95.5202
299.314	95.5222
298.824	95.5245
298.335	95.5271
297.847	95.53
297.361	95.5332
296.877	95.5366
296.394	95.5403
295.912	95.5443
295.433	95.5486
294.955	95.5532
294.478	95.558
294.003	95.5631
293.529	95.5685
293.057	95.5742
292.587	95.5802
292.118	95.5865
291.65	95.593
291.184	95.5998
290.72	95.6069
290.257	95.6143
289.795	95.622
289.335	95.6299
288.877	95.6382
288.419	95.6467
287.964	95.6555
287.509	95.6645
287.057	95.6739
286.605	95.6835
286.155	95.6934
285.706	95.7035
285.259	95.714
284.813	95.7247
284.369	95.7357
283.926	95.7469
283.484	95.7584
283.044	95.7702
282.605	95.7822
282.168	95.7945
281.731	95.8071
281.297	95.8199
280.863	95.833
280.431	95.8464
280	95.86
