1200	85.0576
1192.15	85.1184
1184.4	85.1798
1176.75	85.2418
1169.21	85.3045
1161.75	85.3677
1154.39	85.4314
1147.13	85.4957
1139.95	85.5605
1132.86	85.6257
1125.87	85.6914
1118.95	85.7575
1112.13	85.824
1105.38	85.8909
1098.72	85.9581
1092.13	86.0256
1085.63	86.0934
1079.2	86.1614
1072.84	86.2297
1066.56	86.2982
1060.36	86.3668
1054.23	86.4356
1048.16	86.5046
1042.17	86.5736
1036.24	86.6427
1030.38	86.7119
1024.59	86.7811
1018.86	86.8503
1013.2	86.9195
1007.6	86.9887
1002.06	87.0578
996.576	87.1268
991.156	87.1958
985.795	87.2646
980.491	87.3333
975.244	87.4019
970.053	87.4703
964.917	87.5385
959.835	87.6066
954.806	87.6745
949.83	87.7421
944.905	87.8095
940.031	87.8767
935.207	87.9437
930.433	88.0104
925.707	88.0768
921.028	88.143
916.397	88.2089
911.812	88.2746
907.273	88.34
902.778	88.4051
898.328	88.4699
893.922	88.5344
889.559	88.5987
885.238	88.6627
880.958	88.7264
876.72	88.7898
872.523	88.853
868.365	88.9159
864.247	88.9785
860.168	89.0409
856.127	89.103
852.124	89.1649
848.159	89.2266
844.23	89.288
840.337	89.3492
836.48	89.4102
832.658	89.471
828.871	89.5316
825.118	89.5921
821.399	89.6523
817.714	89.7124
814.061	89.7723
810.441	89.8321
806.853	89.8918
803.296	89.9514
799.771	90.0109
796.277	90.0702
792.813	90.1295
789.379	90.1888
785.974	90.2479
782.599	90.3071
779.253	90.3662
775.935	90.4253
772.645	90.4843
769.383	90.5434
766.149	90.6025
762.941	90.6617
759.761	90.7208
756.606	90.7801
753.478	90.8394
750.376	90.8987
747.299	90.9582
744.247	91.0177
741.22	91.0773
738.218	91.1371
735.239	91.197
732.285	91.257
729.354	91.3171
726.447	91.3774
723.563	91.4378
720.702	91.4983
717.863	91.5591
715.046	91.62
712.251	91.681
709.479	91.7422
706.727	91.8036
703.997	91.8652
701.288	91.927
698.6	91.9889
695.932	92.051
693.285	92.1133
690.657	92.1758
688.05	92.2385
685.462	92.3013
682.893	92.3644
680.344	92.4276
677.814	92.4909
675.302	92.5545
672.809	92.6181
670.334	92.682
667.878	92.746
665.439	92.8101
663.018	92.8744
660.615	92.9388
658.229	93.0034
655.86	93.068
653.508	93.1328
651.173	93.1977
648.854	93.2626
646.553	93.3276
644.267	93.3927
641.997	93.4579
639.744	93.5231
637.506	93.5883
635.283	93.6535
633.077	93.7188
630.885	93.784
628.709	93.8493
626.547	93.9145
624.4	93.9796
622.268	94.0447
620.151	94.1098
618.048	94.1747
615.959	94.2395
613.884	94.3043
611.823	94.3689
609.776	94.4333
607.742	94.4976
605.723	94.5617
603.716	94.6256
601.723	94.6894
599.742	94.7529
597.775	94.8161
595.821	94.8792
593.879	94.9419
591.95	95.0044
590.034	95.0666
588.13	95.1284
586.238	95.19
584.358	95.2512
582.49	95.3121
580.634	95.3726
578.79	95.4327
576.958	95.4924
575.137	95.5517
573.328	95.6106
571.53	95.6691
569.743	95.7271
567.967	95.7847
566.203	95.8418
564.449	95.8984
562.706	95.9545
560.974	96.0101
559.253	96.0653
557.542	96.1199
555.841	96.1739
554.151	96.2274
552.471	96.2804
550.802	96.3328
549.142	96.3847
547.492	96.4359
545.852	96.4866
544.222	96.5367
542.602	96.5862
540.991	96.6351
539.39	96.6834
537.798	96.7311
536.216	96.7782
534.643	96.8246
533.079	96.8704
531.524	96.9156
529.979	96.9602
528.442	97.0041
526.914	97.0474
525.395	97.09
523.885	97.132
522.383	97.1734
520.89	97.2141
519.405	97.2542
517.929	97.2936
516.461	97.3324
515.002	97.3706
513.551	97.4081
512.108	97.445
510.673	97.4812
509.246	97.5168
507.827	97.5518
506.415	97.5861
505.012	97.6199
503.616	97.653
502.229	97.6855
500.848	97.7173
499.476	97.7486
498.111	97.7792
496.753	97.8093
495.402	97.8388
494.059	97.8676
492.724	97.8959
491.395	97.9236
490.074	97.9508
488.759	97.9773
487.452	98.0033
486.152	98.0288
484.858	98.0537
483.572	98.078
482.292	98.1018
481.019	98.1251
479.753	98.1479
478.493	98.1701
477.24	98.1918
475.994	98.2131
474.754	98.2338
473.52	98.254
472.293	98.2738
471.072	98.293
469.858	98.3118
468.649	98.3302
467.447	98.348
466.251	98.3654
465.062	98.3824
463.878	98.3989
462.7	98.415
461.528	98.4307
460.362	98.4459
459.202	98.4607
458.048	98.4751
456.9	98.4891
455.757	98.5026
454.62	98.5158
453.489	98.5286
452.363	98.541
451.243	98.5529
450.129	98.5645
449.02	98.5758
447.916	98.5866
446.818	98.5971
445.725	98.6072
444.638	98.6169
443.556	98.6263
442.479	98.6352
441.407	98.6439
440.34	98.6521
439.279	98.66
438.223	98.6676
437.171	98.6748
436.125	98.6816
435.084	98.688
434.048	98.6941
433.017	98.6999
431.99	98.7053
430.969	98.7103
429.952	98.715
428.94	98.7193
427.933	98.7232
426.93	98.7268
425.932	98.73
424.939	98.7328
423.951	98.7353
422.967	98.7374
421.987	98.7391
421.012	98.7404
420.042	98.7413
419.076	98.7419
418.115	98.7421
417.158	98.7418
416.205	98.7412
415.257	98.7402
414.313	98.7387
413.373	98.7369
412.437	98.7346
411.506	98.7319
410.579	98.7288
409.656	98.7252
408.737	98.7213
407.823	98.7168
406.912	98.712
406.005	98.7066
405.103	98.7009
404.204	98.6946
403.31	98.6879
402.419	98.6807
401.533	98.673
400.65	98.6649
399.771	98.6563
398.896	98.6471
398.025	98.6375
397.157	98.6273
396.294	98.6167
395.434	98.6055
394.578	98.5938
393.725	98.5816
392.877	98.5688
392.031	98.5555
391.19	98.5416
390.352	98.5272
389.518	98.5123
388.687	98.4968
387.86	98.4807
387.036	98.464
386.216	98.4468
385.399	98.429
384.586	98.4106
383.776	98.3916
382.969	98.372
382.166	98.3519
381.367	98.3311
380.57	98.3097
379.777	98.2878
378.987	98.2652
378.201	98.242
377.418	98.2182
376.638	98.1938
375.861	98.1687
375.087	98.143
374.317	98.1167
373.55	98.0898
372.785	98.0623
372.024	98.0341
371.267	98.0053
370.512	97.9759
369.76	97.9458
369.011	97.9151
368.266	97.8838
367.523	97.8518
366.783	97.8192
366.047	97.786
365.313	97.7521
364.582	97.7176
363.854	97.6825
363.129	97.6468
362.407	97.6104
361.688	97.5735
360.971	97.5359
360.258	97.4976
359.547	97.4588
358.839	97.4194
358.134	97.3793
357.432	97.3386
356.732	97.2974
356.035	97.2555
355.341	97.2131
354.649	97.17
353.96	97.1264
353.274	97.0822
352.591	97.0374
351.91	96.9921
351.232	96.9461
350.556	96.8997
349.883	96.8526
349.213	96.8051
348.545	96.757
347.879	96.7083
347.217	96.6591
346.556	96.6094
345.899	96.5592
345.243	96.5085
344.591	96.4573
343.94	96.4056
343.292	96.3534
342.647	96.3007
342.004	96.2475
341.363	96.1939
340.725	96.1399
340.089	96.0854
339.456	96.0304
338.825	95.9751
338.196	95.9193
337.569	95.8631
336.945	95.8065
336.324	95.7495
335.704	95.6921
335.087	95.6343
334.472	95.5762
333.859	95.5178
333.249	95.4589
332.64	95.3998
332.034	95.3403
331.43	95.2805
330.829	95.2204
330.229	95.16
329.632	95.0993
329.037	95.0383
328.444	94.9771
327.853	94.9156
327.264	94.8538
326.678	94.7918
326.093	94.7296
325.511	94.6672
324.93	94.6045
324.352	94.5417
323.776	94.4786
323.201	94.4154
322.629	94.352
322.059	94.2885
321.491	94.2248
320.925	94.161
320.361	94.097
319.799	94.0329
319.238	93.9688
318.68	93.9045
318.124	93.8401
317.57	93.7756
317.017	93.7111
316.467	93.6465
315.918	93.5819
315.371	93.5172
314.826	93.4525
314.284	93.3877
313.743	93.323
313.203	93.2582
312.666	93.1935
312.13	93.1287
311.597	93.064
311.065	92.9993
310.535	92.9347
310.007	92.8701
309.48	92.8056
308.956	92.7411
308.433	92.6767
307.912	92.6124
307.392	92.5482
306.875	92.4841
306.359	92.42
305.845	92.3562
305.332	92.2924
304.821	92.2287
304.312	92.1652
303.805	92.1019
303.3	92.0387
302.796	91.9756
302.293	91.9127
301.793	91.85
301.294	91.7875
300.797	91.7252
300.301	91.6631
299.807	91.6011
299.314	91.5394
298.824	91.4779
298.335	91.4166
297.847	91.3555
297.361	91.2947
296.877	91.2341
296.394	91.1737
295.912	91.1136
295.433	91.0537
294.955	90.9941
294.478	90.9348
294.003	90.8757
293.529	90.8169
293.057	90.7584
292.587	90.7001
292.118	90.6422
291.65	90.5845
291.184	90.5271
290.72	90.47
290.257	90.4133
289.795	90.3568
289.335	90.3006
288.877	90.2447
288.419	90.1892
287.964	90.1339
287.509	90.079
287.057	90.0244
286.605	89.9701
286.155	89.9162
285.706	89.8626
285.259	89.8093
284.813	89.7563
284.369	89.7037
283.926	89.6514
283.484	89.5994
283.044	89.5478
282.605	89.4965
282.168	89.4455
281.731	89.3949
281.297	89.3446
280.863	89.2946
280.431	89.245
280	89.1957
