1200	1.06877
1192.15	1.05463
1184.4	1.04075
1176.75	1.02679
1169.21	1.01254
1161.75	0.99812
1154.39	0.983887
1147.13	0.97005
1139.95	0.956464
1132.86	0.942784
1125.87	0.928824
1118.95	0.914752
1112.13	0.900913
1105.38	0.887478
1098.72	0.874272
1092.13	0.86096
1085.63	0.847394
1079.2	0.833765
1072.84	0.820411
1066.56	0.807466
1060.36	0.794728
1054.23	0.781874
1048.16	0.76879
1042.17	0.755694
1036.24	0.742906
1030.38	0.730528
1024.59	0.718334
1018.86	0.706015
1013.2	0.69349
1007.6	0.680997
1002.06	0.668843
996.576	0.657092
991.156	0.645501
985.795	0.633774
980.491	0.621866
975.244	0.610028
970.053	0.598551
964.917	0.587468
959.835	0.576518
954.806	0.56542
949.83	0.554161
944.905	0.543007
940.031	0.532231
935.207	0.521833
930.433	0.511539
925.707	0.501084
921.028	0.490486
916.397	0.480022
911.812	0.469949
907.273	0.460234
902.778	0.450592
898.328	0.440776
893.922	0.43083
889.559	0.421046
885.238	0.41166
880.958	0.402611
876.72	0.393603
872.523	0.384406
868.365	0.375093
864.247	0.365966
860.168	0.357243
856.127	0.348835
852.124	0.340436
848.159	0.331832
844.23	0.323127
840.337	0.31463
836.48	0.306544
832.658	0.298751
828.871	0.290936
825.118	0.282902
821.399	0.27478
817.714	0.26689
814.061	0.259419
810.441	0.252223
806.853	0.244973
803.296	0.237492
799.771	0.229935
796.277	0.222637
792.813	0.215771
789.379	0.209163
785.974	0.202472
782.599	0.195531
779.253	0.188528
775.935	0.181815
772.645	0.175553
769.383	0.16954
766.149	0.163411
762.941	0.157009
759.761	0.150555
756.606	0.144427
753.478	0.138784
750.376	0.133388
747.299	0.127839
744.247	0.121981
741.22	0.116071
738.218	0.110537
735.239	0.105547
732.285	0.100818
729.354	0.0958848
726.447	0.0905617
723.563	0.0851607
720.702	0.0802101
717.863	0.0759274
715.046	0.0719506
712.251	0.0676199
709.479	0.0625995
706.727	0.0572925
703.997	0.052662
701.288	0.0495753
698.6	0.0481911
695.932	0.0478593
693.285	0.0475618
690.657	0.0465021
688.05	0.0444031
685.462	0.0413974
682.893	0.0377554
680.344	0.0337606
677.814	0.0297997
675.302	0.0264538
672.809	0.0243529
670.334	0.023809
667.878	0.0245103
665.439	0.025575
663.018	0.0259958
660.615	0.0251864
658.229	0.0232518
655.86	0.0208148
653.508	0.0185616
651.173	0.0168427
648.854	0.0155793
646.553	0.0144689
644.267	0.0132796
641.997	0.0120113
639.744	0.0108433
637.506	0.00995882
635.283	0.00940151
633.077	0.00906257
630.885	0.00878576
628.709	0.00849479
626.547	0.00824478
624.4	0.00816548
622.268	0.00834728
620.151	0.00876415
618.048	0.0092979
615.959	0.00984452
613.884	0.0104112
611.823	0.0111156
609.776	0.0120824
607.742	0.0133281
605.723	0.0147433
603.716	0.0161956
601.723	0.0176608
599.742	0.0192549
597.775	0.0211297
595.821	0.0233265
593.879	0.0257338
591.95	0.0281955
590.034	0.0306708
588.13	0.0332863
586.238	0.0362214
584.358	0.039536
582.49	0.0431132
580.634	0.046781
578.79	0.0504977
576.958	0.0544129
575.137	0.0587365
573.328	0.0635413
571.53	0.0687007
569.743	0.0740303
567.967	0.0794969
566.203	0.0852787
564.449	0.0916087
562.706	0.0985534
560.974	0.105954
559.253	0.113596
557.542	0.121439
555.841	0.129661
554.151	0.138469
552.471	0.147848
550.802	0.157529
549.142	0.167193
547.492	0.176721
545.852	0.186192
544.222	0.195638
542.602	0.204789
540.991	0.213108
539.39	0.220104
537.798	0.225584
536.216	0.229534
534.643	0.231693
533.079	0.231246
531.524	0.227071
529.979	0.218438
528.442	0.205593
526.914	0.189701
525.395	0.172242
523.885	0.154648
522.383	0.138965
520.89	0.129437
519.405	0.133794
517.929	0.162691
516.461	0.226661
515.002	0.331646
513.551	0.475407
512.108	0.646922
510.673	0.829286
509.246	1.0047
507.827	1.15918
506.415	1.28494
505.012	1.3802
503.616	1.44712
502.229	1.48947
500.848	1.51106
499.476	1.51527
498.111	1.50516
496.753	1.48371
495.402	1.45405
494.059	1.41951
492.724	1.38393
491.395	1.35222
490.074	1.33123
488.759	1.33022
487.452	1.36027
486.152	1.43214
484.858	1.55288
483.572	1.72258
482.292	1.93265
481.019	2.16716
479.753	2.40665
478.493	2.63305
477.24	2.83354
475.994	3.00199
474.754	3.13803
473.52	3.24483
472.293	3.32695
471.072	3.38902
469.858	3.43525
468.649	3.46918
467.447	3.49369
466.251	3.51096
465.062	3.52267
463.878	3.5302
462.7	3.53478
461.528	3.53733
460.362	3.53839
459.202	3.53813
458.048	3.53666
456.9	3.53435
455.757	3.53177
454.62	3.52937
453.489	3.52711
452.363	3.5246
451.243	3.52159
450.129	3.51831
449.02	3.51543
447.916	3.51338
446.818	3.51192
445.725	3.51028
444.638	3.50791
443.556	3.50517
442.479	3.50311
441.407	3.50242
440.34	3.50251
439.279	3.50146
438.223	3.49741
437.171	3.49019
436.125	3.48188
435.084	3.47574
434.048	3.47401
433.017	3.47635
431.99	3.47993
430.969	3.48106
429.952	3.47728
428.94	3.46827
427.933	3.45552
426.93	3.44115
425.932	3.42693
424.939	3.41405
423.951	3.40315
422.967	3.39437
421.987	3.38718
421.012	3.38056
420.042	3.37359
419.076	3.36631
418.115	3.35992
417.158	3.35594
416.205	3.35482
415.257	3.35493
414.313	3.35305
413.373	3.34615
412.437	3.33314
411.506	3.31544
410.579	3.296
409.656	3.27755
408.737	3.26143
407.823	3.24773
406.912	3.23621
406.005	3.22701
405.103	3.22046
404.204	3.21634
403.31	3.21349
402.419	3.21021
401.533	3.20533
400.65	3.19895
399.771	3.19214
398.896	3.18583
398.025	3.17981
397.157	3.17267
396.294	3.16288
395.434	3.14998
394.578	3.13519
393.725	3.12071
392.877	3.10837
392.031	3.09859
391.19	3.09017
390.352	3.08121
389.518	3.07024
388.687	3.057
387.86	3.0424
387.036	3.02778
386.216	3.01402
385.399	3.00116
384.586	2.98855
383.776	2.97553
382.969	2.96194
382.166	2.94832
381.367	2.93542
380.57	2.92364
379.777	2.91267
378.987	2.9018
378.201	2.89054
377.418	2.87909
376.638	2.86821
375.861	2.85843
375.087	2.84939
374.317	2.8398
373.55	2.82832
372.785	2.81464
372.024	2.79995
371.267	2.78634
370.512	2.77536
369.76	2.76697
369.011	2.75958
368.266	2.75109
367.523	2.74031
366.783	2.72762
366.047	2.71441
365.313	2.70202
364.582	2.69084
363.854	2.68028
363.129	2.66951
362.407	2.65808
361.688	2.64614
360.971	2.63412
360.258	2.62228
359.547	2.61053
358.839	2.59867
358.134	2.58657
357.432	2.57423
356.732	2.56166
356.035	2.54878
355.341	2.53551
354.649	2.52193
353.96	2.50817
353.274	2.4942
352.591	2.47956
351.91	2.46362
351.232	2.44613
350.556	2.42775
349.883	2.41003
349.213	2.39446
348.545	2.38142
347.879	2.36968
347.217	2.35709
346.556	2.34195
345.899	2.3241
345.243	2.30499
344.591	2.28655
343.94	2.26989
343.292	2.25471
342.647	2.23993
342.004	2.22486
341.363	2.20987
340.725	2.19608
340.089	2.18418
339.456	2.17364
338.825	2.16278
338.196	2.14994
337.569	2.13469
336.945	2.11831
336.324	2.10295
335.704	2.09031
335.087	2.08061
334.472	2.07252
333.859	2.06405
333.249	2.05367
332.64	2.04086
332.034	2.02605
331.43	2.01003
330.829	1.99359
330.229	1.97738
329.632	1.96217
329.037	1.9488
328.444	1.93795
327.853	1.92967
327.264	1.92317
326.678	1.91702
326.093	1.90975
325.511	1.90058
324.93	1.88964
324.352	1.87776
323.776	1.8659
323.201	1.85458
322.629	1.84373
322.059	1.83297
321.491	1.82194
320.925	1.81061
320.361	1.79916
319.799	1.78776
319.238	1.77636
318.68	1.76474
318.124	1.75271
317.57	1.74028
317.017	1.72772
316.467	1.7153
315.918	1.70314
315.371	1.69113
314.826	1.67907
314.284	1.66692
313.743	1.65482
313.203	1.64302
312.666	1.63165
312.13	1.62062
311.597	1.6097
311.065	1.59875
310.535	1.58783
310.007	1.57713
309.48	1.56678
308.956	1.55672
308.433	1.54674
307.912	1.53665
307.392	1.52648
306.875	1.51641
306.359	1.50663
305.845	1.4971
305.332	1.48765
304.821	1.47809
304.312	1.46842
303.805	1.45882
303.3	1.44952
302.796	1.44054
302.293	1.43171
301.793	1.42284
301.294	1.41388
300.797	1.40502
300.301	1.39649
299.807	1.38838
299.314	1.38053
298.824	1.3727
298.335	1.36482
297.847	1.35704
297.361	1.34961
296.877	1.34265
296.394	1.33602
295.912	1.32946
295.433	1.32282
294.955	1.31622
294.478	1.30991
294.003	1.30407
293.529	1.29856
293.057	1.29309
292.587	1.28745
292.118	1.28172
291.65	1.27618
291.184	1.27103
290.72	1.26619
290.257	1.26133
289.795	1.25619
289.335	1.2508
288.877	1.24547
288.419	1.24049
287.964	1.23581
287.509	1.23108
287.057	1.22594
286.605	1.22041
286.155	1.21482
285.706	1.20957
285.259	1.20467
284.813	1.19973
284.369	1.1943
283.926	1.18828
283.484	1.1821
283.044	1.1763
282.605	1.17102
282.168	1.1658
281.731	1.15998
281.297	1.15332
280.863	1.1463
280.431	1.13979
280	1.13417
