1200	81.2124
1192.15	81.2177
1184.4	81.2255
1176.75	81.2362
1169.21	81.2493
1161.75	81.2638
1154.39	81.2782
1147.13	81.2908
1139.95	81.3007
1132.86	81.3075
1125.87	81.3117
1118.95	81.3147
1112.13	81.318
1105.38	81.3232
1098.72	81.3313
1092.13	81.3426
1085.63	81.3562
1079.2	81.3708
1072.84	81.3847
1066.56	81.3962
1060.36	81.4044
1054.23	81.4092
1048.16	81.4117
1042.17	81.4134
1036.24	81.4162
1030.38	81.4216
1024.59	81.4307
1018.86	81.4432
1013.2	81.458
1007.6	81.4732
1002.06	81.4867
996.576	81.4968
991.156	81.5027
985.795	81.5049
980.491	81.5048
975.244	81.5046
970.053	81.5067
964.917	81.513
959.835	81.524
954.806	81.539
949.83	81.5561
944.905	81.5723
940.031	81.5849
935.207	81.5919
930.433	81.5927
925.707	81.5886
921.028	81.5825
916.397	81.5783
911.812	81.5797
907.273	81.5895
902.778	81.608
898.328	81.6334
893.922	81.6614
889.559	81.6859
885.238	81.7005
880.958	81.7002
876.72	81.682
872.523	81.6466
868.365	81.5978
864.247	81.5425
860.168	81.4885
856.127	81.4435
852.124	81.413
848.159	81.3987
844.23	81.3984
840.337	81.4061
836.48	81.4134
832.658	81.4112
828.871	81.3922
825.118	81.3522
821.399	81.2919
817.714	81.2163
814.061	81.1342
810.441	81.0561
806.853	80.9917
803.296	80.9482
799.771	80.9279
796.277	80.9283
792.813	80.9418
789.379	80.9579
785.974	80.9654
782.599	80.9546
779.253	80.9202
775.935	80.8617
772.645	80.784
769.383	80.6964
766.149	80.6099
762.941	80.5352
759.761	80.4797
756.606	80.4462
753.478	80.4319
750.376	80.4292
747.299	80.4274
744.247	80.4155
741.22	80.3846
738.218	80.3304
735.239	80.2545
732.285	80.1637
729.354	80.0696
726.447	79.9856
723.563	79.9241
720.702	79.8941
717.863	79.8994
715.046	79.9376
712.251	80.0012
709.479	80.079
706.727	80.1592
703.997	80.2315
701.288	80.2894
698.6	80.3314
695.932	80.3604
693.285	80.3825
690.657	80.4046
688.05	80.4317
685.462	80.4649
682.893	80.5004
680.344	80.5291
677.814	80.5386
675.302	80.5158
672.809	80.4497
670.334	80.3348
667.878	80.1731
665.439	79.9742
663.018	79.7552
660.615	79.5375
658.229	79.3432
655.86	79.1918
653.508	79.0961
651.173	79.0602
648.854	79.0791
646.553	79.1394
644.267	79.2225
641.997	79.3079
639.744	79.3775
637.506	79.4186
635.283	79.426
633.077	79.4026
630.885	79.3579
628.709	79.306
626.547	79.2615
624.4	79.2367
622.268	79.2389
620.151	79.2692
618.048	79.3222
615.959	79.3877
613.884	79.4534
611.823	79.5077
609.776	79.542
607.742	79.5529
605.723	79.5426
603.716	79.518
601.723	79.4892
599.742	79.4669
597.775	79.4598
595.821	79.4727
593.879	79.5058
591.95	79.5546
590.034	79.6111
588.13	79.6659
586.238	79.7105
584.358	79.7393
582.49	79.7509
580.634	79.7479
578.79	79.737
576.958	79.7264
575.137	79.7245
573.328	79.7373
571.53	79.7675
569.743	79.8135
567.967	79.87
566.203	79.9294
564.449	79.9833
562.706	80.0252
560.974	80.0516
559.253	80.0631
557.542	80.0644
555.841	80.0634
554.151	80.0692
552.471	80.0903
550.802	80.1323
549.142	80.1968
547.492	80.2806
545.852	80.3761
544.222	80.4726
542.602	80.5583
540.991	80.6222
539.39	80.656
537.798	80.6553
536.216	80.6204
534.643	80.5552
533.079	80.4668
531.524	80.3637
529.979	80.2543
528.442	80.1455
526.914	80.042
525.395	79.9462
523.885	79.8587
522.383	79.7786
520.89	79.7052
519.405	79.6379
517.929	79.5773
516.461	79.5248
515.002	79.482
513.551	79.4507
512.108	79.4313
510.673	79.4232
509.246	79.4238
507.827	79.4292
506.415	79.4351
505.012	79.4371
503.616	79.4322
502.229	79.4192
500.848	79.3989
499.476	79.3744
498.111	79.3497
496.753	79.3293
495.402	79.3167
494.059	79.314
492.724	79.3209
491.395	79.3352
490.074	79.353
488.759	79.3697
487.452	79.3812
486.152	79.3848
484.858	79.38
483.572	79.3682
482.292	79.3531
481.019	79.3391
479.753	79.3306
478.493	79.3309
477.24	79.3414
475.994	79.361
474.754	79.387
473.52	79.4149
472.293	79.4403
471.072	79.4594
469.858	79.4701
468.649	79.4727
467.447	79.4697
466.251	79.465
465.062	79.4632
463.878	79.4685
462.7	79.4835
461.528	79.5088
460.362	79.5426
459.202	79.5812
458.048	79.6201
456.9	79.6548
455.757	79.682
454.62	79.7006
453.489	79.7115
452.363	79.718
451.243	79.7246
450.129	79.7358
449.02	79.7556
447.916	79.7861
446.818	79.8268
445.725	79.8754
444.638	79.9275
443.556	79.9783
442.479	80.0234
441.407	80.0597
440.34	80.0866
439.279	80.1056
438.223	80.1202
437.171	80.1352
436.125	80.1552
435.084	80.184
434.048	80.2235
433.017	80.2735
431.99	80.3315
430.969	80.3941
429.952	80.4571
428.94	80.517
427.933	80.5719
426.93	80.6216
425.932	80.6678
424.939	80.7136
423.951	80.7624
422.967	80.8173
421.987	80.8797
421.012	80.9494
420.042	81.0241
419.076	81.1
418.115	81.1727
417.158	81.2382
416.205	81.2936
415.257	81.3383
414.313	81.3734
413.373	81.402
412.437	81.4277
411.506	81.4541
410.579	81.4832
409.656	81.5149
408.737	81.5462
407.823	81.5718
406.912	81.5845
406.005	81.5767
405.103	81.5417
404.204	81.475
403.31	81.375
402.419	81.244
401.533	81.0875
400.65	80.9136
399.771	80.7318
398.896	80.5516
398.025	80.3815
397.157	80.2279
396.294	80.0947
395.434	79.9831
394.578	79.8925
393.725	79.8205
392.877	79.7644
392.031	79.7213
391.19	79.6889
390.352	79.6653
389.518	79.6493
388.687	79.6399
387.86	79.636
387.036	79.6362
386.216	79.6389
385.399	79.6425
384.586	79.6454
383.776	79.6465
382.969	79.6458
382.166	79.6441
381.367	79.6433
380.57	79.6456
379.777	79.6538
378.987	79.67
378.201	79.6952
377.418	79.7295
376.638	79.7715
375.861	79.8187
375.087	79.8681
374.317	79.9167
373.55	79.9622
372.785	80.0034
372.024	80.0401
371.267	80.0737
370.512	80.1062
369.76	80.1399
369.011	80.1768
368.266	80.2183
367.523	80.2645
366.783	80.3144
366.047	80.3662
365.313	80.4174
364.582	80.4656
363.854	80.5091
363.129	80.5466
362.407	80.5782
361.688	80.6044
360.971	80.6265
360.258	80.6459
359.547	80.6635
358.839	80.68
358.134	80.6952
357.432	80.7087
356.732	80.7193
356.035	80.7263
355.341	80.7288
354.649	80.7267
353.96	80.7201
353.274	80.7093
352.591	80.6949
351.91	80.6767
351.232	80.6545
350.556	80.6272
349.883	80.5934
349.213	80.5516
348.545	80.5008
347.879	80.4411
347.217	80.3736
346.556	80.3009
345.899	80.2271
345.243	80.1568
344.591	80.0946
343.94	80.0444
343.292	80.0084
342.647	79.9867
342.004	79.9772
341.363	79.9758
340.725	79.9769
340.089	79.9747
339.456	79.964
338.825	79.9408
338.196	79.9036
337.569	79.853
336.945	79.7917
336.324	79.7239
335.704	79.6542
335.087	79.5873
334.472	79.5264
333.859	79.4733
333.249	79.4283
332.64	79.3901
332.034	79.3568
331.43	79.3264
330.829	79.2975
330.229	79.2699
329.632	79.2443
329.037	79.2229
328.444	79.2083
327.853	79.2028
327.264	79.2083
326.678	79.2251
326.093	79.252
325.511	79.2865
324.93	79.325
324.352	79.3634
323.776	79.398
323.201	79.4262
322.629	79.4469
322.059	79.4606
321.491	79.4692
320.925	79.4756
320.361	79.4833
319.799	79.495
319.238	79.5129
318.68	79.5376
318.124	79.5685
317.57	79.6038
317.017	79.6411
316.467	79.6777
315.918	79.7114
315.371	79.7406
314.826	79.7648
314.284	79.7844
313.743	79.8005
313.203	79.8146
312.666	79.828
312.13	79.8419
311.597	79.8567
311.065	79.8721
310.535	79.8876
310.007	79.9019
309.48	79.9141
308.956	79.9233
308.433	79.9289
307.912	79.931
307.392	79.9299
306.875	79.9264
306.359	79.9212
305.845	79.9152
305.332	79.9089
304.821	79.9025
304.312	79.8963
303.805	79.8901
303.3	79.8837
302.796	79.877
302.293	79.8699
301.793	79.8625
301.294	79.855
300.797	79.8475
300.301	79.8402
299.807	79.8334
299.314	79.8272
298.824	79.822
298.335	79.8181
297.847	79.816
297.361	79.8162
296.877	79.8194
296.394	79.8261
295.912	79.8368
295.433	79.8518
294.955	79.8708
294.478	79.8933
294.003	79.9184
293.529	79.9449
293.057	79.972
292.587	79.9985
292.118	80.0241
291.65	80.0486
291.184	80.0725
290.72	80.0963
290.257	80.121
289.795	80.1473
289.335	80.1758
288.877	80.2069
288.419	80.2404
287.964	80.2761
287.509	80.3138
287.057	80.3533
286.605	80.3949
286.155	80.4392
285.706	80.4872
285.259	80.54
284.813	80.5987
284.369	80.6639
283.926	80.736
283.484	80.8142
283.044	80.8974
282.605	80.9841
282.168	81.0727
281.731	81.1619
281.297	81.2512
280.863	81.3408
280.431	81.432
280	81.5263
