1200	98.7399
1192.15	98.7582
1184.4	98.7797
1176.75	98.7988
1169.21	98.8126
1161.75	98.8238
1154.39	98.8379
1147.13	98.8571
1139.95	98.8782
1132.86	98.8959
1125.87	98.9084
1118.95	98.9196
1112.13	98.9346
1105.38	98.9544
1098.72	98.9748
1092.13	98.9908
1085.63	99.0022
1079.2	99.0135
1072.84	99.0294
1066.56	99.0495
1060.36	99.0688
1054.23	99.0832
1048.16	99.0936
1042.17	99.1052
1036.24	99.1219
1030.38	99.1419
1024.59	99.1599
1018.86	99.1725
1013.2	99.1821
1007.6	99.1942
1002.06	99.2116
996.576	99.2311
991.156	99.2475
985.795	99.2584
980.491	99.2674
975.244	99.2801
970.053	99.2979
964.917	99.3167
959.835	99.3311
954.806	99.3405
949.83	99.3492
944.905	99.3625
940.031	99.3805
935.207	99.3981
930.433	99.4106
925.707	99.4185
921.028	99.4272
916.397	99.4412
911.812	99.4591
907.273	99.4752
902.778	99.4855
898.328	99.4922
893.922	99.5011
889.559	99.5156
885.238	99.5331
880.958	99.5474
876.72	99.5556
872.523	99.5613
868.365	99.5706
864.247	99.5856
860.168	99.6023
856.127	99.6145
852.124	99.6207
848.159	99.6256
844.23	99.6354
840.337	99.6507
836.48	99.6662
832.658	99.6761
828.871	99.6803
825.118	99.6847
821.399	99.6951
817.714	99.7105
814.061	99.7244
810.441	99.7316
806.853	99.7339
803.296	99.7382
799.771	99.7492
796.277	99.7642
792.813	99.776
789.379	99.7805
785.974	99.7811
782.599	99.7854
779.253	99.7969
775.935	99.8113
772.645	99.8206
769.383	99.822
766.149	99.8211
762.941	99.8257
759.761	99.8377
756.606	99.8508
753.478	99.8571
750.376	99.8554
747.299	99.8532
744.247	99.8583
741.22	99.8706
738.218	99.882
735.239	99.8847
732.285	99.8799
729.354	99.8767
726.447	99.8826
723.563	99.895
720.702	99.9041
717.863	99.9027
715.046	99.8946
712.251	99.8909
709.479	99.8979
706.727	99.9103
703.997	99.9163
701.288	99.9102
698.6	99.899
695.932	99.8954
693.285	99.9041
690.657	99.9162
688.05	99.9182
685.462	99.9066
682.893	99.8925
680.344	99.8901
677.814	99.9014
675.302	99.913
672.809	99.9096
670.334	99.8912
667.878	99.8744
665.439	99.8754
663.018	99.8916
660.615	99.9025
658.229	99.8904
655.86	99.8612
653.508	99.8417
651.173	99.8527
648.854	99.8848
646.553	99.9023
644.267	99.8763
641.997	99.8161
639.744	99.7663
637.506	99.7692
635.283	99.8247
633.077	99.8869
630.885	99.9034
628.709	99.8616
626.547	99.7996
624.4	99.7703
622.268	99.7928
620.151	99.8361
618.048	99.8506
615.959	99.8167
613.884	99.7628
611.823	99.7367
609.776	99.7584
607.742	99.8002
605.723	99.8151
603.716	99.7823
601.723	99.7281
599.742	99.6993
597.775	99.717
595.821	99.7564
593.879	99.7713
591.95	99.74
590.034	99.686
588.13	99.6542
586.238	99.6665
584.358	99.7007
582.49	99.7135
580.634	99.6833
578.79	99.6312
576.958	99.5993
575.137	99.6083
573.328	99.6378
571.53	99.6475
569.743	99.6176
567.967	99.568
566.203	99.5376
564.449	99.5452
562.706	99.5712
560.974	99.5779
559.253	99.5477
557.542	99.5003
555.841	99.472
554.151	99.4792
552.471	99.5023
550.802	99.5062
549.142	99.4756
547.492	99.4302
545.852	99.4038
544.222	99.4107
542.602	99.4313
540.991	99.4326
539.39	99.4016
537.798	99.3579
536.216	99.3333
534.643	99.3397
533.079	99.3577
531.524	99.3564
529.979	99.3251
528.442	99.2831
526.914	99.26
525.395	99.2657
523.885	99.2809
522.383	99.2772
520.89	99.2459
519.405	99.206
517.929	99.1845
516.461	99.1894
515.002	99.2018
513.551	99.1964
512.108	99.1661
510.673	99.1293
509.246	99.1101
507.827	99.1144
506.415	99.1247
505.012	99.1189
503.616	99.0922
502.229	99.0612
500.848	99.0461
499.476	99.0506
498.111	99.0595
496.753	99.0562
495.402	99.0394
494.059	99.0239
492.724	99.0232
491.395	99.0356
490.074	99.0474
488.759	99.0497
487.452	99.0507
486.152	99.0673
484.858	99.1066
483.572	99.1551
482.292	99.1905
481.019	99.2047
479.753	99.2138
478.493	99.2454
477.24	99.3117
475.994	99.398
474.754	99.4759
473.52	99.5312
472.293	99.5773
471.072	99.6418
469.858	99.7376
468.649	99.8487
467.447	99.941
466.251	99.9891
465.062	99.9897
463.878	99.9497
462.7	99.8634
461.528	99.7038
460.362	99.442
459.202	99.0771
458.048	98.6487
456.9	98.2174
455.757	97.8305
454.62	97.5011
453.489	97.2179
452.363	96.9707
451.243	96.7661
450.129	96.6186
449.02	96.5296
447.916	96.4776
446.818	96.4333
445.725	96.3826
444.638	96.3361
443.556	96.3142
442.479	96.3225
441.407	96.344
440.34	96.3536
439.279	96.3427
438.223	96.3264
437.171	96.3277
436.125	96.3532
435.084	96.3862
434.048	96.4029
433.017	96.3965
431.99	96.3837
430.969	96.3877
429.952	96.4144
428.94	96.4468
427.933	96.4618
426.93	96.4538
425.932	96.4401
424.939	96.4435
423.951	96.4692
422.967	96.4997
421.987	96.5125
421.012	96.5028
420.042	96.4884
419.076	96.4916
418.115	96.5167
417.158	96.5462
416.205	96.558
415.257	96.548
414.313	96.5338
413.373	96.5374
412.437	96.5629
411.506	96.5926
410.579	96.6049
409.656	96.5957
408.737	96.5824
407.823	96.5867
406.912	96.613
406.005	96.6442
405.103	96.6589
404.204	96.6519
403.31	96.6393
402.419	96.643
401.533	96.6697
400.65	96.7052
399.771	96.7286
398.896	96.7308
398.025	96.7217
397.157	96.7196
396.294	96.7339
395.434	96.7588
394.578	96.7815
393.725	96.7945
392.877	96.8014
392.031	96.8104
391.19	96.8252
390.352	96.8422
389.518	96.8561
388.687	96.8662
387.86	96.8761
387.036	96.8891
386.216	96.9038
385.399	96.9163
384.586	96.9256
383.776	96.9347
382.969	96.9466
382.166	96.9593
381.367	96.9669
380.57	96.9668
379.777	96.9641
378.987	96.9682
378.201	96.9834
377.418	97.0029
376.638	97.0143
375.861	97.012
375.087	97.004
374.317	97.0053
373.55	97.023
372.785	97.0484
372.024	97.0643
371.267	97.062
370.512	97.051
369.76	97.0497
369.011	97.0679
368.266	97.0958
367.523	97.1132
366.783	97.1096
366.047	97.0953
365.313	97.0916
364.582	97.1097
363.854	97.139
363.129	97.1566
362.407	97.1508
361.688	97.133
360.971	97.1269
360.258	97.1453
359.547	97.176
358.839	97.1942
358.134	97.1867
357.432	97.1661
356.732	97.1586
356.035	97.1778
355.341	97.2109
354.649	97.2305
353.96	97.2226
353.274	97.2005
352.591	97.1924
351.91	97.2131
351.232	97.2488
350.556	97.2704
349.883	97.2627
349.213	97.2398
348.545	97.2316
347.879	97.2537
347.217	97.2916
346.556	97.3148
345.899	97.307
345.243	97.283
344.591	97.2743
343.94	97.2973
343.292	97.3368
342.647	97.3607
342.004	97.3522
341.363	97.3267
340.725	97.3169
340.089	97.3399
339.456	97.3802
338.825	97.4044
338.196	97.3947
337.569	97.3672
336.945	97.3556
336.324	97.3781
335.704	97.4187
335.087	97.443
334.472	97.4323
333.859	97.4027
333.249	97.389
332.64	97.4106
332.034	97.4514
331.43	97.4764
330.829	97.4657
330.229	97.4348
329.632	97.4191
329.037	97.4394
328.444	97.4808
327.853	97.5077
327.264	97.4984
326.678	97.4665
326.093	97.4466
325.511	97.4605
324.93	97.4953
324.352	97.5157
323.776	97.4975
323.201	97.4507
322.629	97.4092
322.059	97.4001
321.491	97.4209
320.925	97.4462
320.361	97.4539
319.799	97.445
319.238	97.4375
318.68	97.4451
318.124	97.4634
317.57	97.4763
317.017	97.4755
316.467	97.4685
315.918	97.4692
315.371	97.4804
314.826	97.4903
314.284	97.4853
313.743	97.4669
313.203	97.4515
312.666	97.4527
312.13	97.4644
311.597	97.4646
311.065	97.4384
310.535	97.3956
310.007	97.3638
309.48	97.3617
308.956	97.3787
308.433	97.3827
307.912	97.3526
307.392	97.3
306.875	97.2603
306.359	97.2576
305.845	97.2796
305.332	97.2881
304.821	97.257
304.312	97.2003
303.805	97.1604
303.3	97.1665
302.796	97.2036
302.293	97.2252
301.793	97.1981
301.294	97.1372
300.797	97.0936
300.301	97.106
299.807	97.1618
299.314	97.2073
298.824	97.1985
298.335	97.1443
297.847	97.0984
297.361	97.1079
296.877	97.1667
296.394	97.2204
295.912	97.219
295.433	97.1652
294.955	97.1123
294.478	97.113
294.003	97.1682
293.529	97.2262
293.057	97.2337
292.587	97.1871
292.118	97.136
291.65	97.1338
291.184	97.1854
290.72	97.2432
290.257	97.2541
289.795	97.212
289.335	97.163
288.877	97.1599
288.419	97.2095
287.964	97.2666
287.509	97.2795
287.057	97.2406
286.605	97.1936
286.155	97.1895
285.706	97.236
285.259	97.2909
284.813	97.3044
284.369	97.2687
283.926	97.2253
283.484	97.2224
283.044	97.2673
282.605	97.3197
282.168	97.3328
281.731	97.3004
281.297	97.2623
280.863	97.2636
280.431	97.3094
280	97.3605
