1200	0.403337
1192.15	0.403994
1184.4	0.404308
1176.75	0.404442
1169.21	0.40464
1161.75	0.405145
1154.39	0.406111
1147.13	0.407554
1139.95	0.409349
1132.86	0.411278
1125.87	0.413108
1118.95	0.414674
1112.13	0.415929
1105.38	0.416957
1098.72	0.417937
1092.13	0.419074
1085.63	0.420527
1079.2	0.422356
1072.84	0.424505
1066.56	0.42683
1060.36	0.429151
1054.23	0.431323
1048.16	0.433279
1042.17	0.435053
1036.24	0.436762
1030.38	0.438556
1024.59	0.440566
1018.86	0.44286
1013.2	0.445422
1007.6	0.448165
1002.06	0.450973
996.576	0.45374
991.156	0.456417
985.795	0.459026
980.491	0.461658
975.244	0.464437
970.053	0.46749
964.917	0.4709
959.835	0.474692
954.806	0.478819
949.83	0.483179
944.905	0.48764
940.031	0.492068
935.207	0.496364
930.433	0.500503
925.707	0.504561
921.028	0.508747
916.397	0.513409
911.812	0.519014
907.273	0.526089
902.778	0.53512
898.328	0.546423
893.922	0.560015
889.559	0.57553
885.238	0.592212
880.958	0.609026
876.72	0.624871
872.523	0.638855
868.365	0.650573
864.247	0.660289
860.168	0.668942
856.127	0.67796
852.124	0.688887
848.159	0.702916
844.23	0.720466
840.337	0.740938
836.48	0.762748
832.658	0.783677
828.871	0.801455
825.118	0.814422
821.399	0.822082
817.714	0.825333
814.061	0.826299
810.441	0.827762
806.853	0.832367
803.296	0.841837
799.771	0.856481
796.277	0.875208
792.813	0.89607
789.379	0.917228
785.974	0.937995
782.599	0.95957
779.253	0.985083
775.935	1.01876
772.645	1.06431
769.383	1.1228
766.149	1.19086
762.941	1.25957
759.761	1.31491
756.606	1.33986
753.478	1.31794
750.376	1.23757
747.299	1.09631
744.247	0.903675
741.22	0.68176
738.218	0.463054
735.239	0.285664
732.285	0.18672
729.354	0.195293
726.447	0.326392
723.563	0.577421
720.702	0.928013
717.863	1.34338
715.046	1.78052
712.251	2.19595
709.479	2.5533
706.727	2.82911
703.997	3.01563
701.288	3.12024
698.6	3.16181
695.932	3.16498
693.285	3.15407
690.657	3.14778
688.05	3.15618
685.462	3.1802
682.893	3.21356
680.344	3.24632
677.814	3.26884
675.302	3.2751
672.809	3.26435
670.334	3.24103
667.878	3.21294
665.439	3.18856
663.018	3.17438
660.615	3.17302
658.229	3.1827
655.86	3.1982
653.508	3.21272
651.173	3.22021
648.854	3.2173
646.553	3.20419
644.267	3.18445
641.997	3.16367
639.744	3.1476
637.506	3.14024
635.283	3.14271
633.077	3.15297
630.885	3.16667
628.709	3.17862
626.547	3.18452
624.4	3.18232
622.268	3.17278
620.151	3.15913
618.048	3.14594
615.959	3.13761
613.884	3.13697
611.823	3.14446
609.776	3.15809
607.742	3.17418
605.723	3.18861
603.716	3.19817
601.723	3.20153
599.742	3.1995
597.775	3.19468
595.821	3.19045
593.879	3.18975
591.95	3.19411
590.034	3.20312
588.13	3.21466
586.238	3.22562
584.358	3.23304
582.49	3.23511
580.634	3.23183
578.79	3.225
576.958	3.21767
575.137	3.21315
573.328	3.21394
571.53	3.22093
569.743	3.23315
567.967	3.24809
566.203	3.26253
564.449	3.27355
562.706	3.27944
560.974	3.28013
559.253	3.27714
557.542	3.27296
555.841	3.27016
554.151	3.27047
552.471	3.27423
550.802	3.28026
549.142	3.2863
547.492	3.28981
545.852	3.28881
544.222	3.28263
542.602	3.27208
540.991	3.25931
539.39	3.24704
537.798	3.23777
536.216	3.23297
534.643	3.23268
533.079	3.23552
531.524	3.23919
529.979	3.24129
528.442	3.24005
526.914	3.23492
525.395	3.22671
523.885	3.21728
522.383	3.20887
520.89	3.20334
519.405	3.20156
517.929	3.20312
516.461	3.2065
515.002	3.20956
513.551	3.21031
512.108	3.20754
510.673	3.2012
509.246	3.19244
507.827	3.18319
506.415	3.1755
505.012	3.17087
503.616	3.16975
502.229	3.17142
500.848	3.17423
499.476	3.17617
498.111	3.17555
496.753	3.17154
495.402	3.16449
494.059	3.15574
492.724	3.14723
491.395	3.14077
490.074	3.13751
488.759	3.13747
487.452	3.13958
486.152	3.14199
484.858	3.14268
483.572	3.1401
482.292	3.13374
481.019	3.12423
479.753	3.11322
478.493	3.10288
477.24	3.09521
475.994	3.09151
474.754	3.09202
473.52	3.09593
472.293	3.10177
471.072	3.10802
469.858	3.11372
468.649	3.11895
467.447	3.125
466.251	3.13409
465.062	3.14889
463.878	3.17179
462.7	3.20422
461.528	3.2462
460.362	3.29628
459.202	3.35173
458.048	3.40911
456.9	3.46494
455.757	3.51625
454.62	3.5611
453.489	3.59866
452.363	3.62912
451.243	3.65342
450.129	3.67281
449.02	3.68855
447.916	3.70165
446.818	3.71281
445.725	3.72243
444.638	3.73076
443.556	3.73796
442.479	3.74423
441.407	3.74975
440.34	3.7547
439.279	3.75911
438.223	3.76293
437.171	3.766
436.125	3.76812
435.084	3.76921
434.048	3.76935
433.017	3.7688
431.99	3.76799
430.969	3.76734
429.952	3.76717
428.94	3.76756
427.933	3.76828
426.93	3.76889
425.932	3.76884
424.939	3.76768
423.951	3.76519
422.967	3.76148
421.987	3.757
421.012	3.75233
420.042	3.74806
419.076	3.74456
418.115	3.74182
417.158	3.73948
416.205	3.73693
415.257	3.73348
414.313	3.72861
413.373	3.72217
412.437	3.71441
411.506	3.7059
410.579	3.6974
409.656	3.68953
408.737	3.6826
407.823	3.67643
406.912	3.67041
406.005	3.66362
405.103	3.65508
404.204	3.64402
403.31	3.63013
402.419	3.61356
401.533	3.59493
400.65	3.57506
399.771	3.55479
398.896	3.53464
398.025	3.51478
397.157	3.49491
396.294	3.47446
395.434	3.45277
394.578	3.42933
393.725	3.40394
392.877	3.37674
392.031	3.34819
391.19	3.3189
390.352	3.28938
389.518	3.25991
388.687	3.23046
387.86	3.20072
387.036	3.17018
386.216	3.13838
385.399	3.10502
384.586	3.07008
383.776	3.03382
382.969	2.99665
382.166	2.959
381.367	2.92112
380.57	2.88304
379.777	2.84449
378.987	2.80503
378.201	2.76422
377.418	2.72174
376.638	2.67753
375.861	2.63188
375.087	2.58528
374.317	2.53839
373.55	2.49179
372.785	2.44591
372.024	2.40095
371.267	2.35692
370.512	2.31372
369.76	2.27132
369.011	2.22986
368.266	2.18968
367.523	2.1513
366.783	2.11532
366.047	2.08228
365.313	2.0526
364.582	2.02654
363.854	2.0043
363.129	1.98621
362.407	1.97291
361.688	1.96547
360.971	1.96536
360.258	1.97432
359.547	1.99391
358.839	2.02512
358.134	2.06793
357.432	2.12098
356.732	2.18154
356.035	2.24575
355.341	2.30911
354.649	2.36719
353.96	2.41628
353.274	2.45399
352.591	2.4795
351.91	2.49357
351.232	2.49817
350.556	2.49593
349.883	2.48952
349.213	2.48106
348.545	2.47187
347.879	2.4623
347.217	2.452
346.556	2.44021
345.899	2.42622
345.243	2.40973
344.591	2.39099
343.94	2.3708
343.292	2.35033
342.647	2.33082
342.004	2.31323
341.363	2.29808
340.725	2.28535
340.089	2.27455
339.456	2.26495
338.825	2.25581
338.196	2.24663
337.569	2.23723
336.945	2.22781
336.324	2.21885
335.704	2.2109
335.087	2.20442
334.472	2.19967
333.859	2.19663
333.249	2.19507
332.64	2.19462
332.034	2.19492
331.43	2.19569
330.829	2.19683
330.229	2.19835
329.632	2.20037
329.037	2.20299
328.444	2.20628
327.853	2.21025
327.264	2.21487
326.678	2.22015
326.093	2.22619
325.511	2.23321
324.93	2.2415
324.352	2.25133
323.776	2.26283
323.201	2.27585
322.629	2.28989
322.059	2.30407
321.491	2.31728
320.925	2.32832
320.361	2.33617
319.799	2.34013
319.238	2.34002
318.68	2.3362
318.124	2.32944
317.57	2.3208
317.017	2.31138
316.467	2.30209
315.918	2.29351
315.371	2.28581
314.826	2.27884
314.284	2.27222
313.743	2.26551
313.203	2.25838
312.666	2.25069
312.13	2.24249
311.597	2.23404
311.065	2.22566
310.535	2.21764
310.007	2.21013
309.48	2.20315
308.956	2.19655
308.433	2.1901
307.912	2.18356
307.392	2.17676
306.875	2.16962
306.359	2.16218
305.845	2.15455
305.332	2.14687
304.821	2.13924
304.312	2.13172
303.805	2.1243
303.3	2.11696
302.796	2.10966
302.293	2.10238
301.793	2.09516
301.294	2.08809
300.797	2.08128
300.301	2.07482
299.807	2.06882
299.314	2.06337
298.824	2.05858
298.335	2.05468
297.847	2.05199
297.361	2.05101
296.877	2.05234
296.394	2.05664
295.912	2.06451
295.433	2.07637
294.955	2.09233
294.478	2.11214
294.003	2.13519
293.529	2.16057
293.057	2.18719
292.587	2.21394
292.118	2.23981
291.65	2.264
291.184	2.28595
290.72	2.30533
290.257	2.32198
289.795	2.33585
289.335	2.34693
288.877	2.35522
288.419	2.36078
287.964	2.36371
287.509	2.36428
287.057	2.36287
286.605	2.36001
286.155	2.3563
285.706	2.35233
285.259	2.34853
284.813	2.34514
284.369	2.34215
283.926	2.33932
283.484	2.33629
283.044	2.33267
282.605	2.32824
282.168	2.32297
281.731	2.3171
281.297	2.31108
280.863	2.30548
280.431	2.30084
280	2.29757
