1200	99.6668
1192.15	99.67
1184.4	99.6721
1176.75	99.6723
1169.21	99.6707
1161.75	99.668
1154.39	99.6654
1147.13	99.664
1139.95	99.6644
1132.86	99.6667
1125.87	99.67
1118.95	99.673
1112.13	99.6746
1105.38	99.6742
1098.72	99.6719
1092.13	99.6687
1085.63	99.6659
1079.2	99.6645
1072.84	99.6653
1066.56	99.6678
1060.36	99.6713
1054.23	99.6743
1048.16	99.6756
1042.17	99.6746
1036.24	99.6717
1030.38	99.668
1024.59	99.665
1018.86	99.6638
1013.2	99.665
1007.6	99.6682
1002.06	99.6721
996.576	99.6752
991.156	99.6763
985.795	99.6746
980.491	99.6708
975.244	99.6662
970.053	99.6625
964.917	99.6611
959.835	99.6627
954.806	99.6665
949.83	99.6711
944.905	99.6744
940.031	99.6748
935.207	99.6715
930.433	99.6654
925.707	99.658
921.028	99.6519
916.397	99.6491
911.812	99.6506
907.273	99.6557
902.778	99.6625
898.328	99.6678
893.922	99.6685
889.559	99.6625
885.238	99.6494
880.958	99.6307
876.72	99.6095
872.523	99.5897
868.365	99.5752
864.247	99.5683
860.168	99.5698
856.127	99.5783
852.124	99.591
848.159	99.6039
844.23	99.6134
840.337	99.6164
836.48	99.6115
832.658	99.599
828.871	99.5807
825.118	99.5598
821.399	99.54
817.714	99.525
814.061	99.5175
810.441	99.5189
806.853	99.5286
803.296	99.5441
799.771	99.5615
796.277	99.5762
792.813	99.5839
789.379	99.5822
785.974	99.5711
782.599	99.5534
779.253	99.5344
775.935	99.52
772.645	99.5151
769.383	99.5217
766.149	99.5371
762.941	99.5544
759.761	99.5636
756.606	99.5542
753.478	99.5193
750.376	99.458
747.299	99.3784
744.247	99.2967
741.22	99.2352
738.218	99.2173
735.239	99.262
732.285	99.3785
729.354	99.5618
726.447	99.7925
723.563	100.039
720.702	100.261
717.863	100.421
715.046	100.487
712.251	100.441
709.479	100.28
706.727	100.018
703.997	99.6817
701.288	99.3054
698.6	98.9239
695.932	98.5678
693.285	98.2592
690.657	98.0104
688.05	97.8238
685.462	97.6946
682.893	97.6133
680.344	97.5686
677.814	97.5492
675.302	97.5457
672.809	97.5502
670.334	97.5571
667.878	97.5625
665.439	97.5642
663.018	97.5619
660.615	97.5566
658.229	97.5505
655.86	97.5465
653.508	97.5474
651.173	97.5547
648.854	97.5684
646.553	97.5866
644.267	97.6062
641.997	97.6237
639.744	97.6362
637.506	97.6426
635.283	97.6439
633.077	97.6428
630.885	97.6428
628.709	97.6469
626.547	97.6569
624.4	97.6723
622.268	97.6907
620.151	97.7087
618.048	97.723
615.959	97.7315
613.884	97.7344
611.823	97.7334
609.776	97.732
607.742	97.7333
605.723	97.7398
603.716	97.7516
601.723	97.7671
599.742	97.7833
597.775	97.7969
595.821	97.8055
593.879	97.8085
591.95	97.8074
590.034	97.8049
588.13	97.8042
586.238	97.8078
584.358	97.8164
582.49	97.8288
580.634	97.8426
578.79	97.8546
576.958	97.8624
575.137	97.865
573.328	97.8635
571.53	97.8601
569.743	97.8578
567.967	97.8589
566.203	97.8644
564.449	97.8735
562.706	97.8842
560.974	97.8938
559.253	97.8998
557.542	97.9013
555.841	97.8986
554.151	97.8936
552.471	97.8886
550.802	97.8855
549.142	97.8855
547.492	97.8882
545.852	97.8926
544.222	97.8971
542.602	97.9007
540.991	97.9034
539.39	97.9059
537.798	97.9098
536.216	97.9163
534.643	97.9255
533.079	97.9365
531.524	97.9473
529.979	97.9553
528.442	97.9588
526.914	97.9574
525.395	97.9526
523.885	97.9475
522.383	97.9455
520.89	97.9492
519.405	97.959
517.929	97.9731
516.461	97.9873
515.002	97.9971
513.551	97.9988
512.108	97.9915
510.673	97.9778
509.246	97.963
507.827	97.9543
506.415	97.9576
505.012	97.9762
503.616	98.0087
502.229	98.0494
500.848	98.0898
499.476	98.121
498.111	98.1368
496.753	98.1354
495.402	98.1205
494.059	98.1001
492.724	98.0839
491.395	98.0803
490.074	98.0935
488.759	98.1219
487.452	98.1591
486.152	98.1954
484.858	98.2215
483.572	98.2313
482.292	98.2243
481.019	98.2056
479.753	98.1841
478.493	98.1698
477.24	98.17
475.994	98.187
474.754	98.2173
473.52	98.2528
472.293	98.2836
471.072	98.3015
469.858	98.3028
468.649	98.2894
467.447	98.2685
466.251	98.2498
465.062	98.2421
463.878	98.2502
462.7	98.2734
461.528	98.3055
460.362	98.3371
459.202	98.3589
458.048	98.3655
456.9	98.3567
455.757	98.3384
454.62	98.3201
453.489	98.3118
452.363	98.3207
451.243	98.3481
450.129	98.3893
449.02	98.4347
447.916	98.4732
446.818	98.4959
445.725	98.4991
444.638	98.4856
443.556	98.4634
442.479	98.4434
441.407	98.4353
440.34	98.4442
439.279	98.4693
438.223	98.5038
437.171	98.5375
436.125	98.5606
435.084	98.5669
434.048	98.5562
433.017	98.5341
431.99	98.5103
430.969	98.4949
429.952	98.4952
428.94	98.5128
427.933	98.5434
426.93	98.5782
425.932	98.607
424.939	98.622
423.951	98.6203
422.967	98.6047
421.987	98.5833
421.012	98.5657
420.042	98.5603
419.076	98.5707
418.115	98.5951
417.158	98.6265
416.205	98.6558
415.257	98.6745
414.313	98.6786
413.373	98.6694
412.437	98.6533
411.506	98.6393
410.579	98.6355
409.656	98.6461
408.737	98.6695
407.823	98.6986
406.912	98.7228
406.005	98.732
405.103	98.7201
404.204	98.687
403.31	98.6392
402.419	98.5877
401.533	98.5448
400.65	98.5196
399.771	98.5158
398.896	98.5304
398.025	98.5547
397.157	98.578
396.294	98.5909
395.434	98.5884
394.578	98.5718
393.725	98.5479
392.877	98.5262
392.031	98.5155
391.19	98.5208
390.352	98.5413
389.518	98.571
388.687	98.6006
387.86	98.621
387.036	98.6268
386.216	98.6178
385.399	98.5994
384.586	98.5805
383.776	98.5702
382.969	98.5747
382.166	98.5949
381.367	98.626
380.57	98.6595
379.777	98.6858
378.987	98.6983
378.201	98.6954
377.418	98.6812
376.638	98.6644
375.861	98.6551
375.087	98.6612
374.317	98.6855
373.55	98.7249
372.785	98.7712
372.024	98.814
371.267	98.8441
370.512	98.8571
369.76	98.8545
369.011	98.8437
368.266	98.8347
367.523	98.8372
366.783	98.8569
366.047	98.8934
365.313	98.9403
364.582	98.9873
363.854	99.0239
363.129	99.0428
362.407	99.0421
361.688	99.0265
360.971	99.0052
360.258	98.9889
359.547	98.986
358.839	99.0001
358.134	99.0287
357.432	99.0642
356.732	99.0967
356.035	99.1176
355.341	99.1222
354.649	99.1111
353.96	99.0897
353.274	99.0659
352.591	99.0468
351.91	99.0356
351.232	99.0307
350.556	99.0257
349.883	99.0118
349.213	98.9811
348.545	98.9297
347.879	98.8595
347.217	98.778
346.556	98.6965
345.899	98.6266
345.243	98.5767
344.591	98.5496
343.94	98.5422
343.292	98.5464
342.647	98.5526
342.004	98.5526
341.363	98.5424
340.725	98.5234
340.089	98.5015
339.456	98.4846
338.825	98.4796
338.196	98.4898
337.569	98.5135
336.945	98.5446
336.324	98.575
335.704	98.597
335.087	98.6064
334.472	98.6039
333.859	98.5943
333.249	98.5854
332.64	98.5843
332.034	98.5957
331.43	98.6195
330.829	98.6512
330.229	98.6834
329.632	98.7088
329.037	98.7223
328.444	98.7235
327.853	98.7162
327.264	98.7073
326.678	98.7044
326.093	98.7125
325.511	98.733
324.93	98.7623
324.352	98.7939
323.776	98.8201
323.201	98.8354
322.629	98.838
322.059	98.8307
321.491	98.8201
320.925	98.8135
320.361	98.8172
319.799	98.8333
319.238	98.8595
318.68	98.8897
318.124	98.9162
317.57	98.9326
317.017	98.936
316.467	98.9281
315.918	98.9148
315.371	98.9037
314.826	98.9017
314.284	98.9123
313.743	98.9344
313.203	98.9625
312.666	98.9889
312.13	99.0063
311.597	99.0104
311.065	99.0018
310.535	98.9855
310.007	98.9694
309.48	98.9612
308.956	98.9656
308.433	98.9829
307.912	99.0084
307.392	99.0342
306.875	99.0524
306.359	99.0573
305.845	99.0482
305.332	99.0295
304.821	99.009
304.312	98.9955
303.805	98.9952
303.3	99.0097
302.796	99.0351
302.293	99.0635
301.793	99.0858
301.294	99.0948
300.797	99.0884
300.301	99.0701
299.807	99.0485
299.314	99.0341
298.824	99.0353
298.335	99.0561
297.847	99.0935
297.361	99.1389
296.877	99.1803
296.394	99.2066
295.912	99.2109
295.433	99.1935
294.955	99.1612
294.478	99.1256
294.003	99.0988
293.529	99.0899
293.057	99.1016
292.587	99.1295
292.118	99.1641
291.65	99.1937
291.184	99.2092
290.72	99.2066
290.257	99.1892
289.795	99.1655
289.335	99.147
288.877	99.1432
288.419	99.1588
287.964	99.1914
287.509	99.2326
287.057	99.2705
286.605	99.2942
286.155	99.2974
285.706	99.2809
285.259	99.2523
284.813	99.2233
284.369	99.2059
283.926	99.2078
283.484	99.2301
283.044	99.2665
282.605	99.3058
282.168	99.3354
281.731	99.3463
281.297	99.3362
280.863	99.31
280.431	99.2791
280	99.2564
