1200	98.6635
1192.15	98.6827
1184.4	98.7029
1176.75	98.7225
1169.21	98.7405
1161.75	98.7578
1154.39	98.7758
1147.13	98.7953
1139.95	98.815
1132.86	98.8336
1125.87	98.8508
1118.95	98.8678
1112.13	98.886
1105.38	98.9054
1098.72	98.9244
1092.13	98.9419
1085.63	98.9583
1079.2	98.9752
1072.84	98.9934
1066.56	99.0123
1060.36	99.0303
1054.23	99.0466
1048.16	99.0625
1042.17	99.0793
1036.24	99.0973
1030.38	99.1154
1024.59	99.1321
1018.86	99.1474
1013.2	99.1628
1007.6	99.1795
1002.06	99.1971
996.576	99.214
991.156	99.2293
985.795	99.2437
980.491	99.2588
975.244	99.2752
970.053	99.292
964.917	99.3075
959.835	99.3215
954.806	99.3352
949.83	99.35
944.905	99.3659
940.031	99.3815
935.207	99.3955
930.433	99.4083
925.707	99.4214
921.028	99.4358
916.397	99.451
911.812	99.4652
907.273	99.4777
902.778	99.4894
898.328	99.502
893.922	99.5159
889.559	99.53
885.238	99.5425
880.958	99.5535
876.72	99.5644
872.523	99.5765
868.365	99.5897
864.247	99.6023
860.168	99.6131
856.127	99.6228
852.124	99.6329
848.159	99.6445
844.23	99.6567
840.337	99.6675
836.48	99.6765
832.658	99.6849
828.871	99.6945
825.118	99.7053
821.399	99.716
817.714	99.7249
814.061	99.7322
810.441	99.7395
806.853	99.7484
803.296	99.7582
799.771	99.767
796.277	99.7738
792.813	99.7794
789.379	99.7859
785.974	99.7939
782.599	99.8022
779.253	99.8089
775.935	99.8135
772.645	99.8176
769.383	99.8232
766.149	99.8301
762.941	99.8365
759.761	99.8408
756.606	99.8432
753.478	99.8461
750.376	99.8507
747.299	99.8562
744.247	99.8603
741.22	99.8619
738.218	99.8624
735.239	99.8641
732.285	99.8676
729.354	99.8712
726.447	99.8726
723.563	99.8716
720.702	99.8704
717.863	99.871
715.046	99.8731
712.251	99.8744
709.479	99.8728
706.727	99.8694
703.997	99.8667
701.288	99.8663
698.6	99.8667
695.932	99.8652
693.285	99.8606
690.657	99.855
688.05	99.8512
685.462	99.8497
682.893	99.848
680.344	99.8434
677.814	99.8359
675.302	99.8285
672.809	99.8238
670.334	99.821
667.878	99.8167
665.439	99.8088
663.018	99.7988
660.615	99.7901
658.229	99.7847
655.86	99.7803
653.508	99.7731
651.173	99.7619
648.854	99.7496
646.553	99.7403
644.267	99.7344
641.997	99.728
639.744	99.7174
637.506	99.703
635.283	99.6892
633.077	99.6798
630.885	99.6733
628.709	99.6645
626.547	99.6501
624.4	99.6327
622.268	99.6184
620.151	99.6096
618.048	99.6025
615.959	99.5904
613.884	99.5716
611.823	99.5518
609.776	99.5383
607.742	99.5314
605.723	99.5234
603.716	99.5065
601.723	99.4818
599.742	99.4602
597.775	99.4512
595.821	99.4521
593.879	99.4487
591.95	99.4286
590.034	99.3955
588.13	99.3684
586.238	99.3654
584.358	99.386
582.49	99.4097
580.634	99.4128
578.79	99.3884
576.958	99.3521
575.137	99.3269
573.328	99.3228
571.53	99.3293
569.743	99.3275
567.967	99.3085
566.203	99.2805
564.449	99.2601
562.706	99.255
560.974	99.2584
559.253	99.2563
557.542	99.2415
555.841	99.2192
554.151	99.2006
552.471	99.1921
550.802	99.1916
549.142	99.193
547.492	99.1933
545.852	99.1935
544.222	99.1938
542.602	99.191
540.991	99.181
539.39	99.1648
537.798	99.1496
536.216	99.1425
534.643	99.1435
533.079	99.1448
531.524	99.1383
529.979	99.1238
528.442	99.1091
526.914	99.1012
525.395	99.0992
523.885	99.0952
522.383	99.0828
520.89	99.0648
519.405	99.0501
517.929	99.0443
516.461	99.043
515.002	99.0364
513.551	99.0198
512.108	98.9988
510.673	98.9839
509.246	98.9795
507.827	98.979
506.415	98.9713
505.012	98.953
503.616	98.9317
502.229	98.9186
500.848	98.9164
499.476	98.9167
498.111	98.9085
496.753	98.8899
495.402	98.8701
494.059	98.8597
492.724	98.8595
491.395	98.8597
490.074	98.8501
488.759	98.8311
487.452	98.8129
486.152	98.805
484.858	98.8059
483.572	98.8048
482.292	98.7931
481.019	98.7736
479.753	98.7572
478.493	98.7517
477.24	98.7532
475.994	98.7503
474.754	98.7364
473.52	98.7168
472.293	98.7027
471.072	98.6997
469.858	98.7015
468.649	98.6968
467.447	98.6814
466.251	98.6626
465.062	98.6515
463.878	98.6511
462.7	98.6534
461.528	98.6473
460.362	98.6314
459.202	98.6146
458.048	98.6074
456.9	98.6103
455.757	98.6133
454.62	98.6069
453.489	98.5919
452.363	98.5788
451.243	98.5768
450.129	98.5837
449.02	98.5886
447.916	98.5833
446.818	98.5713
445.725	98.564
444.638	98.5688
443.556	98.5811
442.479	98.5896
441.407	98.5878
440.34	98.5816
439.279	98.5828
438.223	98.597
437.171	98.6173
436.125	98.6321
435.084	98.6375
434.048	98.6413
433.017	98.6555
431.99	98.6833
430.969	98.7161
429.952	98.7427
428.94	98.7613
427.933	98.7819
426.93	98.8159
425.932	98.8643
424.939	98.9167
423.951	98.9623
422.967	99.0012
421.987	99.0442
421.012	99.1011
420.042	99.1691
419.076	99.2346
418.115	99.285
417.158	99.3193
416.205	99.3461
415.257	99.3697
414.313	99.3806
413.373	99.3581
412.437	99.285
411.506	99.1598
410.579	98.9951
409.656	98.8061
408.737	98.6003
407.823	98.3797
406.912	98.1497
406.005	97.9252
405.103	97.7257
404.204	97.5628
403.31	97.4345
402.419	97.3294
401.533	97.2396
400.65	97.1665
399.771	97.1168
398.896	97.0919
398.025	97.0836
397.157	97.0796
396.294	97.0741
395.434	97.0713
394.578	97.0799
393.725	97.1029
392.877	97.1338
392.031	97.1627
391.19	97.1851
390.352	97.2056
389.518	97.2318
388.687	97.2664
387.86	97.3048
387.036	97.3399
386.216	97.3698
385.399	97.3992
384.586	97.4346
383.776	97.4769
382.969	97.5207
382.166	97.559
381.367	97.5891
380.57	97.6136
379.777	97.6365
378.987	97.6582
378.201	97.6746
377.418	97.6802
376.638	97.6711
375.861	97.6454
375.087	97.6
374.317	97.5297
373.55	97.4294
372.785	97.2985
372.024	97.143
371.267	96.9737
370.512	96.8013
369.76	96.6329
369.011	96.4726
368.266	96.3236
367.523	96.1903
366.783	96.0773
366.047	95.9869
365.313	95.9174
364.582	95.8645
363.854	95.8238
363.129	95.7929
362.407	95.7711
361.688	95.7585
360.971	95.7541
360.258	95.7553
359.547	95.7595
358.839	95.7647
358.134	95.7706
357.432	95.7784
356.732	95.789
356.035	95.802
355.341	95.8156
354.649	95.8281
353.96	95.8388
353.274	95.8493
352.591	95.8616
351.91	95.876
351.232	95.8912
350.556	95.9045
349.883	95.9153
349.213	95.9251
348.545	95.9368
347.879	95.9513
347.217	95.9665
346.556	95.9795
345.899	95.9892
345.243	95.9979
344.591	96.009
343.94	96.0234
343.292	96.0385
342.647	96.0506
342.004	96.0591
341.363	96.0669
340.725	96.0777
340.089	96.0923
339.456	96.1071
338.825	96.1183
338.196	96.1255
337.569	96.1326
336.945	96.1437
336.324	96.1586
335.704	96.1732
335.087	96.1832
334.472	96.1893
333.859	96.1962
333.249	96.2079
332.64	96.2235
332.034	96.2377
331.43	96.2466
330.829	96.2519
330.229	96.259
329.632	96.2717
329.037	96.2879
328.444	96.3016
327.853	96.3095
327.264	96.3142
326.678	96.322
326.093	96.3359
325.511	96.3526
324.93	96.3656
324.352	96.3723
323.776	96.3767
323.201	96.3854
322.629	96.4005
322.059	96.4174
321.491	96.4294
320.925	96.4349
320.361	96.4391
319.799	96.4488
319.238	96.4649
318.68	96.4817
318.124	96.4923
317.57	96.4964
317.017	96.5006
316.467	96.5114
315.918	96.5283
315.371	96.5444
314.826	96.5532
314.284	96.5561
313.743	96.5605
313.203	96.5723
312.666	96.5897
312.13	96.6046
311.597	96.6115
311.065	96.6132
310.535	96.618
310.007	96.6309
309.48	96.6483
308.956	96.6617
308.433	96.6667
307.912	96.6676
307.392	96.673
306.875	96.6868
306.359	96.7039
305.845	96.7156
305.332	96.7188
304.821	96.7192
304.312	96.7255
303.805	96.7401
303.3	96.7565
302.796	96.7664
302.293	96.7683
301.793	96.769
301.294	96.7764
300.797	96.7913
300.301	96.8066
299.807	96.8149
299.314	96.8165
298.824	96.8189
298.335	96.8284
297.847	96.8433
297.361	96.8555
296.877	96.8594
296.394	96.858
295.912	96.8598
295.433	96.8703
294.955	96.8864
294.478	96.9005
294.003	96.9087
293.529	96.9151
293.057	96.9263
292.587	96.9435
292.118	96.9603
291.65	96.9696
291.184	96.9716
290.72	96.9747
290.257	96.9862
289.795	97.0045
289.335	97.0202
288.877	97.026
288.419	97.0249
287.964	97.0277
287.509	97.0413
287.057	97.0609
286.605	97.0749
286.155	97.077
285.706	97.0739
285.259	97.0789
284.813	97.0978
284.369	97.1223
283.926	97.1378
283.484	97.1388
283.044	97.1352
282.605	97.1423
282.168	97.1647
281.731	97.1906
281.297	97.2038
280.863	97.2005
280.431	97.1942
280	97.2019
