1200	98.685
1192.15	98.7006
1184.4	98.7173
1176.75	98.737
1169.21	98.7581
1161.75	98.7774
1154.39	98.7937
1147.13	98.809
1139.95	98.8266
1132.86	98.8469
1125.87	98.8672
1118.95	98.8848
1112.13	98.8999
1105.38	98.9155
1098.72	98.934
1092.13	98.9543
1085.63	98.9733
1079.2	98.9891
1072.84	99.0035
1066.56	99.0197
1060.36	99.0387
1054.23	99.0583
1048.16	99.0755
1042.17	99.0898
1036.24	99.104
1030.38	99.1208
1024.59	99.1399
1018.86	99.1582
1013.2	99.1734
1007.6	99.1866
1002.06	99.201
996.576	99.2184
991.156	99.2369
985.795	99.2534
980.491	99.2667
975.244	99.2792
970.053	99.2941
964.917	99.3116
959.835	99.3289
954.806	99.3432
949.83	99.355
944.905	99.3674
940.031	99.3828
935.207	99.3999
930.433	99.4154
925.707	99.4275
921.028	99.4382
916.397	99.4509
911.812	99.4665
907.273	99.4825
902.778	99.4957
898.328	99.5059
893.922	99.5161
889.559	99.5292
885.238	99.5446
880.958	99.5589
876.72	99.5697
872.523	99.5784
868.365	99.5886
864.247	99.602
860.168	99.6165
856.127	99.6285
852.124	99.637
848.159	99.6448
844.23	99.6552
840.337	99.6685
836.48	99.6814
832.658	99.6908
828.871	99.6973
825.118	99.7047
821.399	99.7154
817.714	99.728
814.061	99.7386
810.441	99.7452
806.853	99.7503
803.296	99.7576
799.771	99.7684
796.277	99.7795
792.813	99.7872
789.379	99.7913
785.974	99.7954
782.599	99.8029
779.253	99.8131
775.935	99.822
772.645	99.8265
769.383	99.8284
766.149	99.8322
762.941	99.8398
759.761	99.8487
756.606	99.8544
753.478	99.8558
750.376	99.8562
747.299	99.8599
744.247	99.8671
741.22	99.8739
738.218	99.8761
735.239	99.8745
732.285	99.874
729.354	99.8778
726.447	99.8841
723.563	99.8877
720.702	99.8861
717.863	99.8823
715.046	99.8814
712.251	99.8852
709.479	99.8896
706.727	99.8894
703.997	99.8841
701.288	99.8787
698.6	99.8781
695.932	99.8814
693.285	99.8829
690.657	99.8784
688.05	99.87
685.462	99.864
682.893	99.8638
680.344	99.8659
677.814	99.8636
675.302	99.8547
672.809	99.844
670.334	99.8383
667.878	99.8385
665.439	99.8384
663.018	99.8315
660.615	99.8184
658.229	99.8067
655.86	99.8021
653.508	99.8024
651.173	99.799
648.854	99.7868
646.553	99.7703
644.267	99.7589
641.997	99.7564
639.744	99.7561
637.506	99.748
635.283	99.7301
633.077	99.7114
630.885	99.7025
628.709	99.7034
626.547	99.7027
624.4	99.6893
622.268	99.6653
620.151	99.6449
618.048	99.6397
615.959	99.6458
613.884	99.6475
611.823	99.6332
609.776	99.6086
607.742	99.5905
605.723	99.5885
603.716	99.5934
601.723	99.5869
599.742	99.5616
597.775	99.5313
595.821	99.5174
593.879	99.5256
591.95	99.5366
590.034	99.5247
588.13	99.4848
586.238	99.4415
584.358	99.4273
582.49	99.451
580.634	99.4865
578.79	99.4959
576.958	99.464
575.137	99.4118
573.328	99.3762
571.53	99.3747
569.743	99.3917
567.967	99.3958
566.203	99.3717
564.449	99.3336
562.706	99.3088
560.974	99.3096
559.253	99.3228
557.542	99.325
555.841	99.3061
554.151	99.2772
552.471	99.2569
550.802	99.2521
549.142	99.2541
547.492	99.2513
545.852	99.2423
544.222	99.2347
542.602	99.2326
540.991	99.2288
539.39	99.2125
537.798	99.1829
536.216	99.1537
534.643	99.1399
533.079	99.1421
531.524	99.145
529.979	99.1331
528.442	99.1071
526.914	99.0836
525.395	99.0767
523.885	99.0825
522.383	99.083
520.89	99.0654
519.405	99.0371
517.929	99.018
516.461	99.0197
515.002	99.0322
513.551	99.0338
512.108	99.0143
510.673	98.9862
509.246	98.9718
507.827	98.9791
506.415	98.9931
505.012	98.9906
503.616	98.9648
502.229	98.9324
500.848	98.916
499.476	98.9202
498.111	98.9268
496.753	98.9146
495.402	98.8817
494.059	98.8483
492.724	98.835
491.395	98.8411
490.074	98.8454
488.759	98.8289
487.452	98.7949
486.152	98.7654
484.858	98.7575
483.572	98.7653
482.292	98.7663
481.019	98.7454
479.753	98.7111
478.493	98.6862
477.24	98.6832
475.994	98.6912
474.754	98.6875
473.52	98.6622
472.293	98.6285
471.072	98.6087
469.858	98.6101
468.649	98.6172
467.447	98.6087
466.251	98.5802
465.062	98.5489
463.878	98.5354
462.7	98.5413
461.528	98.5481
460.362	98.5367
459.202	98.5082
458.048	98.4827
456.9	98.478
455.757	98.4904
454.62	98.4991
453.489	98.4881
452.363	98.4634
451.243	98.4463
450.129	98.4505
449.02	98.4674
447.916	98.4741
446.818	98.4571
445.725	98.425
444.638	98.3987
443.556	98.3883
442.479	98.3829
441.407	98.3612
440.34	98.3144
439.279	98.2554
438.223	98.2069
437.171	98.1805
436.125	98.1686
435.084	98.1551
434.048	98.1332
433.017	98.1108
431.99	98.1006
430.969	98.1058
429.952	98.1177
428.94	98.1258
427.933	98.1283
426.93	98.1323
425.932	98.1445
424.939	98.1641
423.951	98.1857
422.967	98.2061
421.987	98.2285
421.012	98.2571
420.042	98.2914
419.076	98.3263
418.115	98.3592
417.158	98.3941
416.205	98.4358
415.257	98.4815
414.313	98.5196
413.373	98.5394
412.437	98.5424
411.506	98.5408
410.579	98.5427
409.656	98.5385
408.737	98.5043
407.823	98.4225
406.912	98.2984
406.005	98.1571
405.103	98.0208
404.204	97.8902
403.31	97.7497
402.419	97.5909
401.533	97.4296
400.65	97.2973
399.771	97.2133
398.896	97.1659
398.025	97.1239
397.157	97.0673
396.294	97.0062
395.434	96.9692
394.578	96.9716
393.725	96.9975
392.877	97.0141
392.031	97.0043
391.19	96.984
390.352	96.9855
389.518	97.0234
388.687	97.0785
387.86	97.1167
387.036	97.1228
386.216	97.116
385.399	97.1289
384.586	97.174
383.776	97.2309
382.969	97.2685
382.166	97.2775
381.367	97.2804
380.57	97.3077
379.777	97.3651
378.987	97.427
378.201	97.4617
377.418	97.4634
376.638	97.457
375.861	97.4709
375.087	97.5062
374.317	97.5336
373.55	97.5215
372.785	97.4663
372.024	97.3927
371.267	97.3273
370.512	97.2705
369.76	97.1981
369.011	97.0885
368.266	96.948
367.523	96.8069
366.783	96.6921
366.047	96.604
365.313	96.5217
364.582	96.4287
363.854	96.3322
363.129	96.256
362.407	96.2154
361.688	96.2012
360.971	96.1896
360.258	96.1661
359.547	96.1386
358.839	96.1267
358.134	96.1389
357.432	96.1629
356.732	96.1781
356.035	96.1769
355.341	96.1716
354.649	96.1797
353.96	96.2053
353.274	96.2343
352.591	96.2499
351.91	96.2503
351.232	96.2497
350.556	96.263
349.883	96.2894
349.213	96.3141
348.545	96.3239
347.879	96.3215
347.217	96.3216
346.556	96.3354
345.899	96.3581
345.243	96.375
344.591	96.377
343.94	96.3704
343.292	96.3693
342.647	96.3805
342.004	96.3964
341.363	96.4032
340.725	96.3962
340.089	96.3844
339.456	96.3808
338.825	96.3885
338.196	96.3979
337.569	96.3974
336.945	96.3862
336.324	96.3753
335.704	96.3755
335.087	96.3865
334.472	96.3972
333.859	96.398
333.249	96.3909
332.64	96.3871
332.034	96.3947
331.43	96.4104
330.829	96.4229
330.229	96.4252
329.632	96.4217
329.037	96.4231
328.444	96.4347
327.853	96.4513
327.264	96.4626
326.678	96.4645
326.093	96.463
325.511	96.4675
324.93	96.4807
324.352	96.4963
323.776	96.5055
323.201	96.5068
322.629	96.5071
322.059	96.5138
321.491	96.5275
320.925	96.5413
320.361	96.5487
319.799	96.5501
319.238	96.5523
318.68	96.5606
318.124	96.5739
317.57	96.5859
317.017	96.5921
316.467	96.5944
315.918	96.5982
315.371	96.6072
314.826	96.6191
314.284	96.6294
313.743	96.6354
313.203	96.639
312.666	96.6436
312.13	96.6504
311.597	96.6579
311.065	96.6646
310.535	96.6707
310.007	96.6777
309.48	96.6857
308.956	96.6931
308.433	96.6985
307.912	96.7028
307.392	96.709
306.875	96.7183
306.359	96.7286
305.845	96.7364
305.332	96.7405
304.821	96.7442
304.312	96.7517
303.805	96.7637
303.3	96.7761
302.796	96.7841
302.293	96.7873
301.793	96.7905
301.294	96.7985
300.797	96.8114
300.301	96.8243
299.807	96.8324
299.314	96.8364
298.824	96.8408
298.335	96.8496
297.847	96.8621
297.361	96.8745
296.877	96.8842
296.394	96.892
295.912	96.8995
295.433	96.9066
294.955	96.9108
294.478	96.9126
294.003	96.9168
293.529	96.9289
293.057	96.9484
292.587	96.9669
292.118	96.9747
291.65	96.9711
291.184	96.9661
290.72	96.9707
290.257	96.985
289.795	96.9969
289.335	96.9934
288.877	96.9754
288.419	96.9586
287.964	96.9579
287.509	96.9724
287.057	96.9841
286.605	96.9765
286.155	96.9519
285.706	96.9314
285.259	96.9342
284.813	96.9583
284.369	96.9816
283.926	96.9837
283.484	96.9671
283.044	96.9547
282.605	96.9666
282.168	96.9987
281.731	97.0264
281.297	97.0298
280.863	97.0149
280.431	97.0071
280	97.0251
