1200	1.32883
1192.15	1.31114
1184.4	1.29298
1176.75	1.27483
1169.21	1.25717
1161.75	1.23999
1154.39	1.22274
1147.13	1.20503
1139.95	1.18705
1132.86	1.16936
1125.87	1.15221
1118.95	1.13531
1112.13	1.11812
1105.38	1.10053
1098.72	1.08293
1092.13	1.06581
1085.63	1.04915
1079.2	1.03246
1072.84	1.0154
1066.56	0.998098
1060.36	0.981063
1054.23	0.964551
1048.16	0.948296
1042.17	0.931821
1036.24	0.914999
1030.38	0.898187
1024.59	0.881815
1018.86	0.865886
1013.2	0.849985
1007.6	0.833767
1002.06	0.817352
996.576	0.801181
991.156	0.785505
985.795	0.7701
980.491	0.754535
975.244	0.738677
970.053	0.722834
964.917	0.707398
959.835	0.692392
954.806	0.677454
949.83	0.66226
944.905	0.646899
940.031	0.631764
935.207	0.617094
930.433	0.602704
925.707	0.58821
921.028	0.573475
916.397	0.55876
911.812	0.544422
907.273	0.5305
902.778	0.51668
898.328	0.502667
893.922	0.488521
889.559	0.474586
885.238	0.461088
880.958	0.447882
876.72	0.434629
872.523	0.421193
868.365	0.407791
864.247	0.394742
860.168	0.382099
856.127	0.3696
852.124	0.356978
848.159	0.34427
844.23	0.33177
840.337	0.31969
836.48	0.30792
832.658	0.296173
828.871	0.284316
825.118	0.272526
821.399	0.261078
817.714	0.250038
814.061	0.239195
810.441	0.228318
806.853	0.217423
803.296	0.206754
799.771	0.196499
796.277	0.186586
792.813	0.17678
789.379	0.166964
785.974	0.157269
782.599	0.147925
779.253	0.138998
775.935	0.130334
772.645	0.121746
769.383	0.113236
766.149	0.10499
762.941	0.0971621
759.761	0.0897123
756.606	0.0824686
753.478	0.0753363
750.376	0.0684058
747.299	0.0618451
744.247	0.0557131
741.22	0.0499093
738.218	0.0443066
735.239	0.0389017
732.285	0.0338142
729.354	0.0291475
726.447	0.0248835
723.563	0.0209233
720.702	0.0172138
717.863	0.0138055
715.046	0.0107875
712.251	0.00818877
709.479	0.00596454
706.727	0.00406725
703.997	0.00250568
701.288	0.00132486
698.6	0.000547753
695.932	0.000160457
693.285	0.000151883
690.657	0.00054135
688.05	0.00135027
685.462	0.00256194
682.893	0.00413883
680.344	0.00608611
677.814	0.008471
675.302	0.0113509
672.809	0.0146894
670.334	0.0183799
667.878	0.0223751
665.439	0.0267717
663.018	0.0317219
660.615	0.0372499
658.229	0.0431925
655.86	0.049371
653.508	0.0558179
651.173	0.0627808
648.854	0.0704524
646.553	0.0787189
644.267	0.0872454
641.997	0.0958535
639.744	0.104773
637.506	0.114433
635.283	0.124963
633.077	0.13598
630.885	0.146962
628.709	0.157871
626.547	0.169287
624.4	0.181822
622.268	0.195364
620.151	0.209055
618.048	0.222183
615.959	0.235101
613.884	0.249074
611.823	0.26496
609.776	0.28195
607.742	0.297808
605.723	0.310685
603.716	0.320916
601.723	0.330927
599.742	0.343043
597.775	0.357046
595.821	0.369884
593.879	0.378106
591.95	0.381098
590.034	0.382248
588.13	0.386828
586.238	0.398222
584.358	0.415572
582.49	0.434743
580.634	0.45167
578.79	0.465237
576.958	0.477436
575.137	0.491011
573.328	0.50687
571.53	0.523546
569.743	0.53892
567.967	0.552407
566.203	0.565502
564.449	0.580237
562.706	0.59712
560.974	0.614607
559.253	0.630699
557.542	0.645138
555.841	0.659992
554.151	0.677762
552.471	0.698572
550.802	0.719101
549.142	0.734654
547.492	0.742977
545.852	0.7466
544.222	0.751466
542.602	0.762618
540.991	0.780399
539.39	0.800287
537.798	0.816545
536.216	0.826623
534.643	0.832693
533.079	0.839269
531.524	0.84921
529.979	0.861617
528.442	0.873164
526.914	0.881328
525.395	0.886483
523.885	0.891216
522.383	0.897905
520.89	0.906961
519.405	0.917179
517.929	0.927432
516.461	0.937839
515.002	0.949365
513.551	0.962539
512.108	0.976783
510.673	0.990982
509.246	1.00459
507.827	1.01803
506.415	1.03208
505.012	1.04692
503.616	1.06194
502.229	1.0764
500.848	1.09017
499.476	1.10375
498.111	1.11766
496.753	1.13179
495.402	1.14557
494.059	1.15857
492.724	1.17092
491.395	1.18313
490.074	1.19551
488.759	1.20784
487.452	1.21967
486.152	1.23082
484.858	1.24156
483.572	1.25232
482.292	1.26322
481.019	1.274
479.753	1.28429
478.493	1.29407
477.24	1.30361
475.994	1.31322
474.754	1.32288
473.52	1.33227
472.293	1.34112
471.072	1.34946
469.858	1.35753
468.649	1.36551
467.447	1.37327
466.251	1.38053
465.062	1.38703
463.878	1.39283
462.7	1.39813
461.528	1.40303
460.362	1.40735
459.202	1.41077
458.048	1.41308
456.9	1.41434
455.757	1.4147
454.62	1.41423
453.489	1.41269
452.363	1.40971
451.243	1.40506
450.129	1.3988
449.02	1.39112
447.916	1.38199
446.818	1.37105
445.725	1.35783
444.638	1.3421
443.556	1.32398
442.479	1.30368
441.407	1.28102
440.34	1.25545
439.279	1.22639
438.223	1.19381
437.171	1.15815
436.125	1.11981
435.084	1.07862
434.048	1.03403
433.017	0.986033
431.99	0.936107
430.969	0.887174
429.952	0.842626
428.94	0.805281
427.933	0.777239
426.93	0.760615
425.932	0.758114
424.939	0.772467
423.951	0.804967
422.967	0.854434
421.987	0.917717
421.012	0.99143
420.042	1.07343
419.076	1.1629
418.115	1.25946
417.158	1.36269
416.205	1.47287
415.257	1.59201
414.313	1.72315
413.373	1.86763
412.437	2.02207
411.506	2.17788
410.579	2.32447
409.656	2.45407
408.737	2.56448
407.823	2.65788
406.912	2.73707
406.005	2.80271
405.103	2.85362
404.204	2.88928
403.31	2.91141
402.419	2.92307
401.533	2.92627
400.65	2.92089
399.771	2.90631
398.896	2.88411
398.025	2.85888
397.157	2.83592
396.294	2.81772
395.434	2.80228
394.578	2.7851
393.725	2.76281
392.877	2.73559
392.031	2.70624
391.19	2.67738
390.352	2.64939
389.518	2.62076
388.687	2.59007
387.86	2.55746
387.036	2.5243
386.216	2.49166
385.399	2.45941
384.586	2.42661
383.776	2.39266
382.969	2.35778
382.166	2.32252
381.367	2.28686
380.57	2.25013
379.777	2.21168
378.987	2.17169
378.201	2.13109
377.418	2.09071
376.638	2.05062
375.861	2.01034
375.087	1.96988
374.317	1.93063
373.55	1.8953
372.785	1.86693
372.024	1.8477
371.267	1.83845
370.512	1.83899
369.76	1.84907
369.011	1.86907
368.266	1.90029
367.523	1.9444
366.783	2.00258
366.047	2.07444
365.313	2.15756
364.582	2.24769
363.854	2.33978
363.129	2.42918
362.407	2.51249
361.688	2.58783
360.971	2.65455
360.258	2.71287
359.547	2.76363
358.839	2.8081
358.134	2.84763
357.432	2.88321
356.732	2.91513
356.035	2.94316
355.341	2.96684
354.649	2.98586
353.96	3.00008
353.274	3.00939
352.591	3.01371
351.91	3.01306
351.232	3.00784
350.556	2.99879
349.883	2.98668
349.213	2.97205
348.545	2.95519
347.879	2.93639
347.217	2.91614
346.556	2.89501
345.899	2.87343
345.243	2.85146
344.591	2.82903
343.94	2.80618
343.292	2.78322
342.647	2.76052
342.004	2.73818
341.363	2.71602
340.725	2.69382
340.089	2.67165
339.456	2.64981
338.825	2.62857
338.196	2.60784
337.569	2.58736
336.945	2.56692
336.324	2.54668
335.704	2.52696
335.087	2.50793
334.472	2.4894
333.859	2.47105
333.249	2.45276
332.64	2.43479
332.034	2.41748
331.43	2.40086
330.829	2.38465
330.229	2.36853
329.632	2.35253
329.037	2.33699
328.444	2.32217
327.853	2.30802
327.264	2.29416
326.678	2.28036
326.093	2.26677
325.511	2.25376
324.93	2.24154
324.352	2.2299
323.776	2.21847
323.201	2.20711
322.629	2.19607
322.059	2.18574
321.491	2.17622
320.925	2.1672
320.361	2.15831
319.799	2.14953
319.238	2.1412
318.68	2.1337
318.124	2.12698
317.57	2.12066
317.017	2.11443
316.467	2.10838
315.918	2.10291
315.371	2.09832
314.826	2.09447
314.284	2.09093
313.743	2.08745
313.203	2.0842
312.666	2.08164
312.13	2.07999
311.597	2.07902
311.065	2.07827
310.535	2.07753
310.007	2.07706
309.48	2.07734
308.956	2.07855
308.433	2.0804
307.912	2.08239
307.392	2.08429
306.875	2.08642
306.359	2.08931
305.845	2.09325
305.332	2.09794
304.821	2.10271
304.312	2.10702
303.805	2.11084
303.3	2.11462
302.796	2.11893
302.293	2.12412
301.793	2.13023
301.294	2.1371
300.797	2.14451
300.301	2.15221
299.807	2.15967
299.314	2.16609
298.824	2.17079
298.335	2.1737
297.847	2.17583
297.361	2.17889
296.877	2.18438
296.394	2.19261
295.912	2.20238
295.433	2.21176
294.955	2.21933
294.478	2.22498
294.003	2.22972
293.529	2.23462
293.057	2.23996
292.587	2.24524
292.118	2.24998
291.65	2.25441
291.184	2.25941
290.72	2.26568
290.257	2.27306
289.795	2.28063
289.335	2.28746
288.877	2.29337
288.419	2.29882
287.964	2.30431
287.509	2.30978
287.057	2.31474
286.605	2.31885
286.155	2.32236
285.706	2.32584
285.259	2.32963
284.813	2.33356
284.369	2.33727
283.926	2.34068
283.484	2.34419
283.044	2.34835
282.605	2.35337
282.168	2.35914
281.731	2.36554
281.297	2.37284
280.863	2.38151
280.431	2.39191
280	2.40407
