1200	13.149
1192.15	13.1166
1184.4	13.0874
1176.75	13.0637
1169.21	13.0465
1161.75	13.0348
1154.39	13.026
1147.13	13.0169
1139.95	13.0041
1132.86	12.9858
1125.87	12.9614
1118.95	12.9326
1112.13	12.9024
1105.38	12.8743
1098.72	12.8512
1092.13	12.8349
1085.63	12.8251
1079.2	12.8197
1072.84	12.8153
1066.56	12.8081
1060.36	12.7955
1054.23	12.7761
1048.16	12.7511
1042.17	12.7233
1036.24	12.6965
1030.38	12.6746
1024.59	12.6603
1018.86	12.6542
1013.2	12.6544
1007.6	12.6574
1002.06	12.6584
996.576	12.6534
991.156	12.6398
985.795	12.6176
980.491	12.5899
975.244	12.5618
970.053	12.5399
964.917	12.5303
959.835	12.5372
954.806	12.5622
949.83	12.6035
944.905	12.6565
940.031	12.7151
935.207	12.7728
930.433	12.8246
925.707	12.8679
921.028	12.9031
916.397	12.9328
911.812	12.9617
907.273	12.9944
902.778	13.0345
898.328	13.0832
893.922	13.1393
889.559	13.1992
885.238	13.2579
880.958	13.3104
876.72	13.3532
872.523	13.3849
868.365	13.4071
864.247	13.4241
860.168	13.4418
856.127	13.4669
852.124	13.5052
848.159	13.5602
844.23	13.633
840.337	13.7213
836.48	13.8198
832.658	13.9214
828.871	14.0173
825.118	14.0989
821.399	14.158
817.714	14.1884
814.061	14.1859
810.441	14.1493
806.853	14.0805
803.296	13.9847
799.771	13.8706
796.277	13.7493
792.813	13.634
789.379	13.5386
785.974	13.4756
782.599	13.4547
779.253	13.481
775.935	13.5539
772.645	13.6666
769.383	13.8069
766.149	13.959
762.941	14.1053
759.761	14.2301
756.606	14.3212
753.478	14.3726
750.376	14.3846
747.299	14.364
744.247	14.3218
741.22	14.2713
738.218	14.2247
735.239	14.1912
732.285	14.1751
729.354	14.1757
726.447	14.1877
723.563	14.2033
720.702	14.2141
717.863	14.2138
715.046	14.1995
712.251	14.1722
709.479	14.1364
706.727	14.0992
703.997	14.0675
701.288	14.0469
698.6	14.0401
695.932	14.0458
693.285	14.0599
690.657	14.0764
688.05	14.0889
685.462	14.0925
682.893	14.0852
680.344	14.068
677.814	14.045
675.302	14.0217
672.809	14.0039
670.334	13.9959
667.878	13.9993
665.439	14.013
663.018	14.0331
660.615	14.0543
658.229	14.0713
655.86	14.0803
653.508	14.08
651.173	14.0718
648.854	14.0593
646.553	14.0476
644.267	14.0414
641.997	14.0443
639.744	14.057
637.506	14.0782
635.283	14.1041
633.077	14.1301
630.885	14.1517
628.709	14.166
626.547	14.1721
624.4	14.1719
622.268	14.1689
620.151	14.1675
618.048	14.1719
615.959	14.1846
613.884	14.2061
611.823	14.2345
609.776	14.2663
607.742	14.2972
605.723	14.3237
603.716	14.3433
601.723	14.356
599.742	14.3637
597.775	14.3698
595.821	14.3784
593.879	14.3929
591.95	14.4151
590.034	14.4451
588.13	14.4807
586.238	14.5188
584.358	14.5556
582.49	14.588
580.634	14.6145
578.79	14.6354
576.958	14.6529
575.137	14.6701
573.328	14.6906
571.53	14.7169
569.743	14.7503
567.967	14.7898
566.203	14.8333
564.449	14.8773
562.706	14.9187
560.974	14.9548
559.253	14.9848
557.542	15.0096
555.841	15.0317
554.151	15.0543
552.471	15.0809
550.802	15.1136
549.142	15.1532
547.492	15.1988
545.852	15.2479
544.222	15.2973
542.602	15.344
540.991	15.386
539.39	15.4226
537.798	15.455
536.216	15.4856
534.643	15.5177
533.079	15.5539
531.524	15.5963
529.979	15.6451
528.442	15.6992
526.914	15.7562
525.395	15.813
523.885	15.8671
522.383	15.9166
520.89	15.9614
519.405	16.0027
517.929	16.0429
516.461	16.0847
515.002	16.1305
513.551	16.1818
512.108	16.2385
510.673	16.2993
509.246	16.3618
507.827	16.4234
506.415	16.4819
505.012	16.5361
503.616	16.5864
502.229	16.6341
500.848	16.6817
499.476	16.7318
498.111	16.7865
496.753	16.8468
495.402	16.9123
494.059	16.9816
492.724	17.0521
491.395	17.1214
490.074	17.1874
488.759	17.2494
487.452	17.3076
486.152	17.3639
484.858	17.4207
483.572	17.4807
482.292	17.5461
481.019	17.6182
479.753	17.6968
478.493	17.7807
477.24	17.8678
475.994	17.9557
474.754	18.0424
473.52	18.1266
472.293	18.2078
471.072	18.2864
469.858	18.3635
468.649	18.4403
467.447	18.5173
466.251	18.5949
465.062	18.6724
463.878	18.7485
462.7	18.8218
461.528	18.8911
460.362	18.9556
459.202	19.0155
458.048	19.0714
456.9	19.125
455.757	19.1779
454.62	19.2316
453.489	19.287
452.363	19.3444
451.243	19.4033
450.129	19.4631
449.02	19.5227
447.916	19.5817
446.818	19.6401
445.725	19.6986
444.638	19.7585
443.556	19.8215
442.479	19.8887
441.407	19.961
440.34	20.0383
439.279	20.1197
438.223	20.2033
437.171	20.2874
436.125	20.3699
435.084	20.4495
434.048	20.526
433.017	20.5999
431.99	20.6725
430.969	20.7458
429.952	20.8217
428.94	20.9017
427.933	20.9863
426.93	21.0755
425.932	21.1681
424.939	21.2626
423.951	21.3571
422.967	21.4499
421.987	21.5397
421.012	21.6258
420.042	21.7078
419.076	21.7857
418.115	21.8597
417.158	21.9294
416.205	21.9946
415.257	22.0546
414.313	22.1086
413.373	22.1558
412.437	22.1959
411.506	22.2285
410.579	22.2539
409.656	22.2725
408.737	22.2846
407.823	22.2906
406.912	22.2905
406.005	22.2837
405.103	22.2697
404.204	22.2479
403.31	22.2177
402.419	22.1791
401.533	22.1328
400.65	22.0797
399.771	22.0209
398.896	21.9572
398.025	21.8891
397.157	21.8159
396.294	21.7366
395.434	21.6495
394.578	21.5533
393.725	21.4476
392.877	21.3341
392.031	21.2169
391.19	21.103
390.352	21.0014
389.518	20.9229
388.687	20.8783
387.86	20.8769
387.036	20.925
386.216	21.0247
385.399	21.1735
384.586	21.364
383.776	21.5852
382.969	21.8239
382.166	22.0663
381.367	22.3
380.57	22.5152
379.777	22.7062
378.987	22.8709
378.201	23.011
377.418	23.1309
376.638	23.236
375.861	23.3321
375.087	23.4238
374.317	23.5143
373.55	23.6046
372.785	23.6945
372.024	23.7827
371.267	23.8676
370.512	23.9479
369.76	24.0234
369.011	24.0944
368.266	24.1622
367.523	24.2288
366.783	24.2957
366.047	24.3644
365.313	24.4356
364.582	24.5093
363.854	24.5848
363.129	24.6611
362.407	24.7372
361.688	24.8124
360.971	24.8865
360.258	24.9595
359.547	25.0321
358.839	25.1046
358.134	25.1777
357.432	25.2515
356.732	25.3255
356.035	25.399
355.341	25.4711
354.649	25.5407
353.96	25.6071
353.274	25.6698
352.591	25.7288
351.91	25.7848
351.232	25.8384
350.556	25.8907
349.883	25.9424
349.213	25.9942
348.545	26.0461
347.879	26.0979
347.217	26.1493
346.556	26.1998
345.899	26.2487
345.243	26.2959
344.591	26.3413
343.94	26.3853
343.292	26.4283
342.647	26.4708
342.004	26.5134
341.363	26.5565
340.725	26.6003
340.089	26.6448
339.456	26.6898
338.825	26.735
338.196	26.7802
337.569	26.8253
336.945	26.8702
336.324	26.9152
335.704	26.9606
335.087	27.0068
334.472	27.0544
333.859	27.1037
333.249	27.1551
332.64	27.2086
332.034	27.2641
331.43	27.3215
330.829	27.3803
330.229	27.4401
329.632	27.5005
329.037	27.5611
328.444	27.6218
327.853	27.6827
327.264	27.7442
326.678	27.8071
326.093	27.8722
325.511	27.9403
324.93	28.0122
324.352	28.0884
323.776	28.1687
323.201	28.2527
322.629	28.3391
322.059	28.4264
321.491	28.5125
320.925	28.5955
320.361	28.6738
319.799	28.7459
319.238	28.8113
318.68	28.87
318.124	28.9225
317.57	28.97
317.017	29.0135
316.467	29.0543
315.918	29.0932
315.371	29.1309
314.826	29.1675
314.284	29.203
313.743	29.237
313.203	29.2695
312.666	29.3004
312.13	29.33
311.597	29.359
311.065	29.388
310.535	29.4177
310.007	29.4487
309.48	29.4815
308.956	29.516
308.433	29.552
307.912	29.5891
307.392	29.6268
306.875	29.6649
306.359	29.7033
305.845	29.7423
305.332	29.7822
304.821	29.8235
304.312	29.8668
303.805	29.9121
303.3	29.9593
302.796	30.0079
302.293	30.0573
301.793	30.1067
301.294	30.1555
300.797	30.2033
300.301	30.2503
299.807	30.2971
299.314	30.3444
298.824	30.3932
298.335	30.4441
297.847	30.4972
297.361	30.5524
296.877	30.6085
296.394	30.6644
295.912	30.7183
295.433	30.7687
294.955	30.8146
294.478	30.8551
294.003	30.8904
293.529	30.9209
293.057	30.9472
292.587	30.9702
292.118	30.9905
291.65	31.0081
291.184	31.0227
290.72	31.0337
290.257	31.0401
289.795	31.0412
289.335	31.0365
288.877	31.0258
288.419	31.0097
287.964	30.9887
287.509	30.9639
287.057	30.9359
286.605	30.9053
286.155	30.8721
285.706	30.8357
285.259	30.7956
284.813	30.7509
284.369	30.7013
283.926	30.6466
283.484	30.5876
283.044	30.5256
282.605	30.462
282.168	30.3985
281.731	30.3364
281.297	30.2766
280.863	30.2189
280.431	30.1629
280	30.1073
