1200	98.6924
1192.15	98.7146
1184.4	98.7354
1176.75	98.7515
1169.21	98.7651
1161.75	98.7812
1154.39	98.8018
1147.13	98.8236
1139.95	98.8419
1132.86	98.856
1125.87	98.8699
1118.95	98.8879
1112.13	98.9093
1105.38	98.9295
1098.72	98.9451
1092.13	98.9581
1085.63	98.9732
1079.2	98.9928
1072.84	99.0139
1066.56	99.0316
1060.36	99.0449
1054.23	99.0578
1048.16	99.0746
1042.17	99.095
1036.24	99.1144
1030.38	99.1292
1024.59	99.1411
1018.86	99.155
1013.2	99.1733
1007.6	99.1933
1002.06	99.2101
996.576	99.2223
991.156	99.2339
985.795	99.2493
980.491	99.2684
975.244	99.2866
970.053	99.3004
964.917	99.3109
959.835	99.3232
954.806	99.34
949.83	99.3587
944.905	99.3743
940.031	99.3852
935.207	99.3951
930.433	99.4088
925.707	99.4264
921.028	99.4434
916.397	99.4558
911.812	99.4647
907.273	99.4751
902.778	99.4902
898.328	99.5074
893.922	99.5216
889.559	99.531
885.238	99.539
880.958	99.5507
876.72	99.5666
872.523	99.5822
868.365	99.5931
864.247	99.6001
860.168	99.6084
856.127	99.6214
852.124	99.637
848.159	99.6498
844.23	99.6573
840.337	99.6631
836.48	99.6725
832.658	99.6865
828.871	99.7005
825.118	99.7096
821.399	99.7144
817.714	99.7202
814.061	99.731
810.441	99.7447
806.853	99.7558
803.296	99.7612
799.771	99.7643
796.277	99.771
792.813	99.7827
789.379	99.7949
785.974	99.802
782.599	99.8042
779.253	99.8069
775.935	99.8149
772.645	99.8266
769.383	99.8356
766.149	99.8385
762.941	99.8384
759.761	99.8418
756.606	99.8509
753.478	99.8609
750.376	99.8657
747.299	99.8647
744.247	99.8637
741.22	99.8685
738.218	99.8776
735.239	99.8845
732.285	99.8843
729.354	99.8804
726.447	99.8799
723.563	99.886
720.702	99.8937
717.863	99.8959
715.046	99.8911
712.251	99.8858
709.479	99.8868
706.727	99.8934
703.997	99.8979
701.288	99.8945
698.6	99.886
695.932	99.881
693.285	99.8839
690.657	99.8895
688.05	99.889
685.462	99.88
682.893	99.8696
680.344	99.8665
677.814	99.8707
675.302	99.8734
672.809	99.8666
670.334	99.853
667.878	99.8429
665.439	99.8426
663.018	99.8469
660.615	99.8443
658.229	99.8307
655.86	99.8143
653.508	99.807
651.173	99.8101
648.854	99.8123
646.553	99.8022
644.267	99.7818
641.997	99.7657
639.744	99.7644
637.506	99.7718
635.283	99.7703
633.077	99.7504
630.885	99.7226
628.709	99.7078
626.547	99.7145
624.4	99.7286
622.268	99.7276
620.151	99.7045
618.048	99.6761
615.959	99.6647
613.884	99.673
611.823	99.6804
609.776	99.6659
607.742	99.6323
605.723	99.6057
603.716	99.607
601.723	99.6268
599.742	99.6325
597.775	99.6025
595.821	99.5518
593.879	99.5209
591.95	99.5353
590.034	99.5779
588.13	99.6032
586.238	99.5813
584.358	99.5266
582.49	99.483
580.634	99.4795
578.79	99.5032
576.958	99.5147
575.137	99.4903
573.328	99.4458
571.53	99.4177
569.743	99.4243
567.967	99.4466
566.203	99.4495
564.449	99.4192
562.706	99.377
560.974	99.3556
559.253	99.3646
557.542	99.3811
555.841	99.3753
554.151	99.3413
552.471	99.3017
550.802	99.2828
549.142	99.2873
547.492	99.2941
545.852	99.2824
544.222	99.2532
542.602	99.2252
540.991	99.2124
539.39	99.2103
537.798	99.2043
536.216	99.1889
534.643	99.1739
533.079	99.1708
531.524	99.1754
529.979	99.17
528.442	99.1434
526.914	99.1058
525.395	99.0811
523.885	99.0817
522.383	99.0943
520.89	99.0934
519.405	99.0681
517.929	99.0344
516.461	99.0178
515.002	99.0255
513.551	99.0379
512.108	99.0298
510.673	98.9978
509.246	98.965
507.827	98.956
506.415	98.9704
505.012	98.9829
503.616	98.9705
502.229	98.9372
500.848	98.9098
499.476	98.9087
498.111	98.9253
496.753	98.9319
495.402	98.911
494.059	98.8743
492.724	98.8495
491.395	98.8501
490.074	98.8605
488.759	98.8536
487.452	98.8204
486.152	98.7801
484.858	98.7591
483.572	98.7628
482.292	98.7699
481.019	98.756
479.753	98.7201
478.493	98.6857
477.24	98.6748
475.994	98.6842
474.754	98.6894
473.52	98.6716
472.293	98.6384
471.072	98.6151
469.858	98.6171
468.649	98.6333
467.447	98.6387
466.251	98.6219
465.062	98.5974
463.878	98.5894
462.7	98.6053
461.528	98.6276
460.362	98.6328
459.202	98.6161
458.048	98.595
456.9	98.5882
455.757	98.5934
454.62	98.5886
453.489	98.5548
452.363	98.4955
451.243	98.4314
450.129	98.3787
449.02	98.3337
447.916	98.2819
446.818	98.219
445.725	98.1595
444.638	98.123
443.556	98.1124
442.479	98.1103
441.407	98.0972
440.34	98.073
439.279	98.0563
438.223	98.063
437.171	98.0877
436.125	98.1083
435.084	98.1099
434.048	98.1015
433.017	98.1062
431.99	98.1363
430.969	98.1792
429.952	98.2111
428.94	98.2227
427.933	98.2297
426.93	98.2555
425.932	98.3047
424.939	98.3577
423.951	98.39
422.967	98.3978
421.987	98.4
421.012	98.4142
420.042	98.4344
419.076	98.4328
418.115	98.3865
417.158	98.2984
416.205	98.1911
415.257	98.0809
414.313	97.9602
413.373	97.81
412.437	97.6276
411.506	97.4399
410.579	97.2844
409.656	97.177
408.737	97.1001
407.823	97.0234
406.912	96.9363
406.005	96.8579
405.103	96.8148
404.204	96.81
403.31	96.8175
402.419	96.8071
401.533	96.7751
400.65	96.746
399.771	96.7462
398.896	96.7747
398.025	96.8043
397.157	96.8098
396.294	96.7935
395.434	96.782
394.578	96.7976
393.725	96.835
392.877	96.8672
392.031	96.8743
391.19	96.8639
390.352	96.8624
389.518	96.887
388.687	96.9287
387.86	96.9623
387.036	96.9732
386.216	96.9708
385.399	96.9771
384.586	97.0027
383.776	97.037
382.969	97.0606
382.166	97.0674
381.367	97.0703
380.57	97.0866
379.777	97.1197
378.987	97.1557
378.201	97.1789
377.418	97.1879
376.638	97.1964
375.861	97.2178
375.087	97.2513
374.317	97.2838
373.55	97.3042
372.785	97.3147
372.024	97.3269
371.267	97.3488
370.512	97.3771
369.76	97.402
369.011	97.4183
368.266	97.4308
367.523	97.4474
366.783	97.4699
366.047	97.4919
365.313	97.5062
364.582	97.5119
363.854	97.5143
363.129	97.5172
362.407	97.5169
361.688	97.5053
360.971	97.4776
360.258	97.4362
359.547	97.3871
358.839	97.3324
358.134	97.2689
357.432	97.193
356.732	97.1064
356.035	97.0161
355.341	96.9288
354.649	96.8463
353.96	96.7673
353.274	96.6927
352.591	96.6276
351.91	96.5775
351.232	96.5425
350.556	96.5165
349.883	96.4937
349.213	96.4739
348.545	96.4619
347.879	96.4606
347.217	96.4663
346.556	96.4718
345.899	96.4732
345.243	96.4743
344.591	96.4811
343.94	96.4952
343.292	96.5106
342.647	96.5206
342.004	96.5248
341.363	96.5297
340.725	96.5412
340.089	96.5578
339.456	96.5718
338.825	96.5779
338.196	96.5791
337.569	96.5835
336.945	96.5954
336.324	96.6099
335.704	96.6186
335.087	96.6184
334.472	96.6157
333.859	96.619
333.249	96.6294
332.64	96.6393
332.034	96.6402
331.43	96.6327
330.829	96.6257
330.229	96.6268
329.632	96.6337
329.037	96.6366
328.444	96.6288
327.853	96.6149
327.264	96.606
326.678	96.6077
326.093	96.6141
325.511	96.6141
324.93	96.6041
324.352	96.592
323.776	96.5893
323.201	96.5984
322.629	96.6096
322.059	96.6116
321.491	96.6038
320.925	96.5968
320.361	96.6015
319.799	96.617
319.238	96.6314
318.68	96.6347
318.124	96.6289
317.57	96.6259
317.017	96.6341
316.467	96.6501
315.918	96.6625
315.371	96.6655
314.826	96.6643
314.284	96.6693
313.743	96.6839
313.203	96.7001
312.666	96.708
312.13	96.7068
311.597	96.7059
311.065	96.7148
310.535	96.7315
310.007	96.745
309.48	96.7475
308.956	96.7433
308.433	96.7449
307.912	96.7588
307.392	96.7776
306.875	96.7878
306.359	96.7844
305.845	96.7775
305.332	96.7818
304.821	96.8008
304.312	96.8223
303.805	96.8308
303.3	96.8239
302.796	96.8159
302.293	96.8229
301.793	96.8464
301.294	96.8711
300.797	96.8802
300.301	96.8719
299.807	96.8608
299.314	96.8626
298.824	96.8799
298.335	96.9011
297.847	96.9142
297.361	96.9183
296.877	96.9226
296.394	96.9348
295.912	96.9525
295.433	96.9675
294.955	96.9751
294.478	96.9792
294.003	96.9865
293.529	96.9984
293.057	97.0101
292.587	97.0168
292.118	97.0205
291.65	97.0265
291.184	97.0362
290.72	97.0434
290.257	97.0417
289.795	97.033
289.335	97.0276
288.877	97.0326
288.419	97.0431
287.964	97.0459
287.509	97.0334
287.057	97.0139
286.605	97.0041
286.155	97.0115
285.706	97.0256
285.259	97.0282
284.813	97.0139
284.369	96.9973
283.926	96.9986
283.484	97.0213
283.044	97.0464
282.605	97.0518
282.168	97.0361
281.731	97.0223
281.297	97.0338
280.863	97.0688
280.431	97.0997
280	97.1009
