1200	99.3745
1192.15	99.3736
1184.4	99.3778
1176.75	99.3853
1169.21	99.3931
1161.75	99.3981
1154.39	99.3981
1147.13	99.3927
1139.95	99.3834
1132.86	99.3732
1125.87	99.3654
1118.95	99.3625
1112.13	99.3651
1105.38	99.3721
1098.72	99.3805
1092.13	99.3868
1085.63	99.3884
1079.2	99.384
1072.84	99.3748
1066.56	99.3635
1060.36	99.3538
1054.23	99.3488
1048.16	99.3501
1042.17	99.3567
1036.24	99.3661
1030.38	99.3742
1024.59	99.3777
1018.86	99.3746
1013.2	99.3653
1007.6	99.3526
1002.06	99.3405
996.576	99.333
991.156	99.3326
985.795	99.339
980.491	99.3496
975.244	99.3599
970.053	99.3652
964.917	99.3626
959.835	99.3516
954.806	99.3351
949.83	99.3182
944.905	99.3062
940.031	99.3032
935.207	99.3101
930.433	99.3241
925.707	99.339
921.028	99.3477
916.397	99.3439
911.812	99.3251
907.273	99.2935
902.778	99.2557
898.328	99.2209
893.922	99.1985
889.559	99.1944
885.238	99.2091
880.958	99.2369
876.72	99.2675
872.523	99.2885
868.365	99.2896
864.247	99.2657
860.168	99.2191
856.127	99.1591
852.124	99.0997
848.159	99.0554
844.23	99.037
840.337	99.0478
836.48	99.0827
832.658	99.129
828.871	99.1702
825.118	99.1909
821.399	99.1816
817.714	99.1422
814.061	99.0817
810.441	99.0167
806.853	98.9659
803.296	98.9446
799.771	98.9595
796.277	99.0057
792.813	99.0677
789.379	99.1225
785.974	99.1463
782.599	99.1215
779.253	99.0423
775.935	98.918
772.645	98.772
769.383	98.6373
766.149	98.5491
762.941	98.5364
759.761	98.6151
756.606	98.7831
753.478	99.0203
750.376	99.2917
747.299	99.5541
744.247	99.7644
741.22	99.887
738.218	99.9002
735.239	99.7984
732.285	99.5918
729.354	99.3034
726.447	98.9632
723.563	98.6029
720.702	98.251
717.863	97.9299
715.046	97.6538
712.251	97.4293
709.479	97.2572
706.727	97.1338
703.997	97.0527
701.288	97.0068
698.6	96.9882
695.932	96.9891
693.285	97.002
690.657	97.0199
688.05	97.0371
685.462	97.0493
682.893	97.0546
680.344	97.0532
677.814	97.0477
675.302	97.0417
672.809	97.0391
670.334	97.0428
667.878	97.0539
665.439	97.0716
663.018	97.0931
660.615	97.1148
658.229	97.1331
655.86	97.1457
653.508	97.1521
651.173	97.1537
648.854	97.1531
646.553	97.1536
644.267	97.158
641.997	97.1674
639.744	97.1817
637.506	97.1988
635.283	97.2162
633.077	97.2309
630.885	97.2413
628.709	97.2467
626.547	97.2482
624.4	97.248
622.268	97.2487
620.151	97.2522
618.048	97.2596
615.959	97.2708
613.884	97.2841
611.823	97.2974
609.776	97.3085
607.742	97.316
605.723	97.3196
603.716	97.3202
601.723	97.3194
599.742	97.3193
597.775	97.3217
595.821	97.3272
593.879	97.3357
591.95	97.3458
590.034	97.3558
588.13	97.3639
586.238	97.3689
584.358	97.3706
582.49	97.3697
580.634	97.3678
578.79	97.3663
576.958	97.3669
575.137	97.3702
573.328	97.376
571.53	97.3832
569.743	97.3902
567.967	97.3956
566.203	97.398
564.449	97.3971
562.706	97.3934
560.974	97.388
559.253	97.3824
557.542	97.378
555.841	97.3759
554.151	97.3764
552.471	97.3795
550.802	97.3843
549.142	97.39
547.492	97.3958
545.852	97.4012
544.222	97.406
542.602	97.4102
540.991	97.4141
539.39	97.4177
537.798	97.421
536.216	97.4238
534.643	97.4258
533.079	97.4269
531.524	97.4272
529.979	97.4272
528.442	97.4276
526.914	97.4289
525.395	97.4316
523.885	97.4357
522.383	97.4405
520.89	97.4449
519.405	97.4476
517.929	97.4476
516.461	97.4444
515.002	97.4387
513.551	97.432
512.108	97.4262
510.673	97.4237
509.246	97.4258
507.827	97.4331
506.415	97.4444
505.012	97.4575
503.616	97.4695
502.229	97.4774
500.848	97.4794
499.476	97.4755
498.111	97.4672
496.753	97.4582
495.402	97.4524
494.059	97.4539
492.724	97.465
491.395	97.4857
490.074	97.5139
488.759	97.545
487.452	97.5737
486.152	97.5953
484.858	97.6066
483.572	97.6071
482.292	97.5992
481.019	97.5875
479.753	97.5776
478.493	97.5745
477.24	97.581
475.994	97.5975
474.754	97.6211
473.52	97.6468
472.293	97.6692
471.072	97.6835
469.858	97.6873
468.649	97.6811
467.447	97.6683
466.251	97.6542
465.062	97.6446
463.878	97.6437
462.7	97.6532
461.528	97.672
460.362	97.696
459.202	97.7196
458.048	97.7372
456.9	97.7449
455.757	97.7416
454.62	97.7291
453.489	97.7117
452.363	97.6949
451.243	97.6836
450.129	97.6808
449.02	97.6868
447.916	97.6993
446.818	97.7138
445.725	97.7255
444.638	97.7305
443.556	97.7271
442.479	97.7163
441.407	97.7014
440.34	97.6874
439.279	97.679
438.223	97.6795
437.171	97.6898
436.125	97.7086
435.084	97.7322
434.048	97.7561
433.017	97.7762
431.99	97.7899
430.969	97.7967
429.952	97.7982
428.94	97.7972
427.933	97.7971
426.93	97.8003
425.932	97.8077
424.939	97.8186
423.951	97.8312
422.967	97.8429
421.987	97.8518
421.012	97.8571
420.042	97.8595
419.076	97.8608
418.115	97.8632
417.158	97.8685
416.205	97.877
415.257	97.8874
414.313	97.897
413.373	97.9023
412.437	97.9
411.506	97.8885
410.579	97.868
409.656	97.8412
408.737	97.8123
407.823	97.786
406.912	97.7665
406.005	97.7563
405.103	97.7553
404.204	97.7616
403.31	97.7714
402.419	97.7807
401.533	97.7866
400.65	97.7877
399.771	97.7849
398.896	97.7806
398.025	97.7783
397.157	97.7812
396.294	97.791
395.434	97.8076
394.578	97.8288
393.725	97.8511
392.877	97.8709
392.031	97.8855
391.19	97.8937
390.352	97.8966
389.518	97.8974
388.687	97.8997
387.86	97.9075
387.036	97.9233
386.216	97.9476
385.399	97.979
384.586	98.0144
383.776	98.0502
382.969	98.083
382.166	98.1112
381.367	98.1346
380.57	98.1551
379.777	98.1755
378.987	98.1989
378.201	98.2278
377.418	98.2629
376.638	98.3034
375.861	98.3469
375.087	98.3904
374.317	98.4309
373.55	98.4667
372.785	98.4972
372.024	98.524
371.267	98.5492
370.512	98.576
369.76	98.6066
369.011	98.6421
368.266	98.6821
367.523	98.7239
366.783	98.7636
366.047	98.7962
365.313	98.8168
364.582	98.8208
363.854	98.8053
363.129	98.7684
362.407	98.7106
361.688	98.6337
360.971	98.5412
360.258	98.4378
359.547	98.3289
358.839	98.2202
358.134	98.1174
357.432	98.025
356.732	97.9466
356.035	97.8841
355.341	97.8375
354.649	97.8052
353.96	97.7846
353.274	97.7721
352.591	97.7645
351.91	97.7594
351.232	97.7554
350.556	97.7524
349.883	97.7515
349.213	97.7538
348.545	97.7608
347.879	97.7728
347.217	97.7894
346.556	97.8089
345.899	97.8293
345.243	97.8484
344.591	97.8645
343.94	97.8771
343.292	97.887
342.647	97.8957
342.004	97.9054
341.363	97.9179
340.725	97.9344
340.089	97.9549
339.456	97.9782
338.825	98.0023
338.196	98.0251
337.569	98.0448
336.945	98.0606
336.324	98.0731
335.704	98.0836
335.087	98.0942
334.472	98.1069
333.859	98.1229
333.249	98.1426
332.64	98.165
332.034	98.1884
331.43	98.2109
330.829	98.2308
330.229	98.2473
329.632	98.2606
329.037	98.2718
328.444	98.2827
327.853	98.2949
327.264	98.3096
326.678	98.3269
326.093	98.3462
325.511	98.3662
324.93	98.3852
324.352	98.4021
323.776	98.4163
323.201	98.4279
322.629	98.438
322.059	98.4478
321.491	98.4585
320.925	98.4708
320.361	98.4846
319.799	98.4991
319.238	98.5133
318.68	98.5258
318.124	98.5361
317.57	98.544
317.017	98.5503
316.467	98.556
315.918	98.5624
315.371	98.5703
314.826	98.5798
314.284	98.5904
313.743	98.6008
313.203	98.6098
312.666	98.6162
312.13	98.6197
311.597	98.6208
311.065	98.6207
310.535	98.6213
310.007	98.6242
309.48	98.6309
308.956	98.6416
308.433	98.6558
307.912	98.6722
307.392	98.6892
306.875	98.7052
306.359	98.719
305.845	98.7301
305.332	98.7388
304.821	98.7454
304.312	98.7506
303.805	98.7547
303.3	98.7577
302.796	98.7594
302.293	98.7596
301.793	98.7583
301.294	98.7562
300.797	98.7548
300.301	98.7559
299.807	98.7615
299.314	98.7728
298.824	98.7905
298.335	98.8136
297.847	98.8401
297.361	98.8674
296.877	98.8927
296.394	98.9138
295.912	98.93
295.433	98.9418
294.955	98.9511
294.478	98.9606
294.003	98.9728
293.529	98.9892
293.057	99.0103
292.587	99.0347
292.118	99.0601
291.65	99.0838
291.184	99.1035
290.72	99.118
290.257	99.1277
289.795	99.1341
289.335	99.1401
288.877	99.1482
288.419	99.1604
287.964	99.1774
287.509	99.1982
287.057	99.2207
286.605	99.2423
286.155	99.2605
285.706	99.2736
285.259	99.2814
284.813	99.2847
284.369	99.285
283.926	99.2838
283.484	99.2819
283.044	99.2793
282.605	99.2747
282.168	99.2664
281.731	99.253
281.297	99.234
280.863	99.2106
280.431	99.1853
280	99.162
