1200	98.7536
1192.15	98.7721
1184.4	98.7895
1176.75	98.8046
1169.21	98.8188
1161.75	98.8343
1154.39	98.8521
1147.13	98.8703
1139.95	98.8867
1132.86	98.9011
1125.87	98.9152
1118.95	98.9312
1112.13	98.9489
1105.38	98.9665
1098.72	98.982
1092.13	98.9958
1085.63	99.0099
1079.2	99.0261
1072.84	99.0437
1066.56	99.0604
1060.36	99.0749
1054.23	99.0881
1048.16	99.1023
1042.17	99.1186
1036.24	99.1358
1030.38	99.1515
1024.59	99.165
1018.86	99.1777
1013.2	99.1919
1007.6	99.2082
1002.06	99.2247
996.576	99.2392
991.156	99.2517
985.795	99.2641
980.491	99.2784
975.244	99.2944
970.053	99.31
964.917	99.3233
959.835	99.3349
954.806	99.347
949.83	99.3613
944.905	99.3769
940.031	99.3913
935.207	99.4033
930.433	99.4142
925.707	99.4261
921.028	99.4403
916.397	99.4552
911.812	99.4683
907.273	99.4791
902.778	99.4893
898.328	99.5011
893.922	99.5151
889.559	99.529
885.238	99.5407
880.958	99.5503
876.72	99.5599
872.523	99.5717
868.365	99.5852
864.247	99.598
860.168	99.6082
856.127	99.6167
852.124	99.6259
848.159	99.6375
844.23	99.6504
840.337	99.6618
836.48	99.6705
832.658	99.6779
828.871	99.6868
825.118	99.6982
821.399	99.7101
817.714	99.7199
814.061	99.727
810.441	99.7336
806.853	99.7422
803.296	99.753
799.771	99.7637
796.277	99.7717
792.813	99.7773
789.379	99.783
785.974	99.7913
782.599	99.8014
779.253	99.8106
775.935	99.8167
772.645	99.8206
769.383	99.8256
766.149	99.8334
762.941	99.8426
759.761	99.8499
756.606	99.8539
753.478	99.8563
750.376	99.8606
747.299	99.8678
744.247	99.8757
741.22	99.8809
738.218	99.8826
735.239	99.8836
732.285	99.8872
729.354	99.8937
726.447	99.9
723.563	99.9027
720.702	99.9021
717.863	99.9017
715.046	99.9047
712.251	99.9104
709.479	99.9148
706.727	99.9149
703.997	99.912
701.288	99.9103
698.6	99.9127
695.932	99.9175
693.285	99.9199
690.657	99.9173
688.05	99.9118
685.462	99.9087
682.893	99.9108
680.344	99.9155
677.814	99.9171
675.302	99.9123
672.809	99.9034
670.334	99.896
667.878	99.8939
665.439	99.8961
663.018	99.8981
660.615	99.8969
658.229	99.8925
655.86	99.8873
653.508	99.8827
651.173	99.8783
648.854	99.8733
646.553	99.8679
644.267	99.8633
641.997	99.8594
639.744	99.8542
637.506	99.8466
635.283	99.8377
633.077	99.8309
630.885	99.8276
628.709	99.825
626.547	99.8182
624.4	99.8059
622.268	99.7927
620.151	99.7856
618.048	99.7858
615.959	99.7859
613.884	99.7763
611.823	99.756
609.776	99.7362
607.742	99.7307
605.723	99.7412
603.716	99.7521
601.723	99.7429
599.742	99.7087
597.775	99.6682
595.821	99.6507
593.879	99.6688
591.95	99.7052
590.034	99.725
588.13	99.7062
586.238	99.6595
584.358	99.6191
582.49	99.6111
580.634	99.6302
578.79	99.6457
576.958	99.6318
575.137	99.5929
573.328	99.5585
571.53	99.5538
569.743	99.5743
567.967	99.5895
566.203	99.5738
564.449	99.5318
562.706	99.4943
560.974	99.4876
559.253	99.5066
557.542	99.5199
555.841	99.5007
554.151	99.454
552.471	99.4118
550.802	99.4013
549.142	99.4169
547.492	99.4261
545.852	99.4019
544.222	99.3507
542.602	99.3059
540.991	99.2943
539.39	99.3079
537.798	99.3121
536.216	99.2802
534.643	99.2221
533.079	99.1748
531.524	99.1657
529.979	99.1834
528.442	99.1879
526.914	99.1502
525.395	99.0826
523.885	99.0288
522.383	99.0212
520.89	99.0486
519.405	99.0651
517.929	99.0337
516.461	98.9613
515.002	98.8921
513.551	98.8646
512.108	98.876
510.673	98.8868
509.246	98.8612
507.827	98.8026
506.415	98.7487
505.012	98.733
503.616	98.751
502.229	98.7651
500.848	98.7429
499.476	98.689
498.111	98.6391
496.753	98.6222
495.402	98.6298
494.059	98.6227
492.724	98.5689
491.395	98.4748
490.074	98.3781
488.759	98.3113
487.452	98.2721
486.152	98.2303
484.858	98.1623
483.572	98.0771
482.292	98.0083
481.019	97.9794
479.753	97.98
478.493	97.9763
477.24	97.9454
475.994	97.8972
474.754	97.8626
473.52	97.8602
472.293	97.8762
471.072	97.8792
469.858	97.8532
468.649	97.8151
467.447	97.7978
466.251	97.8158
465.062	97.8499
463.878	97.8661
462.7	97.8508
461.528	97.8248
460.362	97.8224
459.202	97.8554
458.048	97.9004
456.9	97.9212
455.757	97.9062
454.62	97.8798
453.489	97.8781
452.363	97.9121
451.243	97.9558
450.129	97.973
449.02	97.9539
447.916	97.9265
446.818	97.928
445.725	97.9677
444.638	98.0172
443.556	98.0387
442.479	98.0241
441.407	98.0027
440.34	98.0124
439.279	98.0608
438.223	98.1178
437.171	98.1459
436.125	98.1386
435.084	98.1271
434.048	98.1488
433.017	98.2093
431.99	98.2768
430.969	98.315
429.952	98.3205
428.94	98.3268
427.933	98.3697
426.93	98.4496
425.932	98.5284
424.939	98.5663
423.951	98.5616
422.967	98.5525
421.987	98.5789
421.012	98.6407
420.042	98.6946
419.076	98.6921
418.115	98.6231
417.158	98.5209
416.205	98.4263
415.257	98.3454
414.313	98.2454
413.373	98.0905
412.437	97.8831
411.506	97.6687
410.579	97.4986
409.656	97.3873
408.737	97.3054
407.823	97.2131
406.912	97.1012
406.005	96.9985
405.103	96.9406
404.204	96.9322
403.31	96.9416
402.419	96.9309
401.533	96.8922
400.65	96.8527
399.771	96.8452
398.896	96.8736
398.025	96.909
397.157	96.919
396.294	96.8995
395.434	96.8779
394.578	96.8841
393.725	96.9205
392.877	96.9595
392.031	96.9722
391.19	96.957
390.352	96.9408
389.518	96.9511
388.687	96.9882
387.86	97.0256
387.036	97.0372
386.216	97.0232
385.399	97.0097
384.586	97.0216
383.776	97.0578
382.969	97.0927
382.166	97.1028
381.367	97.0898
380.57	97.0785
379.777	97.0916
378.987	97.1267
378.201	97.1595
377.418	97.1685
376.638	97.1567
375.861	97.1476
375.087	97.1616
374.317	97.1957
373.55	97.227
372.785	97.2359
372.024	97.2257
371.267	97.2184
370.512	97.2328
369.76	97.2662
369.011	97.298
368.266	97.3107
367.523	97.306
366.783	97.302
366.047	97.3141
365.313	97.3397
364.582	97.3631
363.854	97.3718
363.129	97.3697
362.407	97.3722
361.688	97.3902
360.971	97.4189
360.258	97.4428
359.547	97.4517
358.839	97.4498
358.134	97.4512
357.432	97.465
356.732	97.4872
356.035	97.5054
355.341	97.512
354.649	97.5109
353.96	97.5124
353.274	97.5224
352.591	97.5368
351.91	97.5471
351.232	97.5493
350.556	97.548
349.883	97.5501
349.213	97.5572
348.545	97.5639
347.879	97.5637
347.217	97.5556
346.556	97.5445
345.899	97.5343
345.243	97.5231
344.591	97.5046
343.94	97.4748
343.292	97.4363
342.647	97.3951
342.004	97.3541
341.363	97.3097
340.725	97.257
340.089	97.1964
339.456	97.1353
338.825	97.0817
338.196	97.0367
337.569	96.9941
336.945	96.9484
336.324	96.9018
335.704	96.8641
335.087	96.843
334.472	96.8358
333.859	96.8316
333.249	96.8215
332.64	96.8074
332.034	96.8
331.43	96.8067
330.829	96.8229
330.229	96.8349
329.632	96.8331
329.037	96.8212
328.444	96.8128
327.853	96.8179
327.264	96.8335
326.678	96.8468
326.093	96.8485
325.511	96.8427
324.93	96.8421
324.352	96.8548
323.776	96.8756
323.201	96.8911
322.629	96.8934
322.059	96.8882
321.491	96.889
320.925	96.9029
320.361	96.9231
319.799	96.9359
319.238	96.9349
318.68	96.9277
318.124	96.9282
317.57	96.9418
317.017	96.9599
316.467	96.9686
315.918	96.9631
315.371	96.9533
314.826	96.9531
314.284	96.9663
313.743	96.9821
313.203	96.9866
312.666	96.9771
312.13	96.9656
311.597	96.9665
311.065	96.9811
310.535	96.9966
310.007	96.9985
309.48	96.9868
308.956	96.9756
308.433	96.9793
307.912	96.997
307.392	97.013
306.875	97.0133
306.359	97
305.845	96.99
305.332	96.9972
304.821	97.0176
304.312	97.0329
303.805	97.0295
303.3	97.0135
302.796	97.005
302.293	97.017
301.793	97.0404
301.294	97.0512
300.797	97.0348
300.301	97.0024
299.807	96.9823
299.314	96.9925
298.824	97.0224
298.335	97.042
297.847	97.0313
297.361	97.0001
296.877	96.9795
296.394	96.9911
295.912	97.0253
295.433	97.05
294.955	97.0423
294.478	97.0117
294.003	96.9908
293.529	97.0035
293.057	97.0409
292.587	97.0695
292.118	97.0644
291.65	97.0337
291.184	97.0111
290.72	97.0216
290.257	97.057
289.795	97.084
289.335	97.0779
288.877	97.0485
288.419	97.0303
287.964	97.0488
287.509	97.0935
287.057	97.1279
286.605	97.1254
286.155	97.0966
285.706	97.0797
285.259	97.1029
284.813	97.1558
284.369	97.1982
283.926	97.1985
283.484	97.1647
283.044	97.1373
282.605	97.15
282.168	97.1975
281.731	97.2405
281.297	97.2434
280.863	97.2087
280.431	97.1743
280	97.1769
