1200	98.6817
1192.15	98.6992
1184.4	98.7179
1176.75	98.7373
1169.21	98.7562
1161.75	98.7738
1154.39	98.7908
1147.13	98.8086
1139.95	98.8275
1132.86	98.8465
1125.87	98.8643
1118.95	98.8811
1112.13	98.898
1105.38	98.916
1098.72	98.9348
1092.13	98.9528
1085.63	98.9696
1079.2	98.9857
1072.84	99.0027
1066.56	99.0208
1060.36	99.0389
1054.23	99.0557
1048.16	99.0714
1042.17	99.0873
1036.24	99.1044
1030.38	99.1221
1024.59	99.139
1018.86	99.1545
1013.2	99.1696
1007.6	99.1854
1002.06	99.2024
996.576	99.2192
991.156	99.2346
985.795	99.249
980.491	99.2637
975.244	99.2795
970.053	99.2958
964.917	99.3113
959.835	99.3253
954.806	99.3389
949.83	99.3534
944.905	99.3689
940.031	99.3842
935.207	99.3981
930.433	99.4108
925.707	99.4239
921.028	99.4382
916.397	99.453
911.812	99.4668
907.273	99.4791
902.778	99.4909
898.328	99.5038
893.922	99.5177
889.559	99.5313
885.238	99.5433
880.958	99.5542
876.72	99.5655
872.523	99.5781
868.365	99.5912
864.247	99.6031
860.168	99.6133
856.127	99.6232
852.124	99.6342
848.159	99.6463
844.23	99.658
840.337	99.6679
836.48	99.6766
832.658	99.6858
828.871	99.6965
825.118	99.7076
821.399	99.7173
817.714	99.7252
814.061	99.7327
810.441	99.7416
806.853	99.7516
803.296	99.7611
799.771	99.7685
796.277	99.7746
792.813	99.7814
789.379	99.7898
785.974	99.7986
782.599	99.8058
779.253	99.8108
775.935	99.8156
772.645	99.8219
769.383	99.8295
766.149	99.8363
762.941	99.8408
759.761	99.8438
756.606	99.8477
753.478	99.8535
750.376	99.8596
747.299	99.8638
744.247	99.8655
741.22	99.8669
738.218	99.8702
735.239	99.8751
732.285	99.879
729.354	99.88
726.447	99.8793
723.563	99.8798
720.702	99.8826
717.863	99.8859
715.046	99.8866
712.251	99.8844
709.479	99.882
706.727	99.882
703.997	99.884
701.288	99.8847
698.6	99.8818
695.932	99.8768
693.285	99.8736
690.657	99.8734
688.05	99.8738
685.462	99.8709
682.893	99.8643
680.344	99.8575
677.814	99.8543
675.302	99.8536
672.809	99.8513
670.334	99.8441
667.878	99.8344
665.439	99.8271
663.018	99.8244
660.615	99.8224
658.229	99.816
655.86	99.8044
653.508	99.7928
651.173	99.7865
648.854	99.7843
646.553	99.7796
644.267	99.7679
641.997	99.7524
639.744	99.741
637.506	99.7372
635.283	99.7349
633.077	99.7253
630.885	99.707
628.709	99.689
626.547	99.681
624.4	99.6821
622.268	99.68
620.151	99.6641
618.048	99.638
615.959	99.6176
613.884	99.6143
611.823	99.6226
609.776	99.6245
607.742	99.609
605.723	99.5845
603.716	99.5698
601.723	99.5725
599.742	99.5786
597.775	99.5666
595.821	99.5334
593.879	99.5011
591.95	99.4974
590.034	99.5246
588.13	99.5533
586.238	99.5489
584.358	99.506
582.49	99.4555
580.634	99.4346
578.79	99.45
576.958	99.4713
575.137	99.4632
573.328	99.4226
571.53	99.381
569.743	99.3716
567.967	99.3929
566.203	99.41
564.449	99.392
562.706	99.345
560.974	99.3067
559.253	99.306
557.542	99.3316
555.841	99.3428
554.151	99.3127
552.471	99.2578
550.802	99.2215
549.142	99.229
547.492	99.2596
545.852	99.2679
544.222	99.2305
542.602	99.1715
540.991	99.1386
539.39	99.1542
537.798	99.1929
536.216	99.2074
534.643	99.176
533.079	99.1228
531.524	99.0909
529.979	99.0981
528.442	99.1206
526.914	99.1211
525.395	99.0886
523.885	99.049
522.383	99.0358
520.89	99.0548
519.405	99.0786
517.929	99.0766
516.461	99.0471
515.002	99.0174
513.551	99.0133
512.108	99.0321
510.673	99.047
509.246	99.0363
507.827	99.0063
506.415	98.9823
505.012	98.9807
503.616	98.9918
502.229	98.9917
500.848	98.9688
499.476	98.9362
498.111	98.9162
496.753	98.9163
495.402	98.9218
494.059	98.9131
492.724	98.887
491.395	98.8595
490.074	98.8476
488.759	98.8503
487.452	98.8512
486.152	98.8366
484.858	98.8108
483.572	98.7905
482.292	98.7858
481.019	98.7895
479.753	98.7856
478.493	98.7673
477.24	98.7444
475.994	98.7317
474.754	98.7325
473.52	98.7354
472.293	98.7271
471.072	98.7076
469.858	98.6898
468.649	98.6847
467.447	98.6893
466.251	98.6905
465.062	98.6797
463.878	98.6627
462.7	98.6527
461.528	98.6558
460.362	98.6641
459.202	98.6653
458.048	98.6564
456.9	98.6472
455.757	98.6493
454.62	98.6629
453.489	98.6773
452.363	98.683
451.243	98.6826
450.129	98.6878
449.02	98.706
447.916	98.732
446.818	98.7534
445.725	98.7645
444.638	98.7715
443.556	98.784
442.479	98.8023
441.407	98.8142
440.34	98.8062
439.279	98.7766
438.223	98.7356
437.171	98.6933
436.125	98.6494
435.084	98.5958
434.048	98.5302
433.017	98.4638
431.99	98.4134
430.969	98.3864
429.952	98.3737
428.94	98.3599
427.933	98.3397
426.93	98.3229
425.932	98.3227
424.939	98.3401
423.951	98.3604
422.967	98.3673
421.987	98.3566
421.012	98.337
420.042	98.316
419.076	98.2872
418.115	98.2338
417.158	98.144
416.205	98.0221
415.257	97.8841
414.313	97.742
413.373	97.5971
412.437	97.4462
411.506	97.2956
410.579	97.1623
409.656	97.061
408.737	96.9903
407.823	96.9329
406.912	96.8738
406.005	96.8148
405.103	96.7718
404.204	96.7565
403.31	96.7615
402.419	96.7668
401.533	96.7593
400.65	96.7459
399.771	96.7443
398.896	96.7631
398.025	96.7904
397.157	96.8069
396.294	96.8063
395.434	96.8028
394.578	96.8159
393.725	96.8482
392.877	96.8816
392.031	96.8954
391.19	96.8894
390.352	96.8845
389.518	96.9016
388.687	96.9393
387.86	96.9756
387.036	96.9908
386.216	96.9886
385.399	96.992
384.586	97.0188
383.776	97.062
382.969	97.0978
382.166	97.1106
381.367	97.1103
380.57	97.1212
379.777	97.1559
378.987	97.2009
378.201	97.2311
377.418	97.2367
376.638	97.2347
375.861	97.2509
375.087	97.2932
374.317	97.3423
373.55	97.3722
372.785	97.3776
372.024	97.3795
371.267	97.403
370.512	97.4504
369.76	97.4981
369.011	97.5207
368.266	97.5166
367.523	97.5087
366.783	97.5189
366.047	97.5448
365.313	97.5606
364.582	97.5425
363.854	97.4909
363.129	97.4264
362.407	97.3667
361.688	97.3082
360.971	97.2334
360.258	97.1332
359.547	97.0204
358.839	96.9187
358.134	96.8403
357.432	96.7757
356.732	96.7074
356.035	96.6315
355.341	96.5631
354.649	96.5204
353.96	96.5046
353.274	96.4974
352.591	96.48
351.91	96.4522
351.232	96.4311
350.556	96.4317
349.883	96.4491
349.213	96.4628
348.545	96.4577
347.879	96.4397
347.217	96.4284
346.556	96.4353
345.899	96.4511
345.243	96.4556
344.591	96.4391
343.94	96.4128
343.292	96.3961
342.647	96.3964
342.004	96.4013
341.363	96.3932
340.725	96.3688
340.089	96.3429
339.456	96.3328
338.825	96.3398
338.196	96.3484
337.569	96.3436
336.945	96.3274
336.324	96.316
335.704	96.3223
335.087	96.3411
334.472	96.3553
333.859	96.354
333.249	96.3445
332.64	96.3438
332.034	96.3599
331.43	96.3829
330.829	96.3959
330.229	96.3932
329.632	96.3866
329.037	96.3922
328.444	96.413
327.853	96.4353
327.264	96.4441
326.678	96.439
326.093	96.4349
325.511	96.4456
324.93	96.4686
324.352	96.4881
323.776	96.4922
323.201	96.4857
322.629	96.485
322.059	96.5002
321.491	96.5239
320.925	96.5396
320.361	96.5394
319.799	96.533
319.238	96.5365
318.68	96.5555
318.124	96.5784
317.57	96.5895
317.017	96.586
316.467	96.5807
315.918	96.5887
315.371	96.6102
314.826	96.6309
314.284	96.6371
313.743	96.6308
313.203	96.6274
312.666	96.6393
312.13	96.6625
311.597	96.6811
311.065	96.6838
310.535	96.6758
310.007	96.6731
309.48	96.6853
308.956	96.7066
308.433	96.7229
307.912	96.7271
307.392	96.726
306.875	96.7315
306.359	96.7472
305.845	96.7649
305.332	96.7748
304.821	96.7762
304.312	96.7782
303.805	96.7882
303.3	96.8037
302.796	96.8153
302.293	96.8188
301.793	96.8205
301.294	96.8299
300.797	96.8477
300.301	96.8624
299.807	96.8631
299.314	96.8523
298.824	96.8462
298.335	96.8592
297.847	96.8883
297.361	96.915
296.877	96.9233
296.394	96.9162
295.912	96.9123
295.433	96.9269
294.955	96.9554
294.478	96.9784
294.003	96.9818
293.529	96.9717
293.057	96.9682
292.587	96.9844
292.118	97.0128
291.65	97.0331
291.184	97.033
290.72	97.021
290.257	97.0168
289.795	97.0313
289.335	97.056
288.877	97.0729
288.419	97.0737
287.964	97.0678
287.509	97.071
287.057	97.0886
286.605	97.11
286.155	97.1205
285.706	97.1174
285.259	97.1119
284.813	97.1162
284.369	97.1304
283.926	97.1421
283.484	97.1403
283.044	97.1272
282.605	97.1152
282.168	97.1136
281.731	97.1194
281.297	97.1209
280.863	97.1117
280.431	97.0974
280	97.0896
