1200	98.9097
1192.15	98.9196
1184.4	98.9268
1176.75	98.937
1169.21	98.953
1161.75	98.9719
1154.39	98.988
1147.13	98.9984
1139.95	99.0055
1132.86	99.015
1125.87	99.0301
1118.95	99.0486
1112.13	99.0651
1105.38	99.076
1098.72	99.0831
1092.13	99.0918
1085.63	99.1059
1079.2	99.124
1072.84	99.1407
1066.56	99.152
1060.36	99.1591
1054.23	99.1671
1048.16	99.1802
1042.17	99.1977
1036.24	99.2145
1030.38	99.2263
1024.59	99.2334
1018.86	99.2407
1013.2	99.2527
1007.6	99.2695
1002.06	99.2864
996.576	99.2986
991.156	99.3057
985.795	99.3123
980.491	99.3232
975.244	99.3392
970.053	99.356
964.917	99.3685
959.835	99.3758
954.806	99.3817
949.83	99.3915
944.905	99.4066
940.031	99.4232
935.207	99.436
930.433	99.4433
925.707	99.4487
921.028	99.4573
916.397	99.4714
911.812	99.4877
907.273	99.5008
902.778	99.5083
898.328	99.5131
893.922	99.5206
889.559	99.5336
885.238	99.5495
880.958	99.5629
876.72	99.5706
872.523	99.5749
868.365	99.5812
864.247	99.593
860.168	99.6084
856.127	99.6219
852.124	99.6298
848.159	99.6336
844.23	99.6388
840.337	99.6493
836.48	99.664
832.658	99.6776
828.871	99.6857
825.118	99.6891
821.399	99.693
817.714	99.7021
814.061	99.7159
810.441	99.7295
806.853	99.7378
803.296	99.7408
799.771	99.7434
796.277	99.7509
792.813	99.7637
789.379	99.777
785.974	99.7855
782.599	99.7881
779.253	99.7895
775.935	99.7953
772.645	99.8068
769.383	99.8197
766.149	99.8282
762.941	99.8305
759.761	99.8305
756.606	99.8344
753.478	99.8444
750.376	99.8567
747.299	99.8651
744.247	99.8669
741.22	99.8654
738.218	99.867
735.239	99.8749
732.285	99.886
729.354	99.8936
726.447	99.8942
723.563	99.8903
720.702	99.8888
717.863	99.8938
715.046	99.9031
712.251	99.9102
709.479	99.9104
706.727	99.9058
703.997	99.9032
701.288	99.9078
698.6	99.918
695.932	99.9271
693.285	99.9291
690.657	99.9249
688.05	99.9212
685.462	99.9242
682.893	99.9337
680.344	99.9431
677.814	99.9455
675.302	99.9405
672.809	99.9346
670.334	99.9351
667.878	99.9431
665.439	99.9524
663.018	99.9551
660.615	99.9494
658.229	99.9414
655.86	99.9392
653.508	99.9456
651.173	99.9546
648.854	99.9577
646.553	99.9515
644.267	99.9413
641.997	99.9363
639.744	99.9405
637.506	99.949
635.283	99.9522
633.077	99.9452
630.885	99.9324
628.709	99.9235
626.547	99.9246
624.4	99.9315
622.268	99.934
620.151	99.9252
618.048	99.9083
615.959	99.8939
613.884	99.8898
611.823	99.8931
609.776	99.8927
607.742	99.8798
605.723	99.856
603.716	99.8325
601.723	99.8192
599.742	99.8149
597.775	99.8077
595.821	99.786
593.879	99.7498
591.95	99.7109
590.034	99.6819
588.13	99.6636
586.238	99.6435
584.358	99.6068
582.49	99.551
580.634	99.489
578.79	99.4374
576.958	99.4003
575.137	99.3644
573.328	99.3108
571.53	99.2338
569.743	99.1479
567.967	99.0759
566.203	99.027
564.449	98.9872
562.706	98.9304
560.974	98.844
559.253	98.7439
557.542	98.6635
555.841	98.6239
554.151	98.6118
552.471	98.5871
550.802	98.5169
549.142	98.4085
547.492	98.3098
545.852	98.2732
544.222	98.311
542.602	98.3806
540.991	98.4135
539.39	98.3689
537.798	98.2661
536.216	98.1689
534.643	98.1344
533.079	98.1673
531.524	98.2188
529.979	98.2299
528.442	98.1818
526.914	98.1106
525.395	98.0739
523.885	98.0996
522.383	98.1611
520.89	98.2008
519.405	98.1809
517.929	98.1161
516.461	98.0608
515.002	98.0606
513.551	98.1122
512.108	98.1668
510.673	98.1726
509.246	98.1205
507.827	98.0517
506.415	98.0206
505.012	98.0475
503.616	98.101
502.229	98.1266
500.848	98.0955
499.476	98.0292
498.111	97.98
496.753	97.9839
495.402	98.0291
494.059	98.0676
492.724	98.0585
491.395	98.0047
490.074	97.9492
488.759	97.9362
487.452	97.971
486.152	98.0159
484.858	98.0247
483.572	97.9851
482.292	97.9292
481.019	97.9042
479.753	97.9286
478.493	97.9755
477.24	97.9968
475.994	97.9679
474.754	97.912
473.52	97.8801
472.293	97.9052
471.072	97.9715
469.858	98.0257
468.649	98.0239
467.447	97.9698
466.251	97.9131
465.062	97.9064
463.878	97.9598
462.7	98.032
461.528	98.0663
460.362	98.0399
459.202	97.9831
458.048	97.9518
456.9	97.9782
455.757	98.0428
454.62	98.0921
453.489	98.0859
452.363	98.0323
451.243	97.98
450.129	97.9749
449.02	98.0201
447.916	98.0745
446.818	98.0897
445.725	98.0533
444.638	97.9986
443.556	97.9745
442.479	98.002
441.407	98.0562
440.34	98.0896
439.279	98.0746
438.223	98.0275
437.171	97.9933
436.125	98.0048
435.084	98.0536
434.048	98.0989
433.017	98.1039
431.99	98.0687
430.969	98.0297
429.952	98.0259
428.94	98.0645
427.933	98.1148
426.93	98.1364
425.932	98.1156
424.939	98.0768
423.951	98.0603
422.967	98.0856
421.987	98.1349
421.012	98.169
420.042	98.1636
419.076	98.1301
418.115	98.1053
417.158	98.1175
416.205	98.1617
415.257	98.2046
414.313	98.215
413.373	98.1919
412.437	98.165
411.506	98.1675
410.579	98.2065
409.656	98.2574
408.737	98.2864
407.823	98.2817
406.912	98.2634
406.005	98.265
405.103	98.3025
404.204	98.3597
403.31	98.4028
402.419	98.41
401.533	98.3911
400.65	98.3773
399.771	98.3934
398.896	98.4355
398.025	98.4758
397.157	98.488
396.294	98.4718
395.434	98.4531
394.578	98.4602
393.725	98.4985
392.877	98.5461
392.031	98.5736
391.19	98.5712
390.352	98.557
389.518	98.5606
388.687	98.596
387.86	98.6495
387.036	98.6921
386.216	98.7062
385.399	98.701
384.586	98.7045
383.776	98.7374
382.969	98.7951
382.166	98.8517
381.367	98.8841
380.57	98.8925
379.777	98.9002
378.987	98.9325
378.201	98.9935
377.418	99.0631
376.638	99.1151
375.861	99.1413
375.087	99.1583
374.317	99.1928
373.55	99.2572
372.785	99.3387
372.024	99.4108
371.267	99.4577
370.512	99.488
369.76	99.5265
369.011	99.5917
368.266	99.6786
367.523	99.7629
366.783	99.8222
366.047	99.8549
365.313	99.8797
364.582	99.9166
363.854	99.9661
363.129	100.006
362.407	100.009
361.688	99.9621
360.971	99.875
360.258	99.7677
359.547	99.6492
358.839	99.5087
358.134	99.3255
357.432	99.0904
356.732	98.8176
356.035	98.5379
355.341	98.2783
354.649	98.0464
353.96	97.8326
353.274	97.6263
352.591	97.4304
351.91	97.2609
351.232	97.133
350.556	97.0456
349.883	96.9811
349.213	96.9194
348.545	96.8539
347.879	96.7944
347.217	96.755
346.556	96.7379
345.899	96.729
345.243	96.709
344.591	96.6706
343.94	96.6252
343.292	96.5931
342.647	96.5855
342.004	96.5952
341.363	96.6033
340.725	96.5971
340.089	96.5815
339.456	96.5743
338.825	96.5892
338.196	96.6222
337.569	96.6549
336.945	96.67
336.324	96.6671
335.704	96.6623
335.087	96.6735
334.472	96.7037
333.859	96.7381
333.249	96.7573
332.64	96.7555
332.034	96.7454
331.43	96.7471
330.829	96.7695
330.229	96.8019
329.632	96.824
329.037	96.8242
328.444	96.8108
327.853	96.8041
327.264	96.8187
326.678	96.8491
326.093	96.8753
325.511	96.8804
324.93	96.8666
324.352	96.8537
323.776	96.8609
323.201	96.8896
322.629	96.9213
322.059	96.9342
321.491	96.9231
320.925	96.9053
320.361	96.9054
319.799	96.9333
319.238	96.9746
318.68	97.0024
318.124	97.0001
317.57	96.9771
317.017	96.961
316.467	96.9751
315.918	97.0186
315.371	97.0677
314.826	97.0956
314.284	97.0945
313.743	97.0803
313.203	97.0775
312.666	97.0968
312.13	97.1266
311.597	97.1435
311.065	97.134
310.535	97.1065
310.007	97.0845
309.48	97.0864
308.956	97.111
308.433	97.1393
307.912	97.1519
307.392	97.1449
306.875	97.1318
306.359	97.1306
305.845	97.1481
305.332	97.1747
304.821	97.1947
304.312	97.1998
303.805	97.1958
303.3	97.1957
302.796	97.2073
302.293	97.2269
301.793	97.2436
301.294	97.2501
300.797	97.2487
300.301	97.2483
299.807	97.2552
299.314	97.2671
298.824	97.2763
298.335	97.2779
297.847	97.2741
297.361	97.2726
296.877	97.2779
296.394	97.287
295.912	97.2925
295.433	97.2904
294.955	97.2845
294.478	97.2832
294.003	97.2909
293.529	97.3031
293.057	97.3105
292.587	97.308
292.118	97.3003
291.65	97.2982
291.184	97.3083
290.72	97.3258
290.257	97.3381
289.795	97.337
289.335	97.3264
288.877	97.3202
288.419	97.3296
287.964	97.3514
287.509	97.3706
287.057	97.3729
286.605	97.359
286.155	97.345
285.706	97.3485
285.259	97.3718
284.813	97.3987
284.369	97.4079
283.926	97.3926
283.484	97.3682
283.044	97.36
282.605	97.3806
282.168	97.417
281.731	97.4404
281.297	97.4302
280.863	97.393
280.431	97.3582
280	97.3542
