1200	99.0222
1192.15	99.0376
1184.4	99.0479
1176.75	99.0528
1169.21	99.0572
1161.75	99.0665
1154.39	99.0814
1147.13	99.0966
1139.95	99.1068
1132.86	99.1115
1125.87	99.1157
1118.95	99.1249
1112.13	99.1396
1105.38	99.1547
1098.72	99.1647
1092.13	99.1692
1085.63	99.1732
1079.2	99.1823
1072.84	99.1969
1066.56	99.2119
1060.36	99.2218
1054.23	99.2261
1048.16	99.2298
1042.17	99.2387
1036.24	99.2532
1030.38	99.2682
1024.59	99.2779
1018.86	99.2819
1013.2	99.2854
1007.6	99.2941
1002.06	99.3085
996.576	99.3234
991.156	99.3329
985.795	99.3366
980.491	99.3397
975.244	99.3482
970.053	99.3625
964.917	99.3774
959.835	99.3868
954.806	99.3901
949.83	99.3928
944.905	99.401
940.031	99.4153
935.207	99.4302
930.433	99.4394
925.707	99.4424
921.028	99.4446
916.397	99.4525
911.812	99.4668
907.273	99.4817
902.778	99.4908
898.328	99.4933
893.922	99.4949
889.559	99.5025
885.238	99.5169
880.958	99.532
876.72	99.5409
872.523	99.5428
868.365	99.5438
864.247	99.5511
860.168	99.5655
856.127	99.5809
852.124	99.5897
848.159	99.591
844.23	99.5912
840.337	99.5981
836.48	99.6127
832.658	99.6284
828.871	99.6372
825.118	99.6377
821.399	99.637
817.714	99.6434
814.061	99.6584
810.441	99.6746
806.853	99.6833
803.296	99.6829
799.771	99.681
796.277	99.6869
792.813	99.7022
789.379	99.7192
785.974	99.7279
782.599	99.7264
779.253	99.7229
775.935	99.7281
772.645	99.744
769.383	99.7621
766.149	99.7709
762.941	99.7678
759.761	99.7623
756.606	99.7665
753.478	99.7835
750.376	99.8032
747.299	99.8121
744.247	99.8069
741.22	99.7984
738.218	99.8015
735.239	99.8204
732.285	99.843
729.354	99.8523
726.447	99.8432
723.563	99.8291
720.702	99.8306
717.863	99.8549
715.046	99.8869
712.251	99.901
709.479	99.884
706.727	99.8493
703.997	99.8268
701.288	99.8369
698.6	99.8727
695.932	99.9057
693.285	99.9118
690.657	99.8929
688.05	99.8748
685.462	99.8816
682.893	99.9115
680.344	99.937
677.814	99.9303
675.302	99.8913
672.809	99.8512
670.334	99.8464
667.878	99.8856
665.439	99.9404
663.018	99.9682
660.615	99.9495
658.229	99.9048
655.86	99.8761
653.508	99.8902
651.173	99.9347
648.854	99.9703
646.553	99.9665
644.267	99.9291
641.997	99.8944
639.744	99.8956
637.506	99.9325
635.283	99.9718
633.077	99.9784
630.885	99.9471
628.709	99.9076
626.547	99.8965
624.4	99.924
622.268	99.9647
620.151	99.9813
618.048	99.9589
615.959	99.9185
613.884	99.8971
611.823	99.9135
609.776	99.9514
607.742	99.975
605.723	99.9619
603.716	99.924
601.723	99.8953
599.742	99.9009
597.775	99.9333
595.821	99.9605
593.879	99.9556
591.95	99.9217
590.034	99.8883
588.13	99.8839
586.238	99.9093
584.358	99.9376
582.49	99.9392
580.634	99.9098
578.79	99.8733
576.958	99.8597
575.137	99.8768
573.328	99.9037
571.53	99.9102
569.743	99.8851
567.967	99.8463
566.203	99.8239
564.449	99.8316
562.706	99.8548
560.974	99.8643
559.253	99.8435
557.542	99.804
555.841	99.774
554.151	99.7725
552.471	99.7916
550.802	99.8046
549.142	99.791
547.492	99.7558
545.852	99.7244
544.222	99.719
542.602	99.7388
540.991	99.7614
539.39	99.7645
537.798	99.7469
536.216	99.7297
534.643	99.7364
533.079	99.7708
531.524	99.8134
529.979	99.8381
528.442	99.8335
526.914	99.8086
525.395	99.7775
523.885	99.7394
522.383	99.6734
520.89	99.5543
519.405	99.3774
517.929	99.1675
516.461	98.9651
515.002	98.8007
513.551	98.6778
512.108	98.5795
510.673	98.4902
509.246	98.4114
507.827	98.3594
506.415	98.3464
505.012	98.3662
503.616	98.3967
502.229	98.4181
500.848	98.4288
499.476	98.4447
498.111	98.4819
496.753	98.5391
495.402	98.5946
494.059	98.6213
492.724	98.6045
491.395	98.5476
490.074	98.461
488.759	98.3466
487.452	98.1943
486.152	97.9933
484.858	97.7494
483.572	97.4901
482.292	97.2521
481.019	97.06
479.753	96.9143
478.493	96.7981
477.24	96.6947
475.994	96.6018
474.754	96.5298
473.52	96.4878
472.293	96.4715
471.072	96.4648
469.858	96.4522
468.649	96.4314
467.447	96.4132
466.251	96.4096
465.062	96.4218
463.878	96.4383
462.7	96.4457
461.528	96.4404
460.362	96.4321
459.202	96.4335
458.048	96.4487
456.9	96.4691
455.757	96.4816
454.62	96.4806
453.489	96.4735
452.363	96.4732
451.243	96.4861
450.129	96.5062
449.02	96.5206
447.916	96.5218
446.818	96.5143
445.725	96.5107
444.638	96.5197
443.556	96.5382
442.479	96.554
441.407	96.5571
440.34	96.549
439.279	96.5417
438.223	96.5461
437.171	96.5624
436.125	96.5795
435.084	96.5852
434.048	96.5773
433.017	96.5657
431.99	96.5643
430.969	96.5782
429.952	96.5992
428.94	96.6128
427.933	96.611
426.93	96.5989
425.932	96.5902
424.939	96.5959
423.951	96.6147
422.967	96.6352
421.987	96.6461
421.012	96.6463
420.042	96.6453
419.076	96.6547
418.115	96.6777
417.158	96.7069
416.205	96.7303
415.257	96.7418
414.313	96.7457
413.373	96.7521
412.437	96.7674
411.506	96.7884
410.579	96.8055
409.656	96.8114
408.737	96.8079
407.823	96.805
406.912	96.8123
406.005	96.8315
405.103	96.855
404.204	96.8733
403.31	96.8829
402.419	96.8897
401.533	96.9034
400.65	96.9289
399.771	96.962
398.896	96.9926
398.025	97.0128
397.157	97.0234
396.294	97.0318
395.434	97.045
394.578	97.0635
393.725	97.0806
392.877	97.0895
392.031	97.0898
391.19	97.0893
390.352	97.0974
389.518	97.1169
388.687	97.1417
387.86	97.161
387.036	97.1688
386.216	97.1688
385.399	97.1715
384.586	97.185
383.776	97.2081
382.969	97.2313
382.166	97.245
381.367	97.2483
380.57	97.2492
379.777	97.2581
378.987	97.2785
378.201	97.3037
377.418	97.3224
376.638	97.3292
375.861	97.3287
375.087	97.3317
374.317	97.3457
373.55	97.3685
372.785	97.3902
372.024	97.4024
371.267	97.4054
370.512	97.4076
369.76	97.4178
369.011	97.4366
368.266	97.4564
367.523	97.4687
366.783	97.4721
366.047	97.4739
365.313	97.4832
364.582	97.502
363.854	97.523
363.129	97.5362
362.407	97.538
361.688	97.535
360.971	97.5378
360.258	97.551
359.547	97.569
358.839	97.5811
358.134	97.5819
357.432	97.5771
356.732	97.578
356.035	97.5907
355.341	97.6093
354.649	97.6205
353.96	97.616
353.274	97.6016
352.591	97.5935
351.91	97.604
351.232	97.6303
350.556	97.6554
349.883	97.6627
349.213	97.6512
348.545	97.637
347.879	97.6399
347.217	97.6651
346.556	97.6981
345.899	97.7162
345.243	97.7083
344.591	97.6854
343.94	97.6716
343.292	97.6836
342.647	97.7161
342.004	97.7462
341.363	97.7525
340.725	97.7335
340.089	97.7079
339.456	97.6987
338.825	97.7135
338.196	97.74
337.569	97.7578
336.945	97.7571
336.324	97.746
335.704	97.7416
335.087	97.7538
334.472	97.7759
333.859	97.7924
333.249	97.7933
332.64	97.7834
332.034	97.7766
331.43	97.7822
330.829	97.7955
330.229	97.8035
329.632	97.798
329.037	97.7843
328.444	97.7765
327.853	97.7837
327.264	97.7998
326.678	97.8088
326.093	97.7995
325.511	97.7773
324.93	97.7599
324.352	97.7618
323.776	97.7805
323.201	97.7979
322.629	97.797
322.059	97.7773
321.491	97.7561
320.925	97.7523
320.361	97.7693
319.799	97.7911
319.238	97.7973
318.68	97.7815
318.124	97.7578
317.57	97.748
317.017	97.7612
316.467	97.7853
315.918	97.7975
315.371	97.7856
314.826	97.7596
314.284	97.7424
313.743	97.7492
313.203	97.773
312.666	97.7913
312.13	97.7862
311.597	97.7617
311.065	97.7397
310.535	97.7399
310.007	97.7621
309.48	97.7856
308.956	97.7889
308.433	97.7694
307.912	97.7458
307.392	97.741
306.875	97.7605
306.359	97.7878
305.845	97.7992
305.332	97.7861
304.821	97.7631
304.312	97.7541
303.805	97.7701
303.3	97.7994
302.796	97.8176
302.293	97.8113
301.793	97.7899
301.294	97.7771
300.797	97.7887
300.301	97.8178
299.807	97.8413
299.314	97.8414
298.824	97.8224
298.335	97.8063
297.847	97.8127
297.361	97.8399
296.877	97.867
296.394	97.873
295.912	97.8571
295.433	97.8388
294.955	97.84
294.478	97.8643
294.003	97.8935
293.529	97.9049
293.057	97.8926
292.587	97.8731
292.118	97.8696
291.65	97.8904
291.184	97.9208
290.72	97.9371
290.257	97.9288
289.795	97.9088
289.335	97.9011
288.877	97.9183
288.419	97.9495
287.964	97.9704
287.509	97.9666
287.057	97.9468
286.605	97.9353
286.155	97.9486
285.706	97.9801
285.259	98.0058
284.813	98.0073
284.369	97.9887
283.926	97.9734
283.484	97.982
283.044	98.013
282.605	98.0437
282.168	98.0517
281.731	98.0358
281.297	98.017
280.863	98.0195
280.431	98.0477
280	98.083
