1200	9.18717
1192.15	9.17553
1184.4	9.16093
1176.75	9.14315
1169.21	9.12303
1161.75	9.10218
1154.39	9.08253
1147.13	9.06571
1139.95	9.05258
1132.86	9.04295
1125.87	9.03564
1118.95	9.02887
1112.13	9.02075
1105.38	9.00987
1098.72	8.99574
1092.13	8.97891
1085.63	8.96081
1079.2	8.94332
1072.84	8.92823
1066.56	8.91666
1060.36	8.90877
1054.23	8.90368
1048.16	8.89975
1042.17	8.8951
1036.24	8.88809
1030.38	8.8779
1024.59	8.8647
1018.86	8.84963
1013.2	8.83448
1007.6	8.82114
1002.06	8.81108
996.576	8.80495
991.156	8.80234
985.795	8.80197
980.491	8.80201
975.244	8.8006
970.053	8.79637
964.917	8.78875
959.835	8.77817
954.806	8.76586
949.83	8.7536
944.905	8.74325
940.031	8.73644
935.207	8.73424
930.433	8.73717
925.707	8.74529
921.028	8.75837
916.397	8.77616
911.812	8.79852
907.273	8.8254
902.778	8.85673
898.328	8.89222
893.922	8.93118
889.559	8.97247
885.238	9.01452
880.958	9.05565
876.72	9.09438
872.523	9.12982
868.365	9.16188
864.247	9.19136
860.168	9.21971
856.127	9.24864
852.124	9.27968
848.159	9.31369
844.23	9.35059
840.337	9.38936
836.48	9.42832
832.658	9.4656
828.871	9.49972
825.118	9.53004
821.399	9.55708
817.714	9.58248
814.061	9.60868
810.441	9.63845
806.853	9.67425
803.296	9.71776
799.771	9.76955
796.277	9.82899
792.813	9.89437
789.379	9.96313
785.974	10.0321
782.599	10.0977
779.253	10.1558
775.935	10.2019
772.645	10.2312
769.383	10.2386
766.149	10.2194
762.941	10.1702
759.761	10.09
756.606	9.98163
753.478	9.85193
750.376	9.7125
747.299	9.57875
744.247	9.46829
741.22	9.39854
738.218	9.38388
735.239	9.43303
732.285	9.54704
729.354	9.7186
726.447	9.9327
723.563	10.1688
720.702	10.4039
717.863	10.6166
715.046	10.7899
712.251	10.9142
709.479	10.9883
706.727	11.0183
703.997	11.0162
701.288	10.9969
698.6	10.9743
695.932	10.9594
693.285	10.9579
690.657	10.9701
688.05	10.9917
685.462	11.0158
682.893	11.035
680.344	11.044
677.814	11.0406
675.302	11.0264
672.809	11.0057
670.334	10.9849
667.878	10.9698
665.439	10.9645
663.018	10.9702
660.615	10.9849
658.229	11.0045
655.86	11.0237
653.508	11.0377
651.173	11.0438
648.854	11.0419
646.553	11.0342
644.267	11.0253
641.997	11.0198
639.744	11.022
637.506	11.0337
635.283	11.0546
633.077	11.0817
630.885	11.1108
628.709	11.1372
626.547	11.1572
624.4	11.1692
622.268	11.1737
620.151	11.1737
618.048	11.1731
615.959	11.176
613.884	11.1855
611.823	11.2028
609.776	11.2271
607.742	11.2556
605.723	11.2848
603.716	11.3115
601.723	11.3334
599.742	11.3501
597.775	11.3633
595.821	11.376
593.879	11.3916
591.95	11.4132
590.034	11.4424
588.13	11.4789
586.238	11.5208
584.358	11.5644
582.49	11.6061
580.634	11.6424
578.79	11.6715
576.958	11.6933
575.137	11.7091
573.328	11.7216
571.53	11.7338
569.743	11.7478
567.967	11.7649
566.203	11.7846
564.449	11.8053
562.706	11.8246
560.974	11.8404
559.253	11.8511
557.542	11.8566
555.841	11.8582
554.151	11.8582
552.471	11.8595
550.802	11.8645
549.142	11.8746
547.492	11.8899
545.852	11.9092
544.222	11.9302
542.602	11.9502
540.991	11.9669
539.39	11.9792
537.798	11.9871
536.216	11.9919
534.643	11.9956
533.079	12.0004
531.524	12.0082
529.979	12.0199
528.442	12.0351
526.914	12.0524
525.395	12.0699
523.885	12.0857
522.383	12.0981
520.89	12.1064
519.405	12.1109
517.929	12.1124
516.461	12.1122
515.002	12.1116
513.551	12.1114
512.108	12.1122
510.673	12.1141
509.246	12.1174
507.827	12.1232
506.415	12.133
505.012	12.1499
503.616	12.1773
502.229	12.219
500.848	12.2782
499.476	12.3565
498.111	12.4534
496.753	12.5662
495.402	12.6899
494.059	12.818
492.724	12.9438
491.395	13.061
490.074	13.1652
488.759	13.2542
487.452	13.3285
486.152	13.3907
484.858	13.4446
483.572	13.4944
482.292	13.544
481.019	13.5956
479.753	13.65
478.493	13.7066
477.24	13.7636
475.994	13.8192
474.754	13.8718
473.52	13.9205
472.293	13.9659
471.072	14.0091
469.858	14.052
468.649	14.0964
467.447	14.1436
466.251	14.1941
465.062	14.2476
463.878	14.3031
462.7	14.3594
461.528	14.4154
460.362	14.4708
459.202	14.5255
458.048	14.5802
456.9	14.6361
455.757	14.6939
454.62	14.754
453.489	14.8161
452.363	14.879
451.243	14.9413
450.129	15.0013
449.02	15.0577
447.916	15.11
446.818	15.1584
445.725	15.2043
444.638	15.2494
443.556	15.2957
442.479	15.3447
441.407	15.3971
440.34	15.4527
439.279	15.5104
438.223	15.5683
437.171	15.6249
436.125	15.6786
435.084	15.7288
434.048	15.7759
433.017	15.8211
431.99	15.8662
430.969	15.9129
429.952	15.9626
428.94	16.016
427.933	16.0727
426.93	16.1312
425.932	16.1898
424.939	16.2464
423.951	16.2991
422.967	16.3467
421.987	16.3889
421.012	16.4261
420.042	16.4592
419.076	16.4894
418.115	16.5177
417.158	16.5448
416.205	16.571
415.257	16.5957
414.313	16.6186
413.373	16.6389
412.437	16.6563
411.506	16.6706
410.579	16.6822
409.656	16.6915
408.737	16.6992
407.823	16.7055
406.912	16.7107
406.005	16.7144
405.103	16.7161
404.204	16.7148
403.31	16.71
402.419	16.701
401.533	16.6879
400.65	16.6709
399.771	16.6507
398.896	16.628
398.025	16.6034
397.157	16.5774
396.294	16.5499
395.434	16.5204
394.578	16.4883
393.725	16.453
392.877	16.4138
392.031	16.3707
391.19	16.324
390.352	16.2744
389.518	16.2227
388.687	16.1701
387.86	16.1172
387.036	16.0646
386.216	16.0124
385.399	15.9604
384.586	15.9081
383.776	15.8552
382.969	15.8014
382.166	15.7469
381.367	15.6923
380.57	15.6383
379.777	15.586
378.987	15.5364
378.201	15.4901
377.418	15.4478
376.638	15.4094
375.861	15.3747
375.087	15.3434
374.317	15.315
373.55	15.2893
372.785	15.2665
372.024	15.247
371.267	15.2318
370.512	15.2223
369.76	15.2202
369.011	15.2277
368.266	15.2468
367.523	15.2796
366.783	15.3281
366.047	15.3934
365.313	15.4762
364.582	15.576
363.854	15.6908
363.129	15.8176
362.407	15.9521
361.688	16.0889
360.971	16.2225
360.258	16.3472
359.547	16.4585
358.839	16.5533
358.134	16.6302
357.432	16.6901
356.732	16.7356
356.035	16.7705
355.341	16.7997
354.649	16.8274
353.96	16.8576
353.274	16.8926
352.591	16.9336
351.91	16.9802
351.232	17.0314
350.556	17.0861
349.883	17.1432
349.213	17.2026
348.545	17.2655
347.879	17.3336
347.217	17.4095
346.556	17.4954
345.899	17.5932
345.243	17.7032
344.591	17.8244
343.94	17.9539
343.292	18.0878
342.647	18.2213
342.004	18.3495
341.363	18.4681
340.725	18.574
340.089	18.6657
339.456	18.7431
338.825	18.8073
338.196	18.8605
337.569	18.9055
336.945	18.9447
336.324	18.9806
335.704	19.0147
335.087	19.0483
334.472	19.0817
333.859	19.1153
333.249	19.1489
332.64	19.1827
332.034	19.2165
331.43	19.2504
330.829	19.2846
330.229	19.3191
329.632	19.354
329.037	19.3893
328.444	19.4248
327.853	19.4604
327.264	19.4959
326.678	19.5314
326.093	19.5667
325.511	19.602
324.93	19.6372
324.352	19.6723
323.776	19.7072
323.201	19.7418
322.629	19.7758
322.059	19.8089
321.491	19.8406
320.925	19.8708
320.361	19.8989
319.799	19.9246
319.238	19.9476
318.68	19.9674
318.124	19.9835
317.57	19.9956
317.017	20.0034
316.467	20.0071
315.918	20.0072
315.371	20.0048
314.826	20.0014
314.284	19.999
313.743	19.9996
313.203	20.0053
312.666	20.0176
312.13	20.0373
311.597	20.0644
311.065	20.0981
310.535	20.1368
310.007	20.1785
309.48	20.2214
308.956	20.2636
308.433	20.304
307.912	20.3421
307.392	20.3782
306.875	20.4127
306.359	20.4466
305.845	20.4805
305.332	20.515
304.821	20.5501
304.312	20.5852
303.805	20.6196
303.3	20.6525
302.796	20.6831
302.293	20.7109
301.793	20.7361
301.294	20.7588
300.797	20.7796
300.301	20.7993
299.807	20.8183
299.314	20.8369
298.824	20.8552
298.335	20.873
297.847	20.8897
297.361	20.9052
296.877	20.9194
296.394	20.9323
295.912	20.9445
295.433	20.9565
294.955	20.9688
294.478	20.9819
294.003	20.9958
293.529	21.0102
293.057	21.0245
292.587	21.0381
292.118	21.0502
291.65	21.0603
291.184	21.0682
290.72	21.0739
290.257	21.0778
289.795	21.0803
289.335	21.0815
288.877	21.0815
288.419	21.0798
287.964	21.0759
287.509	21.0689
287.057	21.0582
286.605	21.0436
286.155	21.0255
285.706	21.0045
285.259	20.9821
284.813	20.9597
284.369	20.9386
283.926	20.9199
283.484	20.9037
283.044	20.8896
282.605	20.8765
282.168	20.863
281.731	20.8476
281.297	20.8293
280.863	20.8077
280.431	20.7831
280	20.7566
