1200	99.6597
1192.15	99.6644
1184.4	99.6669
1176.75	99.6665
1169.21	99.6646
1161.75	99.6635
1154.39	99.6649
1147.13	99.6686
1139.95	99.6726
1132.86	99.6747
1125.87	99.6741
1118.95	99.6717
1112.13	99.67
1105.38	99.6706
1098.72	99.6737
1092.13	99.6773
1085.63	99.6791
1079.2	99.6782
1072.84	99.6755
1066.56	99.6733
1060.36	99.6735
1054.23	99.676
1048.16	99.6793
1042.17	99.681
1036.24	99.6801
1030.38	99.6772
1024.59	99.6747
1018.86	99.6744
1013.2	99.6766
1007.6	99.6797
1002.06	99.6814
996.576	99.6805
991.156	99.6777
985.795	99.6749
980.491	99.6743
975.244	99.6762
970.053	99.6792
964.917	99.681
959.835	99.6802
954.806	99.6773
949.83	99.6743
944.905	99.6733
940.031	99.6749
935.207	99.6777
930.433	99.6794
925.707	99.6785
921.028	99.6753
916.397	99.6718
911.812	99.6702
907.273	99.6711
902.778	99.6734
898.328	99.6747
893.922	99.6735
889.559	99.6697
885.238	99.6654
880.958	99.6628
876.72	99.6627
872.523	99.6641
868.365	99.6646
864.247	99.6623
860.168	99.6572
856.127	99.651
852.124	99.6459
848.159	99.6431
844.23	99.6415
840.337	99.6389
836.48	99.6332
832.658	99.6245
828.871	99.6146
825.118	99.6066
821.399	99.6023
817.714	99.6015
814.061	99.6021
810.441	99.6021
806.853	99.6006
803.296	99.5988
799.771	99.5989
796.277	99.6021
792.813	99.6082
789.379	99.6151
785.974	99.6204
782.599	99.6236
779.253	99.6256
775.935	99.629
772.645	99.6353
769.383	99.6445
766.149	99.6546
762.941	99.6636
759.761	99.6704
756.606	99.6761
753.478	99.683
750.376	99.6928
747.299	99.7055
744.247	99.719
741.22	99.731
738.218	99.7403
735.239	99.7473
732.285	99.7542
729.354	99.7625
726.447	99.772
723.563	99.7803
720.702	99.7844
717.863	99.7824
715.046	99.7743
712.251	99.7615
709.479	99.7453
706.727	99.7252
703.997	99.6986
701.288	99.6623
698.6	99.6141
695.932	99.5545
693.285	99.4856
690.657	99.4102
688.05	99.3296
685.462	99.2434
682.893	99.1505
680.344	99.051
677.814	98.9473
675.302	98.8436
672.809	98.7444
670.334	98.6522
667.878	98.567
665.439	98.4871
663.018	98.4111
660.615	98.3396
658.229	98.275
655.86	98.22
653.508	98.1754
651.173	98.1395
648.854	98.1088
646.553	98.0806
644.267	98.0541
641.997	98.0313
639.744	98.0145
637.506	98.0047
635.283	98.0004
633.077	97.9982
630.885	97.995
628.709	97.9903
626.547	97.9859
624.4	97.985
622.268	97.9891
620.151	97.9971
618.048	98.0058
615.959	98.0119
613.884	98.0147
611.823	98.0163
609.776	98.0201
607.742	98.0283
605.723	98.0403
603.716	98.0526
601.723	98.0619
599.742	98.0668
597.775	98.0696
595.821	98.0739
593.879	98.0828
591.95	98.0957
590.034	98.1092
588.13	98.1195
586.238	98.1247
584.358	98.1269
582.49	98.1303
580.634	98.1384
578.79	98.1511
576.958	98.1651
575.137	98.1757
573.328	98.1807
571.53	98.1816
569.743	98.1833
567.967	98.19
566.203	98.2021
564.449	98.2162
562.706	98.227
560.974	98.2313
559.253	98.2306
557.542	98.23
555.841	98.2347
554.151	98.2459
552.471	98.26
550.802	98.2708
549.142	98.2742
547.492	98.2713
545.852	98.2677
544.222	98.2697
542.602	98.2796
540.991	98.2935
539.39	98.3043
537.798	98.3065
536.216	98.3006
534.643	98.2929
533.079	98.2913
531.524	98.299
529.979	98.3124
528.442	98.3226
526.914	98.3225
525.395	98.3119
523.885	98.2981
522.383	98.2909
520.89	98.2946
519.405	98.3045
517.929	98.3094
516.461	98.3006
515.002	98.2796
513.551	98.2602
512.108	98.2601
510.673	98.2885
509.246	98.3369
507.827	98.3814
506.415	98.3954
505.012	98.3674
503.616	98.3105
502.229	98.2577
500.848	98.2439
499.476	98.2846
498.111	98.3654
496.753	98.4489
495.402	98.4964
494.059	98.4907
492.724	98.4466
491.395	98.4014
490.074	98.3914
488.759	98.4294
487.452	98.4972
486.152	98.5578
484.858	98.5796
483.572	98.5572
482.292	98.5142
481.019	98.4878
479.753	98.5035
478.493	98.5584
477.24	98.6228
475.994	98.6598
474.754	98.6499
473.52	98.604
472.293	98.5563
471.072	98.5421
469.858	98.5741
468.649	98.6343
467.447	98.6858
466.251	98.6974
465.062	98.6641
463.878	98.6102
462.7	98.5733
461.528	98.5791
460.362	98.6248
459.202	98.6809
458.048	98.7116
456.9	98.6985
455.757	98.6525
454.62	98.6067
453.489	98.5936
452.363	98.6234
451.243	98.6776
450.129	98.7216
449.02	98.7284
447.916	98.6962
446.818	98.6501
445.725	98.6241
444.638	98.6385
443.556	98.6861
442.479	98.7374
441.407	98.7606
440.34	98.7434
439.279	98.7011
438.223	98.6658
437.171	98.6647
436.125	98.7015
435.084	98.754
434.048	98.7895
433.017	98.787
431.99	98.7513
430.969	98.71
429.952	98.6939
428.94	98.7167
427.933	98.7651
426.93	98.8084
425.932	98.8193
424.939	98.7926
423.951	98.7489
422.967	98.72
421.987	98.7272
421.012	98.7667
420.042	98.8118
419.076	98.8315
418.115	98.8109
417.158	98.7622
416.205	98.7165
415.257	98.7026
414.313	98.7283
413.373	98.7751
412.437	98.811
411.506	98.8123
410.579	98.7791
409.656	98.7353
408.737	98.7114
407.823	98.7243
406.912	98.765
406.005	98.8059
405.103	98.8189
404.204	98.7951
403.31	98.7508
402.419	98.7159
401.533	98.714
400.65	98.7462
399.771	98.7903
398.896	98.8166
398.025	98.808
397.157	98.7714
396.294	98.7331
395.434	98.7206
394.578	98.7439
393.725	98.7888
392.877	98.8268
392.031	98.8344
391.19	98.8093
390.352	98.7716
389.518	98.75
388.687	98.7621
387.86	98.8029
387.036	98.848
386.216	98.8706
385.399	98.8597
384.586	98.8274
383.776	98.8003
382.969	98.8011
382.166	98.8329
381.367	98.8771
380.57	98.9053
379.777	98.8977
378.987	98.8551
378.201	98.7969
377.418	98.7464
376.638	98.7148
375.861	98.694
375.087	98.6646
374.317	98.6108
373.55	98.5339
372.785	98.4534
372.024	98.3945
371.267	98.3719
370.512	98.3798
369.76	98.3959
369.011	98.3968
368.266	98.3731
367.523	98.3356
366.783	98.3067
366.047	98.3044
365.313	98.329
364.582	98.3633
363.854	98.384
363.129	98.3786
362.407	98.3538
361.688	98.3307
360.971	98.33
360.258	98.3565
359.547	98.3957
358.839	98.4236
358.134	98.4238
357.432	98.3999
356.732	98.374
356.035	98.3721
355.341	98.4057
354.649	98.4633
353.96	98.5171
353.274	98.5412
352.591	98.5294
351.91	98.4997
351.232	98.4824
350.556	98.5003
349.883	98.5524
349.213	98.614
348.545	98.6534
347.879	98.6522
347.217	98.6189
346.556	98.583
345.899	98.5763
345.243	98.6116
344.591	98.6741
343.94	98.7314
343.292	98.7544
342.647	98.7369
342.004	98.699
341.363	98.6738
340.725	98.6851
340.089	98.7318
339.456	98.7887
338.825	98.8236
338.196	98.8186
337.569	98.7819
336.945	98.7418
336.324	98.7278
335.704	98.7506
335.087	98.7957
334.472	98.8334
333.859	98.8389
333.249	98.8092
332.64	98.7639
332.034	98.7325
331.43	98.7336
330.829	98.7633
330.229	98.798
329.632	98.8113
329.037	98.7915
328.444	98.7496
327.853	98.7112
327.264	98.6992
326.678	98.718
326.093	98.7513
325.511	98.7737
324.93	98.7682
324.352	98.738
323.776	98.7038
323.201	98.6893
322.629	98.7052
322.059	98.7418
321.491	98.7761
320.925	98.7879
320.361	98.7736
319.799	98.7486
319.238	98.736
318.68	98.7509
318.124	98.7897
317.57	98.8328
317.017	98.8584
316.467	98.8572
315.918	98.8395
315.371	98.8268
314.826	98.8377
314.284	98.8743
313.743	98.9211
313.203	98.9556
312.666	98.9642
312.13	98.9513
311.597	98.9367
311.065	98.9411
310.535	98.9723
310.007	99.0192
309.48	99.0598
308.956	99.0766
308.433	99.0685
307.912	99.0518
307.392	99.0489
306.875	99.0727
306.359	99.1173
305.845	99.1624
305.332	99.1872
304.821	99.1848
304.312	99.1673
303.805	99.1575
303.3	99.1728
302.796	99.2133
302.293	99.2616
301.793	99.2946
301.294	99.2998
300.797	99.284
300.301	99.2689
299.807	99.2762
299.314	99.3125
298.824	99.365
298.335	99.4097
297.847	99.4285
297.361	99.4212
296.877	99.4055
296.394	99.4041
295.912	99.4288
295.433	99.4711
294.955	99.5085
294.478	99.5197
294.003	99.4998
293.529	99.4644
293.057	99.4392
292.587	99.4423
292.118	99.4716
291.65	99.5063
291.184	99.5214
290.72	99.5056
290.257	99.4696
289.795	99.4395
289.335	99.438
288.877	99.4679
288.419	99.5087
287.964	99.5299
287.509	99.5121
287.057	99.4612
286.605	99.4066
286.155	99.3821
285.706	99.4033
285.259	99.4556
284.813	99.5029
284.369	99.5102
283.926	99.4667
283.484	99.394
283.044	99.3323
282.605	99.3146
282.168	99.3451
281.731	99.3955
281.297	99.423
280.863	99.398
280.431	99.3226
280	99.2297
