1200	85.7765
1192.15	85.7757
1184.4	85.7831
1176.75	85.7991
1169.21	85.8212
1161.75	85.8452
1154.39	85.866
1147.13	85.8798
1139.95	85.8846
1132.86	85.8813
1125.87	85.8733
1118.95	85.8656
1112.13	85.8631
1105.38	85.8691
1098.72	85.8844
1092.13	85.9068
1085.63	85.9319
1079.2	85.9545
1072.84	85.9698
1066.56	85.9755
1060.36	85.9721
1054.23	85.9631
1048.16	85.954
1042.17	85.9502
1036.24	85.9558
1030.38	85.9718
1024.59	85.9959
1018.86	86.023
1013.2	86.0468
1007.6	86.0618
1002.06	86.0651
996.576	86.0577
991.156	86.0443
985.795	86.0322
980.491	86.0289
975.244	86.0399
970.053	86.066
964.917	86.103
959.835	86.1418
954.806	86.1707
949.83	86.1782
944.905	86.1566
940.031	86.1044
935.207	86.0274
930.433	85.938
925.707	85.852
921.028	85.785
916.397	85.748
911.812	85.7442
907.273	85.7675
902.778	85.8035
898.328	85.8328
893.922	85.836
889.559	85.7988
885.238	85.7161
880.958	85.5941
876.72	85.4493
872.523	85.3054
868.365	85.187
864.247	85.114
860.168	85.0958
856.127	85.1287
852.124	85.1955
848.159	85.2697
844.23	85.3208
840.337	85.3219
836.48	85.2558
832.658	85.1201
828.871	84.928
825.118	84.7055
821.399	84.4868
817.714	84.3062
814.061	84.191
810.441	84.1558
806.853	84.1994
803.296	84.3059
799.771	84.4479
796.277	84.5937
792.813	84.7132
789.379	84.785
785.974	84.7992
782.599	84.7592
779.253	84.6787
775.935	84.5778
772.645	84.4771
769.383	84.3928
766.149	84.3336
762.941	84.2988
759.761	84.2803
756.606	84.2659
753.478	84.2432
750.376	84.2037
747.299	84.1457
744.247	84.0744
741.22	84.0011
738.218	83.9397
735.239	83.9033
732.285	83.9002
729.354	83.9324
726.447	83.9943
723.563	84.0748
720.702	84.1594
717.863	84.2344
715.046	84.2893
712.251	84.3199
709.479	84.3281
706.727	84.3213
703.997	84.3102
701.288	84.3055
698.6	84.315
695.932	84.3425
693.285	84.3862
690.657	84.44
688.05	84.4956
685.462	84.5442
682.893	84.5797
680.344	84.5993
677.814	84.6047
675.302	84.6012
672.809	84.5959
670.334	84.5956
667.878	84.6055
665.439	84.6273
663.018	84.6594
660.615	84.6971
658.229	84.7344
655.86	84.7655
653.508	84.7865
651.173	84.7963
648.854	84.7967
646.553	84.7918
644.267	84.7869
641.997	84.7868
639.744	84.7947
637.506	84.8112
635.283	84.8343
633.077	84.8603
630.885	84.8846
628.709	84.9032
626.547	84.9136
624.4	84.9154
622.268	84.9107
620.151	84.903
618.048	84.8963
615.959	84.8941
613.884	84.8985
611.823	84.9094
609.776	84.9247
607.742	84.9412
605.723	84.955
603.716	84.963
601.723	84.9634
599.742	84.9564
597.775	84.9438
595.821	84.9288
593.879	84.915
591.95	84.9054
590.034	84.9019
588.13	84.9045
586.238	84.9118
584.358	84.9212
582.49	84.9294
580.634	84.9339
578.79	84.933
576.958	84.9264
575.137	84.9154
573.328	84.9019
571.53	84.8887
569.743	84.8778
567.967	84.8706
566.203	84.8672
564.449	84.8666
562.706	84.8669
560.974	84.866
559.253	84.862
557.542	84.8539
555.841	84.8416
554.151	84.8263
552.471	84.8094
550.802	84.7931
549.142	84.7787
547.492	84.7672
545.852	84.7583
544.222	84.7512
542.602	84.7441
540.991	84.7353
539.39	84.7235
537.798	84.7081
536.216	84.6892
534.643	84.6681
533.079	84.6463
531.524	84.6255
529.979	84.607
528.442	84.5912
526.914	84.5777
525.395	84.5652
523.885	84.5519
522.383	84.536
520.89	84.5164
519.405	84.4926
517.929	84.4651
516.461	84.4355
515.002	84.4057
513.551	84.3775
512.108	84.3523
510.673	84.3304
509.246	84.3113
507.827	84.2936
506.415	84.2754
505.012	84.255
503.616	84.2318
502.229	84.206
500.848	84.1794
499.476	84.1546
498.111	84.1348
496.753	84.1227
495.402	84.1202
494.059	84.1273
492.724	84.1423
491.395	84.162
490.074	84.1823
488.759	84.199
487.452	84.2091
486.152	84.2111
484.858	84.2056
483.572	84.1949
482.292	84.1827
481.019	84.1726
479.753	84.1675
478.493	84.1686
477.24	84.1749
475.994	84.1832
474.754	84.189
473.52	84.1879
472.293	84.1759
471.072	84.1516
469.858	84.116
468.649	84.0726
467.447	84.0269
466.251	83.9851
465.062	83.9525
463.878	83.9321
462.7	83.9238
461.528	83.9244
460.362	83.9279
459.202	83.9267
458.048	83.9135
456.9	83.8827
455.757	83.8319
454.62	83.7621
453.489	83.6777
452.363	83.5855
451.243	83.493
450.129	83.4071
449.02	83.3323
447.916	83.2702
446.818	83.2192
445.725	83.1755
444.638	83.1342
443.556	83.0906
442.479	83.0419
441.407	82.9875
440.34	82.9293
439.279	82.8712
438.223	82.818
437.171	82.7736
436.125	82.7405
435.084	82.7185
434.048	82.7051
433.017	82.6957
431.99	82.6852
430.969	82.6689
429.952	82.6439
428.94	82.6097
427.933	82.5687
426.93	82.525
425.932	82.4836
424.939	82.4493
423.951	82.4252
422.967	82.4118
421.987	82.4074
421.012	82.4082
420.042	82.4094
419.076	82.4064
418.115	82.3964
417.158	82.3787
416.205	82.3553
415.257	82.3302
414.313	82.3086
413.373	82.2959
412.437	82.2962
411.506	82.3116
410.579	82.3421
409.656	82.3854
408.737	82.4378
407.823	82.4953
406.912	82.5541
406.005	82.612
405.103	82.6682
404.204	82.7232
403.31	82.7788
402.419	82.8371
401.533	82.8999
400.65	82.9682
399.771	83.0422
398.896	83.1211
398.025	83.2039
397.157	83.2895
396.294	83.3775
395.434	83.4678
394.578	83.5612
393.725	83.6586
392.877	83.761
392.031	83.8687
391.19	83.9814
390.352	84.0979
389.518	84.2164
388.687	84.3343
387.86	84.4489
387.036	84.5575
386.216	84.6572
385.399	84.745
384.586	84.8175
383.776	84.8709
382.969	84.9008
382.166	84.9028
381.367	84.8731
380.57	84.8094
379.777	84.712
378.987	84.5843
378.201	84.4331
377.418	84.2681
376.638	84.1012
375.861	83.9443
375.087	83.8079
374.317	83.6995
373.55	83.622
372.785	83.5738
372.024	83.5495
371.267	83.5409
370.512	83.5394
369.76	83.5378
369.011	83.5319
368.266	83.5215
367.523	83.5099
366.783	83.5028
366.047	83.5069
365.313	83.5273
364.582	83.5665
363.854	83.6228
363.129	83.6909
362.407	83.7626
361.688	83.8291
360.971	83.8826
360.258	83.9188
359.547	83.9372
358.839	83.942
358.134	83.9407
357.432	83.942
356.732	83.9541
356.035	83.9824
355.341	84.028
354.649	84.0876
353.96	84.1543
353.274	84.2194
352.591	84.2743
351.91	84.3133
351.232	84.3344
350.556	84.3404
349.883	84.3377
349.213	84.3351
348.545	84.341
347.879	84.3618
347.217	84.4001
346.556	84.4537
345.899	84.5165
345.243	84.5798
344.591	84.6345
343.94	84.6734
343.292	84.6929
342.647	84.6938
342.004	84.681
341.363	84.6622
340.725	84.6459
340.089	84.6393
339.456	84.6464
338.825	84.6671
338.196	84.6972
337.569	84.7297
336.945	84.7564
336.324	84.7701
335.704	84.7659
335.087	84.743
334.472	84.7038
333.859	84.6541
333.249	84.6005
332.64	84.5498
332.034	84.5066
331.43	84.4728
330.829	84.4477
330.229	84.4283
329.632	84.4109
329.037	84.3924
328.444	84.3714
327.853	84.3489
327.264	84.3281
326.678	84.3136
326.093	84.3099
325.511	84.3202
324.93	84.3455
324.352	84.3836
323.776	84.4302
323.201	84.4794
322.629	84.5252
322.059	84.5631
321.491	84.5913
320.925	84.6106
320.361	84.6246
319.799	84.6385
319.238	84.6578
318.68	84.6865
318.124	84.7266
317.57	84.777
317.017	84.8345
316.467	84.8942
315.918	84.9511
315.371	85.0014
314.826	85.0433
314.284	85.0777
313.743	85.1077
313.203	85.1378
312.666	85.1723
312.13	85.2146
311.597	85.266
311.065	85.3257
310.535	85.3907
310.007	85.4571
309.48	85.5211
308.956	85.5801
308.433	85.6333
307.912	85.682
307.392	85.7291
306.875	85.7782
306.359	85.8325
305.845	85.8937
305.332	85.9618
304.821	86.0349
304.312	86.1099
303.805	86.1834
303.3	86.2529
302.796	86.3173
302.293	86.3778
301.793	86.437
301.294	86.4984
300.797	86.5656
300.301	86.6405
299.807	86.7234
299.314	86.8121
298.824	86.903
298.335	86.9918
297.847	87.0749
297.361	87.1505
296.877	87.2195
296.394	87.2852
295.912	87.3527
295.433	87.4275
294.955	87.514
294.478	87.6142
294.003	87.7266
293.529	87.8468
293.057	87.9678
292.587	88.0823
292.118	88.1842
291.65	88.2701
291.184	88.3408
290.72	88.4007
290.257	88.4573
289.795	88.5191
289.335	88.5936
288.877	88.6852
288.419	88.7943
287.964	88.9171
287.509	89.0461
287.057	89.1727
286.605	89.2888
286.155	89.3892
285.706	89.4729
285.259	89.5434
284.813	89.6076
284.369	89.6745
283.926	89.7522
283.484	89.8461
283.044	89.9574
282.605	90.0825
282.168	90.2143
281.731	90.3435
281.297	90.4611
280.863	90.5608
280.431	90.6405
280	90.7024
