1200	0.687028
1192.15	0.688138
1184.4	0.689441
1176.75	0.690713
1169.21	0.691767
1161.75	0.692517
1154.39	0.692994
1147.13	0.693339
1139.95	0.693758
1132.86	0.694461
1125.87	0.695596
1118.95	0.697212
1112.13	0.699237
1105.38	0.7015
1098.72	0.703776
1092.13	0.705846
1085.63	0.707563
1079.2	0.708894
1072.84	0.709938
1066.56	0.710905
1060.36	0.712061
1054.23	0.713651
1048.16	0.715829
1042.17	0.718595
1036.24	0.721786
1030.38	0.725112
1024.59	0.728237
1018.86	0.730893
1013.2	0.732981
1007.6	0.734631
1002.06	0.736197
996.576	0.738165
991.156	0.74101
985.795	0.745026
980.491	0.750195
975.244	0.756137
970.053	0.762194
964.917	0.767609
959.835	0.771794
954.806	0.774578
949.83	0.776369
944.905	0.778149
940.031	0.781291
935.207	0.787212
930.433	0.796973
925.707	0.810928
921.028	0.828551
916.397	0.848519
911.812	0.869037
907.273	0.888342
902.778	0.905226
898.328	0.91942
893.922	0.931702
889.559	0.943671
885.238	0.957237
880.958	0.973976
876.72	0.994558
872.523	1.01844
868.365	1.04396
864.247	1.06879
860.168	1.0907
856.127	1.10826
852.124	1.12136
848.159	1.13126
844.23	1.14017
840.337	1.15044
836.48	1.16364
832.658	1.17995
828.871	1.19802
825.118	1.21556
821.399	1.23046
817.714	1.24211
814.061	1.25252
810.441	1.26659
806.853	1.29127
803.296	1.3336
799.771	1.39807
796.277	1.48384
792.813	1.58289
789.379	1.67978
785.974	1.75356
782.599	1.78167
779.253	1.74529
775.935	1.63483
772.645	1.45425
769.383	1.22295
766.149	0.974283
762.941	0.750769
759.761	0.596721
756.606	0.549762
753.478	0.633093
750.376	0.850318
747.299	1.1841
744.247	1.59904
741.22	2.04828
738.218	2.48231
735.239	2.85809
732.285	3.14635
729.354	3.33574
726.447	3.43278
723.563	3.45816
720.702	3.44028
717.863	3.40798
715.046	3.38402
712.251	3.38107
709.479	3.40066
706.727	3.43521
703.997	3.47218
701.288	3.49888
698.6	3.5067
695.932	3.49352
693.285	3.4638
690.657	3.42669
688.05	3.39276
685.462	3.37065
682.893	3.36449
680.344	3.373
677.814	3.3903
675.302	3.40815
672.809	3.4187
670.334	3.41701
667.878	3.40248
665.439	3.37874
663.018	3.35228
660.615	3.33023
658.229	3.318
655.86	3.31766
653.508	3.32742
651.173	3.34243
648.854	3.35647
646.553	3.36401
644.267	3.362
641.997	3.35072
639.744	3.33355
637.506	3.31577
635.283	3.30273
633.077	3.29813
630.885	3.30286
628.709	3.31485
626.547	3.32984
624.4	3.34283
622.268	3.34976
620.151	3.3488
618.048	3.34087
615.959	3.32923
613.884	3.31834
611.823	3.31237
609.776	3.31384
607.742	3.32283
605.723	3.33704
603.716	3.35261
601.723	3.36548
599.742	3.37264
597.775	3.3732
595.821	3.36853
593.879	3.36181
591.95	3.35689
590.034	3.35702
588.13	3.3638
586.238	3.37665
584.358	3.39311
582.49	3.40969
580.634	3.42303
578.79	3.43105
576.958	3.43365
575.137	3.43265
573.328	3.43121
571.53	3.43275
569.743	3.43979
567.967	3.45312
566.203	3.47154
564.449	3.49222
562.706	3.51164
560.974	3.52671
559.253	3.5357
557.542	3.53878
555.841	3.53791
554.151	3.53616
552.471	3.5367
550.802	3.54182
549.142	3.55221
547.492	3.56684
545.852	3.58335
544.222	3.59892
542.602	3.6112
540.991	3.61907
539.39	3.62302
537.798	3.62487
536.216	3.6272
534.643	3.63246
533.079	3.64211
531.524	3.65625
529.979	3.67358
528.442	3.69186
526.914	3.70872
525.395	3.72242
523.885	3.73243
522.383	3.73953
520.89	3.74551
519.405	3.75256
517.929	3.76244
516.461	3.7759
515.002	3.79243
513.551	3.81044
512.108	3.82776
510.673	3.84244
509.246	3.85335
507.827	3.86061
506.415	3.86554
505.012	3.87023
503.616	3.8769
502.229	3.88713
500.848	3.90143
499.476	3.91907
498.111	3.93831
496.753	3.95705
495.402	3.9734
494.059	3.98635
492.724	3.99594
491.395	4.00324
490.074	4.00987
488.759	4.01739
487.452	4.02676
486.152	4.03796
484.858	4.05
483.572	4.06127
482.292	4.07006
481.019	4.07513
479.753	4.07616
478.493	4.07386
477.24	4.06974
475.994	4.06566
474.754	4.06323
473.52	4.0634
472.293	4.06617
471.072	4.07072
469.858	4.07581
468.649	4.08025
467.447	4.08337
466.251	4.08538
465.062	4.08726
463.878	4.09049
462.7	4.09657
461.528	4.10647
460.362	4.12028
459.202	4.13714
458.048	4.15544
456.9	4.17325
455.757	4.18891
454.62	4.20147
453.489	4.21093
452.363	4.21814
451.243	4.22457
450.129	4.23171
449.02	4.24068
447.916	4.25189
446.818	4.26493
445.725	4.27882
444.638	4.29233
443.556	4.30446
442.479	4.31473
441.407	4.32334
440.34	4.33107
439.279	4.33895
438.223	4.34796
437.171	4.35863
436.125	4.37093
435.084	4.38432
434.048	4.39791
433.017	4.41087
431.99	4.42265
430.969	4.43314
429.952	4.44266
428.94	4.45169
427.933	4.46062
426.93	4.4694
425.932	4.47746
424.939	4.48378
423.951	4.48718
422.967	4.48675
421.987	4.48227
421.012	4.47443
420.042	4.46486
419.076	4.45584
418.115	4.44979
417.158	4.44867
416.205	4.45343
415.257	4.4638
414.313	4.47821
413.373	4.49425
412.437	4.50914
411.506	4.52043
410.579	4.52651
409.656	4.52686
408.737	4.52206
407.823	4.51347
406.912	4.50275
406.005	4.49133
405.103	4.48008
404.204	4.46909
403.31	4.45776
402.419	4.44511
401.533	4.43008
400.65	4.41192
399.771	4.39034
398.896	4.36555
398.025	4.33812
397.157	4.3087
396.294	4.27778
395.434	4.24553
394.578	4.21176
393.725	4.17602
392.877	4.13782
392.031	4.09683
391.19	4.053
390.352	4.00666
389.518	3.95836
388.687	3.90877
387.86	3.85846
387.036	3.80776
386.216	3.75673
385.399	3.70517
384.586	3.65276
383.776	3.59919
382.969	3.54427
382.166	3.48795
381.367	3.43033
380.57	3.37159
379.777	3.31204
378.987	3.25216
378.201	3.19286
377.418	3.13568
376.638	3.08311
375.861	3.03864
375.087	3.00672
374.317	2.9923
373.55	3.00017
372.785	3.03409
372.024	3.09592
371.267	3.18496
370.512	3.29767
369.76	3.42792
369.011	3.56765
368.266	3.70803
367.523	3.84072
366.783	3.95904
366.047	4.05881
365.313	4.13873
364.582	4.20011
363.854	4.24623
363.129	4.28131
362.407	4.30952
361.688	4.33408
360.971	4.35683
360.258	4.37806
359.547	4.39693
358.839	4.41196
358.134	4.4217
357.432	4.42523
356.732	4.42248
356.035	4.41422
355.341	4.40182
354.649	4.38688
353.96	4.3708
353.274	4.35452
352.591	4.33837
351.91	4.32213
351.232	4.30527
350.556	4.28721
349.883	4.26756
349.213	4.24628
348.545	4.22365
347.879	4.20023
347.217	4.17659
346.556	4.15321
345.899	4.13029
345.243	4.10775
344.591	4.0853
343.94	4.06254
343.292	4.03913
342.647	4.01489
342.004	3.98989
341.363	3.96437
340.725	3.93867
340.089	3.91311
339.456	3.88792
338.825	3.86312
338.196	3.83861
337.569	3.81416
336.945	3.78954
336.324	3.76459
335.704	3.73931
335.087	3.71382
334.472	3.68833
333.859	3.6631
333.249	3.63833
332.64	3.61409
332.034	3.59038
331.43	3.56705
330.829	3.54397
330.229	3.52102
329.632	3.49815
329.037	3.47544
328.444	3.45305
327.853	3.43121
327.264	3.41011
326.678	3.38988
326.093	3.37057
325.511	3.35212
324.93	3.33438
324.352	3.31719
323.776	3.30044
323.201	3.28403
322.629	3.26799
322.059	3.2524
321.491	3.23741
320.925	3.22317
320.361	3.20983
319.799	3.19744
319.238	3.18599
318.68	3.17534
318.124	3.1652
317.57	3.15519
317.017	3.14484
316.467	3.13362
315.918	3.12109
315.371	3.10694
314.826	3.09113
314.284	3.07397
313.743	3.05612
313.203	3.0386
312.666	3.02262
312.13	3.00944
311.597	3.00005
311.065	2.99502
310.535	2.99425
310.007	2.99695
309.48	3.00168
308.956	3.00656
308.433	3.00957
307.912	3.00891
307.392	3.00329
306.875	2.99213
306.359	2.97567
305.845	2.95484
305.332	2.93105
304.821	2.90583
304.312	2.8806
303.805	2.85635
303.3	2.83353
302.796	2.81209
302.293	2.79159
301.793	2.77141
301.294	2.75098
300.797	2.72996
300.301	2.70829
299.807	2.68623
299.314	2.6642
298.824	2.64267
298.335	2.62199
297.847	2.6023
297.361	2.58354
296.877	2.56544
296.394	2.54769
295.912	2.52998
295.433	2.51215
294.955	2.4942
294.478	2.47621
294.003	2.45835
293.529	2.4407
293.057	2.42324
292.587	2.40581
292.118	2.3882
291.65	2.37022
291.184	2.35189
290.72	2.33353
290.257	2.31583
289.795	2.29982
289.335	2.28667
288.877	2.27755
288.419	2.27332
287.964	2.27433
287.509	2.28025
287.057	2.29008
286.605	2.30226
286.155	2.31486
285.706	2.32594
285.259	2.3338
284.813	2.33724
284.369	2.33573
283.926	2.3294
283.484	2.31892
283.044	2.30533
282.605	2.2898
282.168	2.27336
281.731	2.25674
281.297	2.24033
280.863	2.2241
280.431	2.20778
280	2.19094
