1200	1.30733
1192.15	1.29013
1184.4	1.2725
1176.75	1.25448
1169.21	1.23664
1161.75	1.21937
1154.39	1.20243
1147.13	1.18526
1139.95	1.16764
1132.86	1.14993
1125.87	1.13267
1118.95	1.11592
1112.13	1.0992
1105.38	1.08208
1098.72	1.06468
1092.13	1.04751
1085.63	1.03089
1079.2	1.01456
1072.84	0.998008
1066.56	0.981071
1060.36	0.964135
1054.23	0.94766
1048.16	0.931648
1042.17	0.915646
1036.24	0.899291
1030.38	0.882738
1024.59	0.866469
1018.86	0.850724
1013.2	0.835224
1007.6	0.819508
1002.06	0.803483
996.576	0.787527
991.156	0.772039
985.795	0.756969
980.491	0.741888
975.244	0.726499
970.053	0.710986
964.917	0.695792
959.835	0.681092
954.806	0.666595
949.83	0.651897
944.905	0.636956
940.031	0.622138
935.207	0.607781
930.433	0.593799
925.707	0.579791
921.028	0.56552
916.397	0.551191
911.812	0.537201
907.273	0.523671
902.778	0.510312
898.328	0.496771
893.922	0.483051
889.559	0.469499
885.238	0.456396
880.958	0.443629
876.72	0.430832
872.523	0.417826
868.365	0.404824
864.247	0.392175
860.168	0.379957
856.127	0.36789
852.124	0.355677
848.159	0.343355
844.23	0.331244
840.337	0.319573
836.48	0.308211
832.658	0.296839
828.871	0.285326
825.118	0.273884
821.399	0.262814
817.714	0.252155
814.061	0.24165
810.441	0.23106
806.853	0.220445
803.296	0.210089
799.771	0.20017
796.277	0.190557
792.813	0.18098
789.379	0.171354
785.974	0.161876
782.599	0.152791
779.253	0.144113
775.935	0.13562
772.645	0.127131
769.383	0.118718
766.149	0.110617
762.941	0.102955
759.761	0.0956137
756.606	0.0883857
753.478	0.0812242
750.376	0.0742941
747.299	0.0677767
744.247	0.061667
741.22	0.0557984
738.218	0.050051
735.239	0.0444912
732.285	0.0392876
729.354	0.0345173
726.447	0.0300934
723.563	0.0258857
720.702	0.0218775
717.863	0.018177
715.046	0.0148865
712.251	0.0119958
709.479	0.00941688
706.727	0.00709886
703.997	0.00508076
701.288	0.00343375
698.6	0.00218217
695.932	0.00129805
693.285	0.000754869
690.657	0.000557445
688.05	0.000718227
685.462	0.00123426
682.893	0.00210849
680.344	0.00337581
677.814	0.00507245
675.302	0.00717405
672.809	0.00960007
670.334	0.0123128
667.878	0.0153961
665.439	0.0189848
663.018	0.0230942
660.615	0.0275614
658.229	0.0322158
655.86	0.0371105
653.508	0.0425112
651.173	0.0485939
648.854	0.0551812
646.553	0.061883
644.267	0.0685599
641.997	0.075578
639.744	0.0834505
637.506	0.0921484
635.283	0.100849
633.077	0.108542
630.885	0.114999
628.709	0.121087
626.547	0.128023
624.4	0.136274
622.268	0.145238
620.151	0.15405
618.048	0.162601
615.959	0.171604
613.884	0.181644
611.823	0.192377
609.776	0.202958
607.742	0.213308
605.723	0.224644
603.716	0.238235
601.723	0.253378
599.742	0.266837
597.775	0.274917
595.821	0.276752
593.879	0.27581
591.95	0.277916
590.034	0.287201
588.13	0.303326
586.238	0.322245
584.358	0.339621
582.49	0.353831
580.634	0.36622
578.79	0.37897
576.958	0.392912
575.137	0.40719
573.328	0.420571
571.53	0.432796
569.743	0.444672
567.967	0.457144
566.203	0.470449
564.449	0.484135
562.706	0.497699
560.974	0.51112
559.253	0.524882
557.542	0.539598
555.841	0.555565
554.151	0.572524
552.471	0.589778
550.802	0.606741
549.142	0.623613
547.492	0.641492
545.852	0.661383
544.222	0.682597
542.602	0.702078
540.991	0.715964
539.39	0.722759
537.798	0.725575
536.216	0.730992
534.643	0.744776
533.079	0.767676
531.524	0.794887
529.979	0.819774
528.442	0.83873
526.914	0.853095
525.395	0.866831
523.885	0.882518
522.383	0.899457
520.89	0.915239
519.405	0.928729
517.929	0.941264
516.461	0.955088
515.002	0.970913
513.551	0.987211
512.108	1.0018
510.673	1.01395
509.246	1.02484
507.827	1.03626
506.415	1.049
505.012	1.0625
503.616	1.07584
502.229	1.08853
500.848	1.10058
499.476	1.11199
498.111	1.12272
496.753	1.13316
495.402	1.14444
494.059	1.15782
492.724	1.17374
491.395	1.19143
490.074	1.20968
488.759	1.22787
487.452	1.24629
486.152	1.26538
484.858	1.28486
483.572	1.30379
482.292	1.32148
481.019	1.3381
479.753	1.35437
478.493	1.37057
477.24	1.38609
475.994	1.40008
474.754	1.41229
473.52	1.42325
472.293	1.4335
471.072	1.44277
469.858	1.45019
468.649	1.45518
467.447	1.45804
466.251	1.45948
465.062	1.4597
463.878	1.45815
462.7	1.45433
461.528	1.44874
460.362	1.44293
459.202	1.43855
458.048	1.43672
456.9	1.43848
455.757	1.44591
454.62	1.46219
453.489	1.49003
452.363	1.52951
451.243	1.57756
450.129	1.6296
449.02	1.68207
447.916	1.73331
446.818	1.78222
445.725	1.82645
444.638	1.86228
443.556	1.88682
442.479	1.90024
441.407	1.90572
440.34	1.90699
439.279	1.90561
438.223	1.90065
437.171	1.89086
436.125	1.87672
435.084	1.86041
434.048	1.84354
433.017	1.82537
431.99	1.8035
430.969	1.77635
429.952	1.74498
428.94	1.71213
427.933	1.6795
426.93	1.64614
425.932	1.6099
424.939	1.57072
423.951	1.53239
422.967	1.50084
421.987	1.4802
421.012	1.47057
420.042	1.47002
419.076	1.47947
418.115	1.506
417.158	1.56109
416.205	1.65408
415.257	1.78562
414.313	1.94575
413.373	2.11811
412.437	2.28698
411.506	2.44239
410.579	2.58051
409.656	2.70059
408.737	2.80189
407.823	2.88321
406.912	2.94454
406.005	2.98832
405.103	3.0188
404.204	3.03982
403.31	3.05321
402.419	3.05921
401.533	3.05822
400.65	3.05191
399.771	3.04264
398.896	3.03182
398.025	3.01922
397.157	3.00383
396.294	2.98552
395.434	2.96564
394.578	2.94585
393.725	2.92647
392.877	2.90618
392.031	2.88358
391.19	2.85887
390.352	2.83391
389.518	2.81033
388.687	2.78743
387.86	2.76232
387.036	2.73251
386.216	2.69864
385.399	2.66478
384.586	2.63562
383.776	2.61281
382.969	2.59366
382.166	2.57311
381.367	2.54753
380.57	2.51692
379.777	2.48418
378.987	2.45229
378.201	2.42209
377.418	2.39239
376.638	2.36169
375.861	2.32974
375.087	2.29761
374.317	2.2664
373.55	2.23625
372.785	2.2064
372.024	2.17624
371.267	2.14593
370.512	2.11615
369.76	2.0873
369.011	2.05904
368.266	2.03078
367.523	2.0025
366.783	1.97509
366.047	1.94986
365.313	1.92773
364.582	1.90899
363.854	1.89394
363.129	1.88375
362.407	1.88056
361.688	1.88665
360.971	1.90325
360.258	1.93013
359.547	1.96629
358.839	2.0111
358.134	2.06477
357.432	2.12757
356.732	2.19841
356.035	2.27405
355.341	2.34969
354.649	2.42059
353.96	2.4835
353.274	2.53697
352.591	2.58063
351.91	2.61437
351.232	2.6381
350.556	2.65223
349.883	2.65799
349.213	2.65721
348.545	2.65155
347.879	2.64201
347.217	2.62901
346.556	2.61297
345.899	2.59471
345.243	2.57523
344.591	2.5552
343.94	2.53472
343.292	2.51362
342.647	2.49193
342.004	2.47015
341.363	2.44883
340.725	2.42818
340.089	2.40797
339.456	2.38789
338.825	2.36802
338.196	2.34877
337.569	2.33049
336.945	2.31318
336.324	2.29649
335.704	2.2802
335.087	2.26451
334.472	2.24983
333.859	2.23644
333.249	2.22422
332.64	2.21286
332.034	2.20231
331.43	2.19285
330.829	2.18486
330.229	2.17842
329.632	2.17325
329.037	2.16894
328.444	2.16533
327.853	2.16254
327.264	2.16061
326.678	2.15927
326.093	2.15797
325.511	2.15628
324.93	2.1541
324.352	2.15162
323.776	2.14897
323.201	2.14605
322.629	2.14263
322.059	2.13859
321.491	2.1341
320.925	2.12945
320.361	2.12485
319.799	2.12023
319.238	2.11542
318.68	2.11029
318.124	2.10488
317.57	2.0993
317.017	2.09378
316.467	2.08857
315.918	2.08396
315.371	2.08012
314.826	2.07695
314.284	2.0741
313.743	2.07121
313.203	2.06816
312.666	2.06519
312.13	2.06269
311.597	2.06087
311.065	2.05961
310.535	2.05867
310.007	2.05793
309.48	2.05753
308.956	2.0577
308.433	2.05857
307.912	2.06003
307.392	2.06182
306.875	2.06375
306.359	2.06579
305.845	2.06806
305.332	2.07072
304.821	2.07383
304.312	2.07728
303.805	2.08076
303.3	2.08404
302.796	2.08718
302.293	2.09063
301.793	2.09489
301.294	2.09988
300.797	2.10458
300.301	2.10755
299.807	2.10814
299.314	2.10743
298.824	2.10788
298.335	2.11166
297.847	2.11894
297.361	2.12754
296.877	2.13452
296.394	2.1383
295.912	2.13966
295.433	2.14071
294.955	2.14291
294.478	2.14602
294.003	2.14883
293.529	2.15084
293.057	2.15312
292.587	2.15748
292.118	2.16483
291.65	2.17444
291.184	2.18479
290.72	2.1951
290.257	2.20606
289.795	2.21898
289.335	2.2344
288.877	2.2516
288.419	2.26943
287.964	2.28747
287.509	2.30631
287.057	2.3265
286.605	2.34753
286.155	2.36778
285.706	2.38563
285.259	2.40067
284.813	2.41374
284.369	2.42589
283.926	2.43735
283.484	2.44746
283.044	2.45562
282.605	2.46207
282.168	2.46787
281.731	2.47392
281.297	2.48013
280.863	2.48547
280.431	2.48884
280	2.49007
