1200	99.5006
1192.15	99.5044
1184.4	99.5104
1176.75	99.5159
1169.21	99.5186
1161.75	99.5185
1154.39	99.5178
1147.13	99.519
1139.95	99.5232
1132.86	99.5289
1125.87	99.5334
1118.95	99.5349
1112.13	99.5339
1105.38	99.5331
1098.72	99.5347
1092.13	99.5392
1085.63	99.5446
1079.2	99.5482
1072.84	99.5485
1066.56	99.547
1060.36	99.5462
1054.23	99.5484
1048.16	99.5533
1042.17	99.5583
1036.24	99.5609
1030.38	99.5603
1024.59	99.5584
1018.86	99.558
1013.2	99.5609
1007.6	99.5661
1002.06	99.5707
996.576	99.5724
991.156	99.571
985.795	99.5689
980.491	99.5692
975.244	99.5729
970.053	99.5784
964.917	99.5825
959.835	99.5832
954.806	99.5812
949.83	99.5793
944.905	99.5804
940.031	99.5849
935.207	99.5906
930.433	99.5942
925.707	99.5941
921.028	99.5916
916.397	99.59
911.812	99.5919
907.273	99.5973
902.778	99.6032
898.328	99.6062
893.922	99.6052
889.559	99.6022
885.238	99.6009
880.958	99.6039
876.72	99.6101
872.523	99.6162
868.365	99.6185
864.247	99.6164
860.168	99.6129
856.127	99.612
852.124	99.616
848.159	99.6232
844.23	99.6294
840.337	99.6308
836.48	99.6275
832.658	99.6232
828.871	99.6226
825.118	99.628
821.399	99.6367
817.714	99.6433
814.061	99.6435
810.441	99.6379
806.853	99.6316
803.296	99.6311
799.771	99.6394
796.277	99.6527
792.813	99.6631
789.379	99.6629
785.974	99.6506
782.599	99.6318
779.253	99.6165
775.935	99.6127
772.645	99.6215
769.383	99.6365
766.149	99.6481
762.941	99.6498
759.761	99.6418
756.606	99.6309
753.478	99.6257
750.376	99.631
747.299	99.6448
744.247	99.6598
741.22	99.6682
738.218	99.6668
735.239	99.6592
732.285	99.6527
729.354	99.6542
726.447	99.6652
723.563	99.6809
720.702	99.6935
717.863	99.6971
715.046	99.6919
712.251	99.6841
709.479	99.6821
706.727	99.6908
703.997	99.7083
701.288	99.7265
698.6	99.737
695.932	99.7361
693.285	99.7283
690.657	99.7235
688.05	99.7304
685.462	99.7502
682.893	99.775
680.344	99.7926
677.814	99.7952
675.302	99.7848
672.809	99.7738
670.334	99.7765
667.878	99.7993
665.439	99.8351
663.018	99.8662
660.615	99.8752
658.229	99.8567
655.86	99.8217
653.508	99.7914
651.173	99.7841
648.854	99.8034
646.553	99.8358
644.267	99.8593
641.997	99.8578
639.744	99.8315
637.506	99.7958
635.283	99.7698
633.077	99.7632
630.885	99.7689
628.709	99.7691
626.547	99.748
624.4	99.7035
622.268	99.6487
620.151	99.6028
618.048	99.577
615.959	99.5666
613.884	99.5549
611.823	99.526
609.776	99.4762
607.742	99.4167
605.723	99.3632
603.716	99.3215
601.723	99.2794
599.742	99.2113
597.775	99.0946
595.821	98.9257
593.879	98.7257
591.95	98.5294
590.034	98.3671
588.13	98.2483
586.238	98.1607
584.358	98.082
582.49	97.9981
580.634	97.9127
578.79	97.8438
576.958	97.8087
575.137	97.8098
573.328	97.8312
571.53	97.8487
569.743	97.8461
567.967	97.825
566.203	97.8027
564.449	97.7986
562.706	97.8198
560.974	97.8559
559.253	97.8871
557.542	97.8981
555.841	97.8893
554.151	97.8757
552.471	97.8754
550.802	97.8968
549.142	97.9324
547.492	97.9651
545.852	97.9811
544.222	97.9795
542.602	97.9726
540.991	97.9765
539.39	97.9988
537.798	98.0334
536.216	98.0656
534.643	98.0833
533.079	98.0855
531.524	98.0831
529.979	98.0901
528.442	98.1131
526.914	98.1466
525.395	98.1775
523.885	98.195
522.383	98.1987
520.89	98.1986
519.405	98.2071
517.929	98.23
516.461	98.2618
515.002	98.2906
513.551	98.307
512.108	98.3113
510.673	98.3127
509.246	98.3224
507.827	98.3452
506.415	98.3757
505.012	98.4027
503.616	98.4182
502.229	98.4229
500.848	98.4258
499.476	98.4371
498.111	98.4605
496.753	98.4904
495.402	98.5165
494.059	98.5316
492.724	98.5371
491.395	98.5419
490.074	98.5554
488.759	98.5806
487.452	98.6115
486.152	98.6381
484.858	98.6542
483.572	98.6619
482.292	98.67
481.019	98.6876
479.753	98.7167
478.493	98.7511
477.24	98.7812
475.994	98.8011
474.754	98.8135
473.52	98.8275
472.293	98.8516
471.072	98.8874
469.858	98.928
468.649	98.9636
467.447	98.9885
466.251	99.0054
465.062	99.0232
463.878	99.0495
462.7	99.0847
461.528	99.1203
460.362	99.1446
459.202	99.15
458.048	99.1372
456.9	99.1125
455.757	99.0807
454.62	99.0384
453.489	98.9731
452.363	98.8699
451.243	98.7206
450.129	98.5296
449.02	98.3133
447.916	98.0924
446.818	97.8831
445.725	97.6927
444.638	97.5212
443.556	97.3671
442.479	97.2318
441.407	97.1201
440.34	97.0364
439.279	96.9799
438.223	96.9435
437.171	96.9168
436.125	96.8924
435.084	96.8688
434.048	96.8502
433.017	96.8416
431.99	96.8438
430.969	96.8526
429.952	96.8608
428.94	96.8637
427.933	96.862
426.93	96.8606
425.932	96.865
424.939	96.8765
423.951	96.8914
422.967	96.9036
421.987	96.9095
421.012	96.9101
420.042	96.9104
419.076	96.9156
418.115	96.9269
417.158	96.9409
416.205	96.9523
415.257	96.9577
414.313	96.9582
413.373	96.9583
412.437	96.9624
411.506	96.9716
410.579	96.9832
409.656	96.9931
408.737	96.9993
407.823	97.0032
406.912	97.0085
406.005	97.0179
405.103	97.0307
404.204	97.0431
403.31	97.0511
402.419	97.0534
401.533	97.0533
400.65	97.0561
399.771	97.0655
398.896	97.081
398.025	97.0978
397.157	97.1101
396.294	97.1152
395.434	97.115
394.578	97.1146
393.725	97.1189
392.877	97.1296
392.031	97.1441
391.19	97.1588
390.352	97.1712
389.518	97.1826
388.687	97.1963
387.86	97.2154
387.036	97.24
386.216	97.2673
385.399	97.293
384.586	97.3146
383.776	97.3319
382.969	97.3469
382.166	97.3611
381.367	97.3739
380.57	97.383
379.777	97.3861
378.987	97.3835
378.201	97.3784
377.418	97.3756
376.638	97.3784
375.861	97.3866
375.087	97.3966
374.317	97.404
373.55	97.4064
372.785	97.4052
372.024	97.4041
371.267	97.4072
370.512	97.416
369.76	97.4287
369.011	97.442
368.266	97.4531
367.523	97.4618
366.783	97.4702
366.047	97.481
365.313	97.4953
364.582	97.5117
363.854	97.5276
363.129	97.5406
362.407	97.5505
361.688	97.5593
360.971	97.5699
360.258	97.584
359.547	97.6013
358.839	97.6192
358.134	97.6351
357.432	97.6477
356.732	97.658
356.035	97.6686
355.341	97.6819
354.649	97.6983
353.96	97.7162
353.274	97.7326
352.591	97.7454
351.91	97.7544
351.232	97.7621
350.556	97.7714
349.883	97.7846
349.213	97.8013
348.545	97.8185
347.879	97.8326
347.217	97.8417
346.556	97.8463
345.899	97.85
345.243	97.8565
344.591	97.8682
343.94	97.884
343.292	97.9009
342.647	97.9152
342.004	97.9258
341.363	97.9343
340.725	97.9443
340.089	97.9587
339.456	97.9776
338.825	97.9981
338.196	98.0161
337.569	98.0292
336.945	98.0378
336.324	98.0453
335.704	98.0552
335.087	98.0688
334.472	98.0848
333.859	98.1003
333.249	98.1136
332.64	98.1255
332.034	98.1394
331.43	98.1579
330.829	98.1808
330.229	98.2047
329.632	98.2246
329.037	98.2383
328.444	98.2482
327.853	98.261
327.264	98.2836
326.678	98.3191
326.093	98.364
325.511	98.4106
324.93	98.4513
324.352	98.4829
323.776	98.5076
323.201	98.5304
322.629	98.5544
322.059	98.578
321.491	98.5951
320.925	98.5999
320.361	98.5917
319.799	98.5763
319.238	98.5636
318.68	98.5618
318.124	98.5724
317.57	98.5897
317.017	98.6045
316.467	98.6104
315.918	98.6073
315.371	98.6018
314.826	98.6019
314.284	98.6123
313.743	98.631
313.203	98.6512
312.666	98.6663
312.13	98.6739
311.597	98.6772
311.065	98.6822
310.535	98.6934
310.007	98.7103
309.48	98.7282
308.956	98.7415
308.433	98.7473
307.912	98.7475
307.392	98.7473
306.875	98.7511
306.359	98.7602
305.845	98.7715
305.332	98.7808
304.821	98.7852
304.312	98.7855
303.805	98.7853
303.3	98.788
302.796	98.7944
302.293	98.8016
301.793	98.8054
301.294	98.8029
300.797	98.7949
300.301	98.7862
299.807	98.7823
299.314	98.786
298.824	98.7953
298.335	98.8037
297.847	98.8033
297.361	98.7891
296.877	98.7614
296.394	98.7255
295.912	98.6888
295.433	98.6568
294.955	98.6307
294.478	98.6078
294.003	98.5844
293.529	98.5595
293.057	98.5362
292.587	98.5207
292.118	98.5173
291.65	98.5257
291.184	98.5394
290.72	98.5495
290.257	98.5497
289.795	98.5409
289.335	98.5311
288.877	98.5305
288.419	98.5441
287.964	98.5682
287.509	98.5914
287.057	98.602
286.605	98.5957
286.155	98.5794
285.706	98.5671
285.259	98.5708
284.813	98.5921
284.369	98.6206
283.926	98.6398
283.484	98.6387
283.044	98.6194
282.605	98.5963
282.168	98.5867
281.731	98.5993
281.297	98.6274
280.863	98.6532
280.431	98.6603
280	98.6447
