1200	81.3285
1192.15	81.327
1184.4	81.3228
1176.75	81.3196
1169.21	81.3213
1161.75	81.33
1154.39	81.3457
1147.13	81.3665
1139.95	81.3889
1132.86	81.4087
1125.87	81.4227
1118.95	81.4294
1112.13	81.4295
1105.38	81.4256
1098.72	81.4216
1092.13	81.4215
1085.63	81.4278
1079.2	81.4415
1072.84	81.461
1066.56	81.4831
1060.36	81.5038
1054.23	81.5194
1048.16	81.5281
1042.17	81.5299
1036.24	81.5271
1030.38	81.5234
1024.59	81.5228
1018.86	81.5282
1013.2	81.5406
1007.6	81.5588
1002.06	81.5794
996.576	81.5985
991.156	81.6126
985.795	81.6198
980.491	81.6208
975.244	81.6189
970.053	81.6186
964.917	81.6244
959.835	81.6389
954.806	81.6617
949.83	81.6884
944.905	81.7118
940.031	81.7231
935.207	81.7143
930.433	81.6809
925.707	81.623
921.028	81.5468
916.397	81.4626
911.812	81.3836
907.273	81.3216
902.778	81.2849
898.328	81.2749
893.922	81.2858
889.559	81.3054
885.238	81.3179
880.958	81.3078
876.72	81.2638
872.523	81.1825
868.365	81.0695
864.247	80.9389
860.168	80.8101
856.127	80.7033
852.124	80.6344
848.159	80.6108
844.23	80.6288
840.337	80.6742
836.48	80.7244
832.658	80.754
828.871	80.7406
825.118	80.67
821.399	80.5403
817.714	80.3625
814.061	80.159
810.441	79.9586
806.853	79.7909
803.296	79.6794
799.771	79.6367
796.277	79.6624
792.813	79.7429
789.379	79.8552
785.974	79.9717
782.599	80.067
779.253	80.1224
775.935	80.13
772.645	80.0932
769.383	80.0249
766.149	79.9436
762.941	79.8681
759.761	79.8132
756.606	79.7858
753.478	79.7843
750.376	79.7994
747.299	79.8173
744.247	79.8238
741.22	79.8083
738.218	79.767
735.239	79.704
732.285	79.6298
729.354	79.5591
726.447	79.5071
723.563	79.4853
720.702	79.4991
717.863	79.5465
715.046	79.6185
712.251	79.7019
709.479	79.7823
706.727	79.8473
703.997	79.8896
701.288	79.9081
698.6	79.9076
695.932	79.8973
693.285	79.8877
690.657	79.8884
688.05	79.905
685.462	79.9385
682.893	79.9852
680.344	80.0379
677.814	80.0883
675.302	80.1289
672.809	80.1554
670.334	80.1672
667.878	80.1675
665.439	80.1623
663.018	80.1582
660.615	80.1611
658.229	80.1744
655.86	80.198
653.508	80.229
651.173	80.2626
648.854	80.2931
646.553	80.316
644.267	80.3291
641.997	80.3325
639.744	80.3292
637.506	80.3233
635.283	80.3194
633.077	80.321
630.885	80.3297
628.709	80.3445
626.547	80.3627
624.4	80.3805
622.268	80.3939
620.151	80.4002
618.048	80.3985
615.959	80.39
613.884	80.3775
611.823	80.3646
609.776	80.355
607.742	80.3511
605.723	80.3536
603.716	80.3616
601.723	80.3726
599.742	80.3833
597.775	80.3907
595.821	80.3926
593.879	80.3883
591.95	80.3785
590.034	80.3653
588.13	80.3511
586.238	80.3382
584.358	80.3284
582.49	80.322
580.634	80.3185
578.79	80.3164
576.958	80.3138
575.137	80.3092
573.328	80.3013
571.53	80.2899
569.743	80.2756
567.967	80.2594
566.203	80.2423
564.449	80.2252
562.706	80.2087
560.974	80.1926
559.253	80.1764
557.542	80.1595
555.841	80.1411
554.151	80.121
552.471	80.0991
550.802	80.0758
549.142	80.0512
547.492	80.0258
545.852	79.9995
544.222	79.972
542.602	79.9432
540.991	79.9129
539.39	79.8817
537.798	79.8509
536.216	79.8222
534.643	79.7981
533.079	79.7811
531.524	79.7729
529.979	79.7744
528.442	79.7846
526.914	79.8015
525.395	79.8216
523.885	79.8409
522.383	79.8559
520.89	79.8641
519.405	79.8648
517.929	79.8592
516.461	79.8504
515.002	79.8421
513.551	79.8381
512.108	79.8412
510.673	79.8525
509.246	79.8708
507.827	79.8932
506.415	79.9154
505.012	79.933
503.616	79.9427
502.229	79.9428
500.848	79.9343
499.476	79.9202
498.111	79.9053
496.753	79.8947
495.402	79.8929
494.059	79.9023
492.724	79.9226
491.395	79.9508
490.074	79.9818
488.759	80.009
487.452	80.0258
486.152	80.0271
484.858	80.0097
483.572	79.9732
482.292	79.9199
481.019	79.8534
479.753	79.7786
478.493	79.6998
477.24	79.6202
475.994	79.5413
474.754	79.4631
473.52	79.3844
472.293	79.3036
471.072	79.2194
469.858	79.1317
468.649	79.042
467.447	78.9528
466.251	78.8677
465.062	78.7901
463.878	78.7229
462.7	78.6675
461.528	78.6234
460.362	78.5887
459.202	78.56
458.048	78.5335
456.9	78.5054
455.757	78.4732
454.62	78.4355
453.489	78.3926
452.363	78.3458
451.243	78.2974
450.129	78.2499
449.02	78.2052
447.916	78.1646
446.818	78.1282
445.725	78.0955
444.638	78.0652
443.556	78.0358
442.479	78.0058
441.407	77.9743
440.34	77.9407
439.279	77.905
438.223	77.8676
437.171	77.8289
436.125	77.7898
435.084	77.7506
434.048	77.7119
433.017	77.6742
431.99	77.6379
430.969	77.6033
429.952	77.5706
428.94	77.5398
427.933	77.5105
426.93	77.4819
425.932	77.4528
424.939	77.4219
423.951	77.3882
422.967	77.3509
421.987	77.3106
421.012	77.2688
420.042	77.228
419.076	77.1918
418.115	77.1639
417.158	77.1475
416.205	77.1447
415.257	77.1559
414.313	77.1795
413.373	77.2119
412.437	77.2488
411.506	77.285
410.579	77.3165
409.656	77.3406
408.737	77.3572
407.823	77.3682
406.912	77.3776
406.005	77.3906
405.103	77.4124
404.204	77.447
403.31	77.4966
402.419	77.5608
401.533	77.6369
400.65	77.7206
399.771	77.8069
398.896	77.8912
398.025	77.9706
397.157	78.0442
396.294	78.1134
395.434	78.1814
394.578	78.2525
393.725	78.3307
392.877	78.419
392.031	78.5183
391.19	78.6274
390.352	78.7432
389.518	78.8613
388.687	78.9774
387.86	79.0878
387.036	79.1909
386.216	79.287
385.399	79.3783
384.586	79.4682
383.776	79.5602
382.969	79.6565
382.166	79.7574
381.367	79.8603
380.57	79.9598
379.777	80.0485
378.987	80.1178
378.201	80.1595
377.418	80.1674
376.638	80.1378
375.861	80.071
375.087	79.9706
374.317	79.8436
373.55	79.6988
372.785	79.5463
372.024	79.3956
371.267	79.2548
370.512	79.13
369.76	79.0248
369.011	78.9408
368.266	78.8775
367.523	78.8333
366.783	78.8058
366.047	78.7927
365.313	78.7913
364.582	78.7997
363.854	78.8156
363.129	78.8375
362.407	78.8635
361.688	78.8921
360.971	78.922
360.258	78.952
359.547	78.9816
358.839	79.0105
358.134	79.0392
357.432	79.0681
356.732	79.098
356.035	79.1294
355.341	79.1622
354.649	79.1961
353.96	79.23
353.274	79.2625
352.591	79.2923
351.91	79.3182
351.232	79.3396
350.556	79.3565
349.883	79.3696
349.213	79.3801
348.545	79.3891
347.879	79.3975
347.217	79.4054
346.556	79.412
345.899	79.4155
345.243	79.4134
344.591	79.4029
343.94	79.3812
343.292	79.3464
342.647	79.298
342.004	79.2368
341.363	79.1651
340.725	79.0869
340.089	79.0065
339.456	78.929
338.825	78.8591
338.196	78.8005
337.569	78.7561
336.945	78.7275
336.324	78.7148
335.704	78.7173
335.087	78.7334
334.472	78.761
333.859	78.7978
333.249	78.8413
332.64	78.8893
332.034	78.9396
331.43	78.9903
330.829	79.0397
330.229	79.0865
329.632	79.1301
329.037	79.1702
328.444	79.2071
327.853	79.2417
327.264	79.2754
326.678	79.3098
326.093	79.3463
325.511	79.3861
324.93	79.4299
324.352	79.4775
323.776	79.5281
323.201	79.5807
322.629	79.6336
322.059	79.6856
321.491	79.7358
320.925	79.7836
320.361	79.8297
319.799	79.8748
319.238	79.9202
318.68	79.9674
318.124	80.0173
317.57	80.0704
317.017	80.1264
316.467	80.1845
315.918	80.2434
315.371	80.3016
314.826	80.3579
314.284	80.4115
313.743	80.4625
313.203	80.5113
312.666	80.5593
312.13	80.6077
311.597	80.6577
311.065	80.7101
310.535	80.7651
310.007	80.8221
309.48	80.88
308.956	80.9377
308.433	80.9938
307.912	81.0478
307.392	81.0997
306.875	81.15
306.359	81.2002
305.845	81.2516
305.332	81.3059
304.821	81.3638
304.312	81.4255
303.805	81.4903
303.3	81.5567
302.796	81.6229
302.293	81.6871
301.793	81.7479
301.294	81.8049
300.797	81.8587
300.301	81.911
299.807	81.9641
299.314	82.0204
298.824	82.0821
298.335	82.1505
297.847	82.2258
297.361	82.3067
296.877	82.3912
296.394	82.4765
295.912	82.56
295.433	82.6395
294.955	82.7141
294.478	82.7841
294.003	82.851
293.529	82.9173
293.057	82.9858
292.587	83.0592
292.118	83.1393
291.65	83.2268
291.184	83.321
290.72	83.4205
290.257	83.5229
289.795	83.6258
289.335	83.7273
288.877	83.8263
288.419	83.9227
287.964	84.0175
287.509	84.1124
287.057	84.2093
286.605	84.3098
286.155	84.4148
285.706	84.5244
285.259	84.6376
284.813	84.7529
284.369	84.8682
283.926	84.9816
283.484	85.0917
283.044	85.198
282.605	85.3005
282.168	85.4001
281.731	85.4979
281.297	85.5952
280.863	85.6925
280.431	85.7903
280	85.8878
