1200	1.27692
1192.15	1.25958
1184.4	1.24218
1176.75	1.22493
1169.21	1.20793
1161.75	1.19105
1154.39	1.17409
1147.13	1.15699
1139.95	1.13992
1132.86	1.12306
1125.87	1.10644
1118.95	1.08987
1112.13	1.07319
1105.38	1.05643
1098.72	1.03978
1092.13	1.02339
1085.63	1.00719
1079.2	0.990984
1072.84	0.974668
1066.56	0.958349
1060.36	0.942222
1054.23	0.926356
1048.16	0.91062
1042.17	0.894834
1036.24	0.878972
1030.38	0.863189
1024.59	0.84765
1018.86	0.832348
1013.2	0.817114
1007.6	0.801811
1002.06	0.786485
996.576	0.771315
991.156	0.756412
985.795	0.741698
980.491	0.726998
975.244	0.712237
970.053	0.697519
964.917	0.683016
959.835	0.668772
954.806	0.65466
949.83	0.640524
944.905	0.626356
940.031	0.612302
935.207	0.598498
930.433	0.584921
925.707	0.571418
921.028	0.557877
916.397	0.544352
911.812	0.531001
907.273	0.517911
902.778	0.505001
898.328	0.492118
893.922	0.479207
889.559	0.466371
885.238	0.453757
880.958	0.44139
876.72	0.429152
872.523	0.416913
868.365	0.404678
864.247	0.392581
860.168	0.380733
856.127	0.369104
852.124	0.357558
848.159	0.346008
844.23	0.334514
840.337	0.323214
836.48	0.312172
832.658	0.301314
828.871	0.290509
825.118	0.279725
821.399	0.269057
817.714	0.258628
814.061	0.248453
810.441	0.238427
806.853	0.22845
803.296	0.218538
799.771	0.208807
796.277	0.199346
792.813	0.190124
789.379	0.181032
785.974	0.172007
782.599	0.163107
779.253	0.154446
775.935	0.146073
772.645	0.137923
769.383	0.129901
766.149	0.121986
762.941	0.114263
759.761	0.106825
756.606	0.0996807
753.478	0.0927505
750.376	0.0859649
747.299	0.0793431
744.247	0.0729736
741.22	0.0669195
738.218	0.0611572
735.239	0.055612
732.285	0.0502468
729.354	0.0451045
726.447	0.0402611
723.563	0.0357469
720.702	0.031523
717.863	0.0275331
715.046	0.0237691
712.251	0.0202783
709.479	0.0171122
706.727	0.0142767
703.997	0.0117363
701.288	0.00945988
698.6	0.00745368
695.932	0.00575009
693.285	0.0043733
690.657	0.00332184
688.05	0.00258001
685.462	0.00213612
682.893	0.00198653
680.344	0.00213076
677.814	0.00257296
675.302	0.00332631
672.809	0.00440184
670.334	0.00578076
667.878	0.00740153
665.439	0.00918964
663.018	0.0111112
660.615	0.0131937
658.229	0.0154846
655.86	0.0179899
653.508	0.0206694
651.173	0.023506
648.854	0.0265727
646.553	0.0300119
644.267	0.0339308
641.997	0.0383263
639.744	0.0431288
637.506	0.0483198
635.283	0.0539785
633.077	0.0601832
630.885	0.0668718
628.709	0.073844
626.547	0.0809426
624.4	0.0882279
622.268	0.0959252
620.151	0.104161
618.048	0.112775
615.959	0.12145
613.884	0.130076
611.823	0.138923
609.776	0.148391
607.742	0.158537
605.723	0.168932
603.716	0.179099
601.723	0.18911
599.742	0.199636
597.775	0.211257
595.821	0.223702
593.879	0.235966
591.95	0.247417
590.034	0.258784
588.13	0.271713
586.238	0.286858
584.358	0.302216
582.49	0.313731
580.634	0.318345
578.79	0.317213
576.958	0.316024
575.137	0.321536
573.328	0.336816
571.53	0.359092
569.743	0.382139
567.967	0.401168
566.203	0.416017
564.449	0.430045
562.706	0.446154
560.974	0.463929
559.253	0.480582
557.542	0.494452
555.841	0.507206
554.151	0.522178
552.471	0.540372
550.802	0.558276
549.142	0.570228
547.492	0.573637
545.852	0.57234
544.222	0.5747
542.602	0.587738
540.991	0.612174
539.39	0.642478
537.798	0.671594
536.216	0.696049
534.643	0.717309
533.079	0.738952
531.524	0.762878
529.979	0.78809
528.442	0.812567
526.914	0.835789
525.395	0.859255
523.885	0.884767
522.383	0.912577
520.89	0.941379
519.405	0.969988
517.929	0.998735
516.461	1.0291
515.002	1.06208
513.551	1.09714
512.108	1.13284
510.673	1.16842
509.246	1.20448
507.827	1.24216
506.415	1.28166
505.012	1.32183
503.616	1.36118
502.229	1.39931
500.848	1.43704
499.476	1.47528
498.111	1.51377
496.753	1.55116
495.402	1.58631
494.059	1.61945
492.724	1.6519
491.395	1.68472
490.074	1.71783
488.759	1.75047
487.452	1.78255
486.152	1.81527
484.858	1.85014
483.572	1.88734
482.292	1.92509
481.019	1.96074
479.753	1.99271
478.493	2.02127
477.24	2.04761
475.994	2.07215
474.754	2.09392
473.52	2.11153
472.293	2.12465
471.072	2.13442
469.858	2.14236
468.649	2.14904
467.447	2.15395
466.251	2.15671
465.062	2.15832
463.878	2.16086
462.7	2.16589
461.528	2.17293
460.362	2.17973
459.202	2.18417
458.048	2.186
456.9	2.18703
455.757	2.18945
454.62	2.19402
453.489	2.19961
452.363	2.20427
451.243	2.20665
450.129	2.20643
449.02	2.20374
447.916	2.19865
446.818	2.19136
445.725	2.18291
444.638	2.17507
443.556	2.16919
442.479	2.16474
441.407	2.15911
440.34	2.14932
439.279	2.1345
438.223	2.11709
437.171	2.10146
436.125	2.09096
435.084	2.0856
434.048	2.082
433.017	2.07575
431.99	2.06407
430.969	2.04711
429.952	2.02697
428.94	2.0058
427.933	1.98444
426.93	1.96247
425.932	1.93921
424.939	1.91464
423.951	1.88945
422.967	1.86434
421.987	1.83948
421.012	1.81437
420.042	1.7884
419.076	1.76124
418.115	1.73302
417.158	1.7039
416.205	1.67373
415.257	1.64201
414.313	1.60819
413.373	1.572
412.437	1.53357
411.506	1.49316
410.579	1.45084
409.656	1.40643
408.737	1.35974
407.823	1.31099
406.912	1.26094
406.005	1.21072
405.103	1.16155
404.204	1.11475
403.31	1.07206
402.419	1.03613
401.533	1.0107
400.65	1.00018
399.771	1.00897
398.896	1.04081
398.025	1.09825
397.157	1.18224
396.294	1.29155
395.434	1.42209
394.578	1.56691
393.725	1.71703
392.877	1.86334
392.031	1.99845
391.19	2.11781
390.352	2.21941
389.518	2.30282
388.687	2.3684
387.86	2.41704
387.036	2.45048
386.216	2.47124
385.399	2.48204
384.586	2.48492
383.776	2.481
382.969	2.47083
382.166	2.45523
381.367	2.43555
380.57	2.41328
379.777	2.38926
378.987	2.36351
378.201	2.33567
377.418	2.30592
376.638	2.27519
375.861	2.24467
375.087	2.21501
374.317	2.18605
373.55	2.15744
372.785	2.12958
372.024	2.10395
371.267	2.08248
370.512	2.06655
369.76	2.05669
369.011	2.05324
368.266	2.05747
367.523	2.07193
366.783	2.09952
366.047	2.14189
365.313	2.19837
364.582	2.26641
363.854	2.34303
363.129	2.4261
362.407	2.51442
361.688	2.60641
360.971	2.69881
360.258	2.78649
359.547	2.86385
358.839	2.92689
358.134	2.97452
357.432	3.00845
356.732	3.03157
356.035	3.04628
355.341	3.05358
354.649	3.05344
353.96	3.04586
353.274	3.03175
352.591	3.01292
351.91	2.99136
351.232	2.96825
350.556	2.94361
349.883	2.91676
349.213	2.88727
348.545	2.85575
347.879	2.82379
347.217	2.7931
346.556	2.76454
345.899	2.73762
345.243	2.71108
344.591	2.68398
343.94	2.65643
343.292	2.62955
342.647	2.60455
342.004	2.58182
341.363	2.56059
340.725	2.53958
340.089	2.51789
339.456	2.49552
338.825	2.47317
338.196	2.45152
337.569	2.4308
336.945	2.4108
336.324	2.39128
335.704	2.37231
335.087	2.35419
334.472	2.33712
333.859	2.32104
333.249	2.30573
332.64	2.29111
332.034	2.27743
331.43	2.26508
330.829	2.25428
330.229	2.24488
329.632	2.2365
329.037	2.22878
328.444	2.22157
327.853	2.21476
327.264	2.20815
326.678	2.20132
326.093	2.19384
325.511	2.18557
324.93	2.17667
324.352	2.16748
323.776	2.15825
323.201	2.14905
322.629	2.13988
322.059	2.13082
321.491	2.12207
320.925	2.11382
320.361	2.10608
319.799	2.09875
319.238	2.09171
318.68	2.085
318.124	2.07879
317.57	2.07319
317.017	2.06814
316.467	2.06349
315.918	2.05917
315.371	2.05526
314.826	2.05196
314.284	2.04939
313.743	2.04747
313.203	2.04608
312.666	2.0452
312.13	2.04501
311.597	2.04578
311.065	2.0476
310.535	2.05038
310.007	2.05388
309.48	2.05798
308.956	2.06268
308.433	2.06799
307.912	2.07373
307.392	2.07948
306.875	2.08479
306.359	2.08947
305.845	2.09361
305.332	2.09747
304.821	2.10115
304.312	2.10453
303.805	2.10744
303.3	2.10991
302.796	2.11225
302.293	2.11484
301.793	2.11779
301.294	2.1209
300.797	2.12386
300.301	2.12662
299.807	2.12951
299.314	2.13298
298.824	2.13711
298.335	2.14155
297.847	2.14577
297.361	2.14958
296.877	2.15341
296.394	2.15788
295.912	2.16319
295.433	2.16888
294.955	2.17424
294.478	2.17912
294.003	2.18425
293.529	2.19066
293.057	2.19841
292.587	2.20608
292.118	2.21146
291.65	2.21334
291.184	2.21288
290.72	2.21313
290.257	2.21699
289.795	2.22493
289.335	2.23461
288.877	2.24268
288.419	2.24747
287.964	2.25015
287.509	2.25341
287.057	2.25881
286.605	2.26525
286.155	2.26996
285.706	2.27116
285.259	2.27
284.813	2.26996
284.369	2.27406
283.926	2.28252
283.484	2.29291
283.044	2.30255
282.605	2.31094
282.168	2.31989
281.731	2.33125
281.297	2.34452
280.863	2.35663
280.431	2.36433
280	2.36695
