1200	0.974884
1192.15	0.962499
1184.4	0.949698
1176.75	0.936493
1169.21	0.923346
1161.75	0.910694
1154.39	0.898502
1147.13	0.886307
1139.95	0.873706
1132.86	0.860769
1125.87	0.847962
1118.95	0.83567
1112.13	0.8238
1105.38	0.811892
1098.72	0.799593
1092.13	0.787027
1085.63	0.774657
1079.2	0.762813
1072.84	0.751356
1066.56	0.739828
1060.36	0.727932
1054.23	0.715834
1048.16	0.70399
1042.17	0.692678
1036.24	0.681715
1030.38	0.670653
1024.59	0.659246
1018.86	0.647701
1013.2	0.636459
1007.6	0.625747
1002.06	0.615344
996.576	0.604817
991.156	0.59397
985.795	0.583041
980.491	0.572458
975.244	0.562394
970.053	0.552598
964.917	0.542654
959.835	0.532413
954.806	0.522143
949.83	0.51225
944.905	0.502862
940.031	0.493699
935.207	0.484365
930.433	0.474755
925.707	0.465162
921.028	0.455972
916.397	0.447268
911.812	0.438744
907.273	0.430026
902.778	0.421053
898.328	0.412139
893.922	0.403649
889.559	0.395621
885.238	0.38773
880.958	0.379622
876.72	0.371279
872.523	0.363035
868.365	0.355232
864.247	0.347868
860.168	0.340597
856.127	0.333086
852.124	0.325359
848.159	0.317769
844.23	0.310639
840.337	0.303924
836.48	0.297257
832.658	0.290325
828.871	0.283193
825.118	0.276239
821.399	0.269765
817.714	0.263682
814.061	0.257597
810.441	0.251215
806.853	0.244649
803.296	0.238305
799.771	0.23247
796.277	0.227002
792.813	0.221469
789.379	0.215595
785.974	0.209549
782.599	0.203791
779.253	0.198594
775.935	0.193745
772.645	0.188741
769.383	0.183311
766.149	0.177727
762.941	0.172559
759.761	0.168082
756.606	0.16392
753.478	0.159344
750.376	0.15402
747.299	0.148531
744.247	0.144121
741.22	0.141798
738.218	0.141497
735.239	0.142024
732.285	0.141825
729.354	0.139976
726.447	0.136621
723.563	0.1326
720.702	0.128669
717.863	0.125002
715.046	0.121303
712.251	0.117292
709.479	0.113044
706.727	0.108894
703.997	0.105078
701.288	0.101513
698.6	0.09793
695.932	0.094193
693.285	0.0904503
690.657	0.0869624
688.05	0.0837965
685.462	0.0807199
682.893	0.0774184
680.344	0.0738187
677.814	0.0701767
675.302	0.0668204
672.809	0.0637943
670.334	0.0607723
667.878	0.0573588
665.439	0.0535017
663.018	0.0495965
660.615	0.0461257
658.229	0.0431288
655.86	0.0400175
653.508	0.0359924
651.173	0.030791
648.854	0.0251492
646.553	0.0205266
644.267	0.018211
641.997	0.0184352
639.744	0.0201632
637.506	0.0217131
635.283	0.0217651
633.077	0.0200486
630.885	0.0172837
628.709	0.0145296
626.547	0.0124877
624.4	0.0112458
622.268	0.0105324
620.151	0.0101567
618.048	0.0102413
615.959	0.0111166
613.884	0.013059
611.823	0.0161476
609.776	0.0203431
607.742	0.025662
605.723	0.0322495
603.716	0.040296
601.723	0.0499165
599.742	0.0611389
597.775	0.0740067
595.821	0.0886568
593.879	0.105253
591.95	0.123822
590.034	0.144176
588.13	0.166024
586.238	0.189187
584.358	0.213649
582.49	0.239353
580.634	0.265879
578.79	0.292383
576.958	0.317918
575.137	0.341938
573.328	0.364523
571.53	0.386116
569.743	0.407136
567.967	0.428146
566.203	0.450916
564.449	0.479805
562.706	0.522187
560.974	0.586845
559.253	0.680504
557.542	0.804134
555.841	0.951226
554.151	1.10926
552.471	1.26379
550.802	1.40301
549.142	1.52048
547.492	1.6152
545.852	1.6896
544.222	1.74718
542.602	1.79108
540.991	1.82386
539.39	1.84778
537.798	1.86486
536.216	1.87669
534.643	1.88422
533.079	1.88795
531.524	1.88838
529.979	1.88637
528.442	1.88306
526.914	1.87945
525.395	1.87596
523.885	1.87244
522.383	1.86853
520.89	1.86403
519.405	1.859
517.929	1.85364
516.461	1.84802
515.002	1.84209
513.551	1.83575
512.108	1.829
510.673	1.82189
509.246	1.81446
507.827	1.80668
506.415	1.79851
505.012	1.78997
503.616	1.78113
502.229	1.77206
500.848	1.76267
499.476	1.75288
498.111	1.74265
496.753	1.73206
495.402	1.72124
494.059	1.71019
492.724	1.69871
491.395	1.68659
490.074	1.67376
488.759	1.66033
487.452	1.64643
486.152	1.63197
484.858	1.61663
483.572	1.60008
482.292	1.58219
481.019	1.56309
479.753	1.5429
478.493	1.52145
477.24	1.49827
475.994	1.47289
474.754	1.44516
473.52	1.41523
472.293	1.38325
471.072	1.34903
469.858	1.31205
468.649	1.27189
467.447	1.22863
466.251	1.18288
465.062	1.13549
463.878	1.08717
462.7	1.03871
461.528	0.991589
460.362	0.948692
459.202	0.914476
458.048	0.89463
456.9	0.895557
455.757	0.923996
454.62	0.986582
453.489	1.08877
452.363	1.23283
451.243	1.41569
450.129	1.62798
449.02	1.85543
447.916	2.08243
446.818	2.29589
445.725	2.48749
444.638	2.65336
443.556	2.79231
442.479	2.90419
441.407	2.98988
440.34	3.05225
439.279	3.09674
438.223	3.13022
437.171	3.15848
436.125	3.1841
435.084	3.20609
434.048	3.22164
433.017	3.22863
431.99	3.22723
430.969	3.21968
429.952	3.20889
428.94	3.19709
427.933	3.1854
426.93	3.17422
425.932	3.16386
424.939	3.15474
423.951	3.1473
422.967	3.14182
421.987	3.13835
421.012	3.13679
420.042	3.13676
419.076	3.13755
418.115	3.13834
417.158	3.1388
416.205	3.13959
415.257	3.14224
414.313	3.14815
413.373	3.1573
412.437	3.16774
411.506	3.17646
410.579	3.18105
409.656	3.18106
408.737	3.17803
407.823	3.17413
406.912	3.17066
406.005	3.16746
405.103	3.16353
404.204	3.15828
403.31	3.15207
402.419	3.14587
401.533	3.14036
400.65	3.1354
399.771	3.13032
398.896	3.12471
398.025	3.11877
397.157	3.11312
396.294	3.10811
395.434	3.1035
394.578	3.09872
393.725	3.09344
392.877	3.0879
392.031	3.08263
391.19	3.07787
390.352	3.07338
389.518	3.06865
388.687	3.06351
387.86	3.05827
387.036	3.05335
386.216	3.04874
385.399	3.0437
384.586	3.03729
383.776	3.02917
382.969	3.01994
382.166	3.0108
381.367	3.00252
380.57	2.99454
379.777	2.98499
378.987	2.97158
378.201	2.95287
377.418	2.92908
376.638	2.90215
375.861	2.87493
375.087	2.85019
374.317	2.82976
373.55	2.81431
372.785	2.80346
372.024	2.79638
371.267	2.79224
370.512	2.79045
369.76	2.79055
369.011	2.79189
368.266	2.79342
367.523	2.79379
366.783	2.79182
366.047	2.78706
365.313	2.77995
364.582	2.77147
363.854	2.76253
363.129	2.75352
362.407	2.74424
361.688	2.73435
360.971	2.72372
360.258	2.7125
359.547	2.70089
358.839	2.68886
358.134	2.67609
357.432	2.66225
356.732	2.64728
356.035	2.63142
355.341	2.61503
354.649	2.59827
353.96	2.58112
353.274	2.56349
352.591	2.54548
351.91	2.52734
351.232	2.50936
350.556	2.49164
349.883	2.47419
349.213	2.45703
348.545	2.44043
347.879	2.42473
347.217	2.41007
346.556	2.39625
345.899	2.38281
345.243	2.36936
344.591	2.35579
343.94	2.34228
343.292	2.32891
342.647	2.31552
342.004	2.30191
341.363	2.28821
340.725	2.27512
340.089	2.26354
339.456	2.25389
338.825	2.24549
338.196	2.23676
337.569	2.22621
336.945	2.21349
336.324	2.19971
335.704	2.18671
335.087	2.17573
334.472	2.16653
333.859	2.15761
333.249	2.1474
332.64	2.13551
332.034	2.12289
331.43	2.11097
330.829	2.10026
330.229	2.08982
329.632	2.07791
329.037	2.06351
328.444	2.04734
327.853	2.03159
327.264	2.01832
326.678	2.00779
326.093	1.9979
325.511	1.98554
324.93	1.96863
324.352	1.94774
323.776	1.92584
323.201	1.9064
322.629	1.89123
322.059	1.87939
321.491	1.86801
320.925	1.85427
320.361	1.83713
319.799	1.81766
319.238	1.79798
318.68	1.77978
318.124	1.76341
317.57	1.74818
317.017	1.73331
316.467	1.71864
315.918	1.70465
315.371	1.69174
314.826	1.67974
314.284	1.66786
313.743	1.65525
313.203	1.6416
312.666	1.62723
312.13	1.61274
311.597	1.59847
311.065	1.58429
310.535	1.56986
310.007	1.55506
309.48	1.54013
308.956	1.52551
308.433	1.5115
307.912	1.49807
307.392	1.48494
306.875	1.47193
306.359	1.4591
305.845	1.44672
305.332	1.43504
304.821	1.42404
304.312	1.41352
303.805	1.40326
303.3	1.39319
302.796	1.38346
302.293	1.37423
301.793	1.36559
301.294	1.35743
300.797	1.34954
300.301	1.34172
299.807	1.33394
299.314	1.32633
298.824	1.31911
298.335	1.31241
297.847	1.3061
297.361	1.29977
296.877	1.29298
296.394	1.28561
295.912	1.27813
295.433	1.27151
294.955	1.26661
294.478	1.26357
294.003	1.26144
293.529	1.25871
293.057	1.25412
292.587	1.24758
292.118	1.2402
291.65	1.23357
291.184	1.22874
290.72	1.22565
290.257	1.22338
289.795	1.22101
289.335	1.21825
288.877	1.21541
288.419	1.21289
287.964	1.21053
287.509	1.20766
287.057	1.20362
286.605	1.19838
286.155	1.19261
285.706	1.18711
285.259	1.18221
284.813	1.17758
284.369	1.17262
283.926	1.16708
283.484	1.16132
283.044	1.15598
282.605	1.15134
282.168	1.14715
281.731	1.14287
281.297	1.13824
280.863	1.13361
280.431	1.12968
280	1.12695
