1200	1.17884
1192.15	1.16292
1184.4	1.1471
1176.75	1.13134
1169.21	1.11562
1161.75	1.09991
1154.39	1.08423
1147.13	1.06864
1139.95	1.05315
1132.86	1.03773
1125.87	1.02235
1118.95	1.00699
1112.13	0.991697
1105.38	0.97651
1098.72	0.961433
1092.13	0.946432
1085.63	0.931474
1079.2	0.916565
1072.84	0.901745
1066.56	0.887049
1060.36	0.872467
1054.23	0.857961
1048.16	0.843508
1042.17	0.829127
1036.24	0.814859
1030.38	0.800724
1024.59	0.786703
1018.86	0.772759
1013.2	0.75888
1007.6	0.745095
1002.06	0.731439
996.576	0.717921
991.156	0.704512
985.795	0.691181
980.491	0.677929
975.244	0.664788
970.053	0.651787
964.917	0.638921
959.835	0.626157
954.806	0.613473
949.83	0.600879
944.905	0.58841
940.031	0.576085
935.207	0.563887
930.433	0.551785
925.707	0.539764
921.028	0.527844
916.397	0.516058
911.812	0.504413
907.273	0.492886
902.778	0.481448
898.328	0.470094
893.922	0.45885
889.559	0.447744
885.238	0.436773
880.958	0.425911
876.72	0.415132
872.523	0.404442
868.365	0.39387
864.247	0.383437
860.168	0.373133
856.127	0.362928
852.124	0.352804
848.159	0.342777
844.23	0.332876
840.337	0.323114
836.48	0.313475
832.658	0.303929
828.871	0.294468
825.118	0.285113
821.399	0.275892
817.714	0.266812
814.061	0.25785
810.441	0.248982
806.853	0.240207
803.296	0.23155
799.771	0.223038
796.277	0.214669
792.813	0.20642
789.379	0.19827
785.974	0.190225
782.599	0.182314
779.253	0.17456
775.935	0.166956
772.645	0.159477
769.383	0.152106
766.149	0.144856
762.941	0.137759
759.761	0.130834
756.606	0.124069
753.478	0.117438
750.376	0.110928
747.299	0.104557
744.247	0.0983603
741.22	0.0923526
738.218	0.0865185
735.239	0.0808285
732.285	0.0752731
729.354	0.0698767
726.447	0.064677
723.563	0.0596884
720.702	0.0548883
717.863	0.0502409
715.046	0.0457381
712.251	0.0414135
709.479	0.0373141
706.727	0.033453
703.997	0.0297936
701.288	0.0262849
698.6	0.022919
695.932	0.0197495
693.285	0.0168445
690.657	0.0142121
688.05	0.0117755
685.462	0.00943921
682.893	0.00720167
680.344	0.00520969
677.814	0.00368264
675.302	0.00274592
672.809	0.00230455
670.334	0.00207209
667.878	0.00174667
665.439	0.00119908
663.018	0.000523505
660.615	-8.08128e-05
658.229	-0.000482606
655.86	-0.000691926
653.508	-0.000782354
651.173	-0.000758454
648.854	-0.000514005
646.553	7.0844e-05
644.267	0.000992218
641.997	0.00209178
639.744	0.00317697
637.506	0.00418374
635.283	0.00522498
633.077	0.00647565
630.885	0.00800594
628.709	0.00972414
626.547	0.011481
624.4	0.0132262
622.268	0.0150591
620.151	0.0171268
618.048	0.019482
615.959	0.0220466
613.884	0.0247177
611.823	0.0274979
609.776	0.0305096
607.742	0.0338783
605.723	0.0376108
603.716	0.0415994
601.723	0.0457472
599.742	0.050079
597.775	0.0547158
595.821	0.05974
593.879	0.0650985
591.95	0.0706517
590.034	0.0763194
588.13	0.0821633
586.238	0.0883151
584.358	0.0948238
582.49	0.10159
580.634	0.108464
578.79	0.115403
576.958	0.12252
575.137	0.129955
573.328	0.13772
571.53	0.145673
569.743	0.153669
567.967	0.161721
566.203	0.169995
564.449	0.178631
562.706	0.18759
560.974	0.196691
559.253	0.205812
557.542	0.215039
555.841	0.224588
554.151	0.23458
552.471	0.244907
550.802	0.255353
549.142	0.265837
547.492	0.276525
545.852	0.287672
544.222	0.299343
542.602	0.311335
540.991	0.323389
539.39	0.335475
537.798	0.347837
536.216	0.360721
534.643	0.374073
533.079	0.387542
531.524	0.400802
529.979	0.413864
528.442	0.427003
526.914	0.440365
525.395	0.453655
523.885	0.466272
522.383	0.477778
520.89	0.488188
519.405	0.497728
517.929	0.506284
516.461	0.513134
515.002	0.517323
513.551	0.518338
512.108	0.516339
510.673	0.511629
509.246	0.50384
507.827	0.491758
506.415	0.474169
505.012	0.451069
503.616	0.424146
502.229	0.396133
500.848	0.36985
499.476	0.348215
498.111	0.335557
496.753	0.338973
495.402	0.367813
494.059	0.430557
492.724	0.530511
491.395	0.663045
490.074	0.81626
488.759	0.974671
487.452	1.12363
486.152	1.25225
484.858	1.35424
483.572	1.42751
482.292	1.47369
481.019	1.49753
479.753	1.50573
478.493	1.50521
477.24	1.50203
475.994	1.50218
474.754	1.51392
473.52	1.54917
472.293	1.62171
471.072	1.74182
469.858	1.91051
468.649	2.11756
467.447	2.34505
466.251	2.57442
465.062	2.79221
463.878	2.99127
462.7	3.16805
461.528	3.31933
460.362	3.4417
459.202	3.53372
458.048	3.59811
456.9	3.64121
455.757	3.66985
454.62	3.68824
453.489	3.69762
452.363	3.69862
451.243	3.69382
450.129	3.68782
449.02	3.68467
447.916	3.68506
446.818	3.68593
445.725	3.68296
444.638	3.67388
443.556	3.65979
442.479	3.64388
441.407	3.62884
440.34	3.61541
439.279	3.60299
438.223	3.59118
437.171	3.58059
436.125	3.57225
435.084	3.56637
434.048	3.56191
433.017	3.55741
431.99	3.55209
430.969	3.54632
429.952	3.54087
428.94	3.536
427.933	3.53113
426.93	3.52544
425.932	3.51868
424.939	3.51131
423.951	3.50391
422.967	3.4966
421.987	3.48892
421.012	3.48034
420.042	3.47079
419.076	3.46069
418.115	3.45048
417.158	3.44024
416.205	3.42966
415.257	3.41851
414.313	3.40681
413.373	3.39487
412.437	3.38297
411.506	3.37116
410.579	3.35935
409.656	3.34748
408.737	3.33559
407.823	3.32369
406.912	3.31181
406.005	3.30003
405.103	3.2886
404.204	3.27773
403.31	3.2672
402.419	3.25624
401.533	3.24389
400.65	3.22993
399.771	3.21538
398.896	3.20224
398.025	3.19212
397.157	3.18505
396.294	3.1792
395.434	3.17205
394.578	3.16205
393.725	3.14956
392.877	3.13635
392.031	3.12409
391.19	3.11317
390.352	3.10258
389.518	3.09104
388.687	3.07813
387.86	3.06467
387.036	3.0519
386.216	3.04035
385.399	3.02923
384.586	3.01696
383.776	3.00228
382.969	2.98534
382.166	2.96766
381.367	2.95129
380.57	2.93746
379.777	2.92579
378.987	2.91452
378.201	2.90159
377.418	2.88589
376.638	2.86781
375.861	2.84882
375.087	2.83036
374.317	2.81298
373.55	2.7962
372.785	2.77916
372.024	2.76146
371.267	2.74343
370.512	2.72576
369.76	2.70884
369.011	2.69248
368.266	2.67622
367.523	2.65978
366.783	2.64334
366.047	2.62726
365.313	2.61163
364.582	2.59614
363.854	2.58035
363.129	2.56415
362.407	2.54783
361.688	2.53179
360.971	2.51611
360.258	2.5005
359.547	2.48463
358.839	2.46852
358.134	2.45252
357.432	2.43697
356.732	2.42183
356.035	2.40674
355.341	2.3914
354.649	2.37591
353.96	2.36067
353.274	2.34596
352.591	2.3316
351.91	2.31715
351.232	2.30236
350.556	2.28747
349.883	2.27293
349.213	2.25896
348.545	2.24523
347.879	2.23121
347.217	2.21672
346.556	2.20214
345.899	2.18807
345.243	2.17462
344.591	2.16126
343.94	2.14731
343.292	2.13263
342.647	2.1179
342.004	2.10396
341.363	2.09088
340.725	2.07769
340.089	2.06309
339.456	2.04664
338.825	2.02933
338.196	2.01298
337.569	1.9989
336.945	1.98696
336.324	1.97573
335.704	1.96365
335.087	1.95001
334.472	1.93516
333.859	1.91983
333.249	1.90444
332.64	1.88906
332.034	1.87378
331.43	1.85906
330.829	1.84541
330.229	1.83281
329.632	1.82049
329.037	1.80745
328.444	1.79339
327.853	1.77916
327.264	1.76627
326.678	1.75568
326.093	1.74699
325.511	1.73864
324.93	1.72895
324.352	1.71722
323.776	1.70402
323.201	1.69053
322.629	1.67764
322.059	1.66547
321.491	1.65371
320.925	1.64209
320.361	1.63077
319.799	1.62021
319.238	1.61083
318.68	1.60278
318.124	1.59589
317.57	1.58976
317.017	1.58378
316.467	1.57727
315.918	1.56969
315.371	1.56103
314.826	1.55197
314.284	1.54363
313.743	1.53691
313.203	1.53185
312.666	1.5276
312.13	1.52293
311.597	1.51704
311.065	1.50995
310.535	1.50238
310.007	1.49509
309.48	1.48847
308.956	1.48246
308.433	1.4769
307.912	1.47174
307.392	1.4671
306.875	1.46302
306.359	1.45931
305.845	1.45561
305.332	1.4517
304.821	1.44758
304.312	1.44343
303.805	1.43931
303.3	1.4351
302.796	1.43057
302.293	1.42561
301.793	1.4203
301.294	1.41479
300.797	1.40899
300.301	1.4027
299.807	1.39591
299.314	1.38931
298.824	1.38441
298.335	1.38306
297.847	1.38648
297.361	1.39439
296.877	1.40487
296.394	1.41508
295.912	1.42249
295.433	1.42592
294.955	1.4258
294.478	1.4235
294.003	1.42036
293.529	1.41702
293.057	1.41336
292.587	1.40902
292.118	1.40398
291.65	1.39864
291.184	1.39351
290.72	1.38875
290.257	1.38412
289.795	1.37924
289.335	1.37404
288.877	1.36885
288.419	1.36415
287.964	1.36012
287.509	1.35648
287.057	1.35282
286.605	1.349
286.155	1.34532
285.706	1.34223
285.259	1.33987
284.813	1.33788
284.369	1.33575
283.926	1.33331
283.484	1.33098
283.044	1.32948
282.605	1.3292
282.168	1.33006
281.731	1.33176
281.297	1.33444
280.863	1.33895
280.431	1.34641
280	1.35749
