1200	97.112
1192.15	97.1099
1184.4	97.1101
1176.75	97.1129
1169.21	97.118
1161.75	97.1244
1154.39	97.1306
1147.13	97.135
1139.95	97.1368
1132.86	97.1358
1125.87	97.1329
1118.95	97.1294
1112.13	97.127
1105.38	97.1268
1098.72	97.1294
1092.13	97.1345
1085.63	97.1409
1079.2	97.147
1072.84	97.1513
1066.56	97.1528
1060.36	97.1513
1054.23	97.1477
1048.16	97.1436
1042.17	97.1405
1036.24	97.1398
1030.38	97.1423
1024.59	97.1476
1018.86	97.1545
1013.2	97.1611
1007.6	97.1658
1002.06	97.1674
996.576	97.1655
991.156	97.161
985.795	97.1554
980.491	97.1509
975.244	97.1492
970.053	97.1512
964.917	97.1569
959.835	97.1648
954.806	97.1728
949.83	97.1787
944.905	97.1807
940.031	97.1778
935.207	97.1708
930.433	97.1614
925.707	97.1526
921.028	97.1471
916.397	97.1472
911.812	97.1535
907.273	97.1652
902.778	97.1795
898.328	97.1924
893.922	97.1997
889.559	97.1978
885.238	97.1847
880.958	97.1608
876.72	97.1287
872.523	97.0929
868.365	97.0589
864.247	97.0319
860.168	97.0157
856.127	97.0117
852.124	97.0182
848.159	97.0313
844.23	97.0449
840.337	97.0526
836.48	97.0489
832.658	97.0307
828.871	96.9979
825.118	96.9538
821.399	96.9045
817.714	96.8574
814.061	96.8196
810.441	96.7964
806.853	96.7899
803.296	96.7981
799.771	96.816
796.277	96.8359
792.813	96.8495
789.379	96.8502
785.974	96.8342
782.599	96.802
779.253	96.758
775.935	96.7096
772.645	96.6656
769.383	96.6336
766.149	96.618
762.941	96.6188
759.761	96.6313
756.606	96.6471
753.478	96.6557
750.376	96.6476
747.299	96.6165
744.247	96.5617
741.22	96.4884
738.218	96.4074
735.239	96.3333
732.285	96.2819
729.354	96.2668
726.447	96.2969
723.563	96.3744
720.702	96.4946
717.863	96.6462
715.046	96.8135
712.251	96.9786
709.479	97.1237
706.727	97.2336
703.997	97.2966
701.288	97.3052
698.6	97.2561
695.932	97.1496
693.285	96.9891
690.657	96.7806
688.05	96.5329
685.462	96.257
682.893	95.9666
680.344	95.6768
677.814	95.4038
675.302	95.1626
672.809	94.9657
670.334	94.8206
667.878	94.7288
665.439	94.6856
663.018	94.6805
660.615	94.6995
658.229	94.7273
655.86	94.7509
653.508	94.7613
651.173	94.7549
648.854	94.7341
646.553	94.7051
644.267	94.6761
641.997	94.6547
639.744	94.6455
637.506	94.6487
635.283	94.6608
633.077	94.6753
630.885	94.6851
628.709	94.685
626.547	94.6733
624.4	94.6526
622.268	94.6293
620.151	94.6119
618.048	94.6082
615.959	94.6232
613.884	94.6575
611.823	94.7064
609.776	94.7616
607.742	94.8127
605.723	94.8504
603.716	94.8691
601.723	94.868
599.742	94.852
597.775	94.83
595.821	94.8126
593.879	94.8089
591.95	94.8246
590.034	94.8597
588.13	94.9089
586.238	94.9629
584.358	95.0112
582.49	95.0449
580.634	95.0592
578.79	95.0548
576.958	95.0377
575.137	95.0172
573.328	95.0039
571.53	95.0058
569.743	95.027
567.967	95.0659
566.203	95.1159
564.449	95.1676
562.706	95.2111
560.974	95.239
559.253	95.2486
557.542	95.2425
555.841	95.2277
554.151	95.2136
552.471	95.2095
550.802	95.2216
549.142	95.2515
547.492	95.2956
545.852	95.3463
544.222	95.3943
542.602	95.4312
540.991	95.452
539.39	95.4564
537.798	95.4489
536.216	95.4373
534.643	95.4308
533.079	95.4366
531.524	95.4586
529.979	95.4958
528.442	95.543
526.914	95.5923
525.395	95.6357
523.885	95.6673
522.383	95.6852
520.89	95.6922
519.405	95.6946
517.929	95.7004
516.461	95.7167
515.002	95.7472
513.551	95.7905
512.108	95.8404
510.673	95.8868
509.246	95.9183
507.827	95.925
506.415	95.9011
505.012	95.8463
503.616	95.7663
502.229	95.6708
500.848	95.572
499.476	95.4811
498.111	95.4061
496.753	95.3503
495.402	95.3124
494.059	95.2873
492.724	95.2683
491.395	95.2493
490.074	95.2268
488.759	95.2005
487.452	95.1735
486.152	95.1509
484.858	95.1375
483.572	95.1367
482.292	95.1489
481.019	95.1709
479.753	95.1972
478.493	95.2213
477.24	95.2374
475.994	95.2426
474.754	95.237
473.52	95.2245
472.293	95.2109
471.072	95.2024
469.858	95.2039
468.649	95.2174
467.447	95.2414
466.251	95.2715
465.062	95.3013
463.878	95.3251
462.7	95.3387
461.528	95.3412
460.362	95.3352
459.202	95.3257
458.048	95.3188
456.9	95.3199
455.757	95.332
454.62	95.3549
453.489	95.3851
452.363	95.4172
451.243	95.4452
450.129	95.4647
449.02	95.4736
447.916	95.4735
446.818	95.4685
445.725	95.4644
444.638	95.4666
443.556	95.4787
442.479	95.501
441.407	95.5307
440.34	95.5625
439.279	95.5902
438.223	95.6088
437.171	95.6157
436.125	95.6119
435.084	95.6019
434.048	95.5923
433.017	95.5899
431.99	95.6001
430.969	95.625
429.952	95.6626
428.94	95.7077
427.933	95.753
426.93	95.791
425.932	95.8163
424.939	95.8273
423.951	95.826
422.967	95.8181
421.987	95.8112
421.012	95.8124
420.042	95.8267
419.076	95.8553
418.115	95.8955
417.158	95.9413
416.205	95.9854
415.257	96.021
414.313	96.0439
413.373	96.0539
412.437	96.0546
411.506	96.0526
410.579	96.0556
409.656	96.0701
408.737	96.0995
407.823	96.1436
406.912	96.1978
406.005	96.2549
405.103	96.3068
404.204	96.3468
403.31	96.3715
402.419	96.3813
401.533	96.3806
400.65	96.3767
399.771	96.3774
398.896	96.3889
398.025	96.4144
397.157	96.4531
396.294	96.5006
395.434	96.5497
394.578	96.593
393.725	96.6245
392.877	96.6414
392.031	96.6445
391.19	96.6382
390.352	96.6289
389.518	96.6235
388.687	96.627
387.86	96.6419
387.036	96.6669
386.216	96.6977
385.399	96.7284
384.586	96.7531
383.776	96.7674
382.969	96.7703
382.166	96.7637
381.367	96.7525
380.57	96.7429
379.777	96.7405
378.987	96.7491
378.201	96.7688
377.418	96.7959
376.638	96.8237
375.861	96.8435
375.087	96.8464
374.317	96.8253
373.55	96.7763
372.785	96.6995
372.024	96.5989
371.267	96.4815
370.512	96.3561
369.76	96.2319
369.011	96.1166
368.266	96.0161
367.523	95.9333
366.783	95.8689
366.047	95.8213
365.313	95.7877
364.582	95.7648
363.854	95.7493
363.129	95.7387
362.407	95.7312
361.688	95.726
360.971	95.7227
360.258	95.7218
359.547	95.7238
358.839	95.7295
358.134	95.7392
357.432	95.7529
356.732	95.7702
356.035	95.7898
355.341	95.8098
354.649	95.828
353.96	95.842
353.274	95.8502
352.591	95.8514
351.91	95.8461
351.232	95.836
350.556	95.824
349.883	95.8133
349.213	95.8073
348.545	95.8078
347.879	95.8153
347.217	95.8277
346.556	95.8412
345.899	95.8508
345.243	95.851
344.591	95.8375
343.94	95.8078
343.292	95.7622
342.647	95.7037
342.004	95.6373
341.363	95.5691
340.725	95.505
340.089	95.4492
339.456	95.4038
338.825	95.3681
338.196	95.3392
337.569	95.3132
336.945	95.2862
336.324	95.2555
335.704	95.2205
335.087	95.1829
334.472	95.146
333.859	95.1141
333.249	95.0912
332.64	95.0796
332.034	95.0797
331.43	95.0895
330.829	95.1051
330.229	95.1221
329.632	95.1363
329.037	95.1454
328.444	95.1489
327.853	95.1486
327.264	95.1476
326.678	95.1497
326.093	95.1582
325.511	95.1746
324.93	95.1985
324.352	95.2277
323.776	95.2588
323.201	95.2881
322.629	95.3133
322.059	95.3336
321.491	95.3503
320.925	95.3665
320.361	95.386
319.799	95.4123
319.238	95.4474
318.68	95.4909
318.124	95.5402
317.57	95.5906
317.017	95.637
316.467	95.6743
315.918	95.6996
315.371	95.7123
314.826	95.7144
314.284	95.7103
313.743	95.7053
313.203	95.7045
312.666	95.7116
312.13	95.7279
311.597	95.7525
311.065	95.7823
310.535	95.8134
310.007	95.842
309.48	95.8656
308.956	95.8832
308.433	95.8962
307.912	95.9069
307.392	95.9185
306.875	95.9335
306.359	95.9533
305.845	95.9775
305.332	96.0044
304.821	96.0314
304.312	96.0557
303.805	96.0756
303.3	96.0906
302.796	96.1019
302.293	96.1117
301.793	96.123
301.294	96.1381
300.797	96.1582
300.301	96.183
299.807	96.2106
299.314	96.2383
298.824	96.2633
298.335	96.2833
297.847	96.2978
297.361	96.3077
296.877	96.3153
296.394	96.3236
295.912	96.3353
295.433	96.3519
294.955	96.3734
294.478	96.398
294.003	96.4229
293.529	96.4447
293.057	96.4611
292.587	96.4709
292.118	96.4752
291.65	96.4766
291.184	96.4788
290.72	96.4854
290.257	96.4992
289.795	96.5208
289.335	96.5488
288.877	96.58
288.419	96.6103
287.964	96.6356
287.509	96.6533
287.057	96.6627
286.605	96.6655
286.155	96.665
285.706	96.6653
285.259	96.6701
284.813	96.6817
284.369	96.7001
283.926	96.7234
283.484	96.7481
283.044	96.7704
282.605	96.7872
282.168	96.7973
281.731	96.8015
281.297	96.8027
280.863	96.8051
280.431	96.8123
280	96.827
