1200	0.977744
1192.15	0.965084
1184.4	0.952827
1176.75	0.940578
1169.21	0.927976
1161.75	0.915012
1154.39	0.902034
1147.13	0.889436
1139.95	0.877321
1132.86	0.865418
1125.87	0.853326
1118.95	0.840869
1112.13	0.828245
1105.38	0.815847
1098.72	0.803927
1092.13	0.792375
1085.63	0.780828
1079.2	0.768991
1072.84	0.756893
1066.56	0.744856
1060.36	0.733215
1054.23	0.722026
1048.16	0.711028
1042.17	0.699875
1036.24	0.688439
1030.38	0.676919
1024.59	0.665663
1018.86	0.654866
1013.2	0.644402
1007.6	0.633946
1002.06	0.623257
996.576	0.612385
991.156	0.601626
985.795	0.591261
980.491	0.581312
975.244	0.571532
970.053	0.561622
964.917	0.551491
959.835	0.541334
954.806	0.531453
949.83	0.522001
944.905	0.512849
940.031	0.503704
935.207	0.494368
930.433	0.484905
925.707	0.475582
921.028	0.466637
916.397	0.458073
911.812	0.44966
907.273	0.441143
902.778	0.432458
898.328	0.423787
893.922	0.415398
889.559	0.407413
885.238	0.399707
880.958	0.392022
876.72	0.384193
872.523	0.376289
868.365	0.368548
864.247	0.361177
860.168	0.354169
856.127	0.347319
852.124	0.340406
848.159	0.333378
844.23	0.326402
840.337	0.31971
836.48	0.313405
832.658	0.307376
828.871	0.301396
825.118	0.295321
821.399	0.289216
817.714	0.283291
814.061	0.277729
810.441	0.272528
806.853	0.267518
803.296	0.262514
799.771	0.257485
796.277	0.252592
792.813	0.248066
789.379	0.244027
785.974	0.240416
782.599	0.23707
779.253	0.233888
775.935	0.230926
772.645	0.228335
769.383	0.226184
766.149	0.22432
762.941	0.222381
759.761	0.219963
756.606	0.216825
753.478	0.212978
750.376	0.208606
747.299	0.2039
744.247	0.198935
741.22	0.193679
738.218	0.188101
735.239	0.18228
732.285	0.176393
729.354	0.17062
726.447	0.165014
723.563	0.159474
720.702	0.15383
717.863	0.147982
715.046	0.141969
712.251	0.135929
709.479	0.129976
706.727	0.124098
703.997	0.118159
701.288	0.112003
698.6	0.105579
695.932	0.0989851
693.285	0.092396
690.657	0.0859325
688.05	0.0795787
685.462	0.0732125
682.893	0.0667303
680.344	0.0601695
677.814	0.0537315
675.302	0.0476834
672.809	0.0422125
670.334	0.0373507
667.878	0.0330341
665.439	0.0292619
663.018	0.0262323
660.615	0.0243459
658.229	0.0240632
655.86	0.0257219
653.508	0.0294621
651.173	0.0353325
648.854	0.0435053
646.553	0.0544339
644.267	0.0688096
641.997	0.0873298
639.744	0.110442
637.506	0.138266
635.283	0.170764
633.077	0.208029
630.885	0.250442
628.709	0.298534
626.547	0.352615
624.4	0.412433
622.268	0.477149
620.151	0.545655
618.048	0.617015
615.959	0.690679
613.884	0.766278
611.823	0.843175
609.776	0.920149
607.742	0.995529
605.723	1.06775
603.716	1.13592
601.723	1.19998
599.742	1.26031
597.775	1.31703
595.821	1.36963
593.879	1.41722
591.95	1.45924
590.034	1.49597
588.13	1.52852
586.238	1.55815
584.358	1.58544
582.49	1.61004
580.634	1.63115
578.79	1.6485
576.958	1.66281
575.137	1.67557
573.328	1.68798
571.53	1.70017
569.743	1.71122
567.967	1.72002
566.203	1.72645
564.449	1.73164
562.706	1.73725
560.974	1.74418
559.253	1.75181
557.542	1.75852
555.841	1.76306
554.151	1.76585
552.471	1.76878
550.802	1.77379
549.142	1.78122
547.492	1.7893
545.852	1.79551
544.222	1.79883
542.602	1.801
540.991	1.80559
539.39	1.81517
537.798	1.82859
536.216	1.84061
534.643	1.84452
533.079	1.83643
531.524	1.81823
529.979	1.79718
528.442	1.78218
526.914	1.77891
525.395	1.78705
523.885	1.8011
522.383	1.81405
520.89	1.82124
519.405	1.82215
517.929	1.81927
516.461	1.81547
515.002	1.812
513.551	1.80842
512.108	1.8039
510.673	1.79855
509.246	1.79346
507.827	1.78964
506.415	1.78703
505.012	1.78458
503.616	1.78158
502.229	1.77881
500.848	1.77842
499.476	1.78215
498.111	1.78942
496.753	1.79669
495.402	1.79926
494.059	1.79436
492.724	1.78334
491.395	1.77137
490.074	1.76443
488.759	1.76569
487.452	1.77358
486.152	1.78292
484.858	1.78826
483.572	1.78704
482.292	1.78065
481.019	1.77281
479.753	1.76674
478.493	1.76321
477.24	1.76069
475.994	1.7571
474.754	1.75165
473.52	1.74538
472.293	1.74015
471.072	1.73711
469.858	1.73588
468.649	1.73506
467.447	1.73345
466.251	1.73095
465.062	1.72847
463.878	1.72695
462.7	1.72651
461.528	1.72634
460.362	1.72538
459.202	1.7232
458.048	1.72028
456.9	1.71755
455.757	1.71557
454.62	1.71409
453.489	1.71237
452.363	1.70985
451.243	1.70665
450.129	1.70347
449.02	1.70099
447.916	1.69934
446.818	1.69803
445.725	1.69647
444.638	1.69447
443.556	1.69244
442.479	1.691
441.407	1.69045
440.34	1.69056
439.279	1.69078
438.223	1.69071
437.171	1.69047
436.125	1.69054
435.084	1.69131
434.048	1.69275
433.017	1.6944
431.99	1.69579
430.969	1.6968
429.952	1.69771
428.94	1.69896
427.933	1.70068
426.93	1.7026
425.932	1.70422
424.939	1.70527
423.951	1.70587
422.967	1.70642
421.987	1.7072
421.012	1.70813
420.042	1.7088
419.076	1.70884
418.115	1.70822
417.158	1.70726
416.205	1.70632
415.257	1.70553
414.313	1.7046
413.373	1.70314
412.437	1.70098
411.506	1.69831
410.579	1.69552
409.656	1.69289
408.737	1.6903
407.823	1.6874
406.912	1.68389
406.005	1.67981
405.103	1.67551
404.204	1.67135
403.31	1.6674
402.419	1.6634
401.533	1.65896
400.65	1.65396
399.771	1.64863
398.896	1.64337
398.025	1.63841
397.157	1.63362
396.294	1.62859
395.434	1.62302
394.578	1.61698
393.725	1.61084
392.877	1.605
392.031	1.59947
391.19	1.59389
390.352	1.5878
389.518	1.58108
388.687	1.57412
387.86	1.56764
387.036	1.56219
386.216	1.5578
385.399	1.55395
384.586	1.54988
383.776	1.54501
382.969	1.5392
382.166	1.5326
381.367	1.52545
380.57	1.51789
379.777	1.50993
378.987	1.50166
378.201	1.49328
377.418	1.48503
376.638	1.477
375.861	1.46901
375.087	1.46071
374.317	1.45187
373.55	1.44253
372.785	1.43294
372.024	1.42331
371.267	1.41356
370.512	1.4033
369.76	1.3921
369.011	1.37981
368.266	1.36668
367.523	1.35315
366.783	1.33956
366.047	1.32592
365.313	1.31214
364.582	1.29844
363.854	1.28566
363.129	1.27528
362.407	1.26886
361.688	1.26746
360.971	1.2712
360.258	1.27934
359.547	1.29079
358.839	1.30455
358.134	1.3199
357.432	1.3362
356.732	1.35256
356.035	1.36763
355.341	1.37981
354.649	1.38769
353.96	1.39039
353.274	1.3877
352.591	1.37987
351.91	1.36734
351.232	1.35051
350.556	1.32977
349.883	1.30557
349.213	1.27849
348.545	1.24912
347.879	1.21787
347.217	1.18494
346.556	1.15038
345.899	1.11434
345.243	1.07723
344.591	1.03969
343.94	1.00238
343.292	0.965793
342.647	0.930196
342.004	0.895838
341.363	0.863235
340.725	0.833351
340.089	0.807529
339.456	0.78719
338.825	0.773521
338.196	0.767347
337.569	0.769313
336.945	0.780246
336.324	0.801457
335.704	0.834751
335.087	0.88206
334.472	0.944829
333.859	1.02342
333.249	1.11684
332.64	1.22282
332.034	1.33833
331.43	1.46012
330.829	1.58519
330.229	1.71081
329.632	1.83452
329.037	1.95385
328.444	2.06634
327.853	2.16978
327.264	2.2625
326.678	2.34365
326.093	2.41315
325.511	2.47147
324.93	2.51922
324.352	2.55701
323.776	2.58542
323.201	2.60525
322.629	2.61762
322.059	2.62386
321.491	2.62519
320.925	2.6225
320.361	2.61621
319.799	2.60652
319.238	2.59376
318.68	2.57858
318.124	2.5618
317.57	2.5441
317.017	2.52577
316.467	2.50665
315.918	2.48652
315.371	2.46537
314.826	2.44359
314.284	2.42176
313.743	2.40024
313.203	2.37893
312.666	2.35739
312.13	2.33524
311.597	2.31246
311.065	2.28951
310.535	2.26693
310.007	2.24496
309.48	2.22334
308.956	2.20154
308.433	2.17921
307.912	2.15652
307.392	2.13404
306.875	2.11232
306.359	2.09146
305.845	2.07105
305.332	2.05052
304.821	2.02961
304.312	2.00865
303.805	1.98832
303.3	1.96911
302.796	1.95093
302.293	1.93318
301.793	1.91527
301.294	1.89709
300.797	1.87913
300.301	1.86212
299.807	1.84643
299.314	1.83172
298.824	1.81722
298.335	1.80236
297.847	1.7872
297.361	1.77245
296.877	1.75886
296.394	1.74659
295.912	1.73504
295.433	1.7233
294.955	1.71085
294.478	1.69803
294.003	1.68578
293.529	1.67484
293.057	1.66512
292.587	1.65569
292.118	1.64548
291.65	1.63414
291.184	1.62235
290.72	1.61136
290.257	1.60189
289.795	1.59346
289.335	1.58457
288.877	1.57377
288.419	1.56078
287.964	1.54684
287.509	1.53392
287.057	1.52326
286.605	1.51435
286.155	1.50513
285.706	1.4934
285.259	1.47851
284.813	1.46222
284.369	1.44794
283.926	1.43894
283.484	1.43647
283.044	1.43906
282.605	1.44329
282.168	1.4456
281.731	1.44385
281.297	1.43796
280.863	1.42935
280.431	1.41976
280	1.41034
