1200	0.170259
1192.15	0.169861
1184.4	0.169212
1176.75	0.168565
1169.21	0.168189
1161.75	0.168264
1154.39	0.168819
1147.13	0.169718
1139.95	0.170713
1132.86	0.171539
1125.87	0.172011
1118.95	0.172097
1112.13	0.171923
1105.38	0.171732
1098.72	0.171786
1092.13	0.172274
1085.63	0.173236
1079.2	0.174552
1072.84	0.175987
1066.56	0.177282
1060.36	0.178247
1054.23	0.178836
1048.16	0.179162
1042.17	0.179453
1036.24	0.179965
1030.38	0.180886
1024.59	0.182264
1018.86	0.183988
1013.2	0.185832
1007.6	0.18754
1002.06	0.188922
996.576	0.18993
991.156	0.190675
985.795	0.191387
980.491	0.192334
975.244	0.193717
970.053	0.195596
964.917	0.197869
959.835	0.200308
954.806	0.202642
949.83	0.204662
944.905	0.206302
940.031	0.207664
935.207	0.208989
930.433	0.210572
925.707	0.212658
921.028	0.215355
916.397	0.218596
911.812	0.22216
907.273	0.225748
902.778	0.229086
898.328	0.232019
893.922	0.234556
889.559	0.236876
885.238	0.239269
880.958	0.242055
876.72	0.245505
872.523	0.249789
868.365	0.254964
864.247	0.261001
860.168	0.267821
856.127	0.275332
852.124	0.283441
848.159	0.292036
844.23	0.300958
840.337	0.309982
836.48	0.318822
832.658	0.327187
828.871	0.334858
825.118	0.341777
821.399	0.348096
817.714	0.354174
814.061	0.360496
810.441	0.367548
806.853	0.375661
803.296	0.384905
799.771	0.395053
796.277	0.40564
792.813	0.416105
789.379	0.42596
785.974	0.434926
782.599	0.442991
779.253	0.450356
775.935	0.457295
772.645	0.463987
769.383	0.470391
766.149	0.476235
762.941	0.481141
759.761	0.484853
756.606	0.487489
753.478	0.489715
750.376	0.492742
747.299	0.498124
744.247	0.507372
741.22	0.521527
738.218	0.540811
735.239	0.564516
732.285	0.591186
729.354	0.619048
726.447	0.646558
723.563	0.67282
720.702	0.697692
717.863	0.721427
715.046	0.74392
712.251	0.763739
709.479	0.777321
706.727	0.778713
703.997	0.760164
701.288	0.71367
698.6	0.633265
695.932	0.517585
693.285	0.372027
690.657	0.209809
688.05	0.0514096
685.462	-0.0777717
682.893	-0.151274
680.344	-0.146245
677.814	-0.0479453
675.302	0.146939
672.809	0.429006
670.334	0.77724
667.878	1.16237
665.439	1.55178
663.018	1.91493
660.615	2.22808
658.229	2.4775
655.86	2.66028
653.508	2.78311
651.173	2.85923
648.854	2.90453
646.553	2.93385
644.267	2.95817
641.997	2.98342
639.744	3.01072
637.506	3.03794
635.283	3.06168
633.077	3.07923
630.885	3.08974
628.709	3.0945
626.547	3.09629
624.4	3.09824
622.268	3.10258
620.151	3.10983
618.048	3.11866
615.959	3.1264
613.884	3.13006
611.823	3.12739
609.776	3.11773
607.742	3.10219
605.723	3.08336
603.716	3.06441
601.723	3.04812
599.742	3.03607
597.775	3.02819
595.821	3.02298
593.879	3.01813
591.95	3.01134
590.034	3.00118
588.13	2.98748
586.238	2.97135
584.358	2.95473
582.49	2.93966
580.634	2.92757
578.79	2.91879
576.958	2.91247
575.137	2.90694
573.328	2.90031
571.53	2.89112
569.743	2.87885
567.967	2.86406
566.203	2.84818
564.449	2.83293
562.706	2.81978
560.974	2.8094
559.253	2.80145
557.542	2.79476
555.841	2.7877
554.151	2.77883
552.471	2.76731
550.802	2.75324
549.142	2.73756
547.492	2.7217
545.852	2.70709
544.222	2.69465
542.602	2.6845
540.991	2.67594
539.39	2.66771
537.798	2.65847
536.216	2.64722
534.643	2.63371
533.079	2.61843
531.524	2.60248
529.979	2.58717
528.442	2.57353
526.914	2.56201
525.395	2.55233
523.885	2.54361
522.383	2.53465
520.89	2.52443
519.405	2.51235
517.929	2.4985
516.461	2.48352
515.002	2.46836
513.551	2.45391
512.108	2.44064
510.673	2.42842
509.246	2.4165
507.827	2.40376
506.415	2.38909
505.012	2.37172
503.616	2.35151
502.229	2.32908
500.848	2.30572
499.476	2.28316
498.111	2.26329
496.753	2.24797
495.402	2.23886
494.059	2.23736
492.724	2.24471
491.395	2.26194
490.074	2.28982
488.759	2.3287
487.452	2.37822
486.152	2.43706
484.858	2.50279
483.572	2.57193
482.292	2.64021
481.019	2.70322
479.753	2.75702
478.493	2.79883
477.24	2.82751
475.994	2.84368
474.754	2.84951
473.52	2.84816
472.293	2.84303
471.072	2.83706
469.858	2.83215
468.649	2.82894
467.447	2.82695
466.251	2.82493
465.062	2.82148
463.878	2.81551
462.7	2.80666
461.528	2.79536
460.362	2.78261
459.202	2.7697
458.048	2.75771
456.9	2.74723
455.757	2.73816
454.62	2.72985
453.489	2.72131
452.363	2.7116
451.243	2.70013
450.129	2.68687
449.02	2.67231
447.916	2.6573
446.818	2.64275
445.725	2.62931
444.638	2.61717
443.556	2.60603
442.479	2.59523
441.407	2.58394
440.34	2.57152
439.279	2.5577
438.223	2.54268
437.171	2.52702
436.125	2.51149
435.084	2.49678
434.048	2.48326
433.017	2.47091
431.99	2.45935
430.969	2.44797
429.952	2.43626
428.94	2.42395
427.933	2.41115
426.93	2.39835
425.932	2.38619
424.939	2.37521
423.951	2.36561
422.967	2.35711
421.987	2.3489
421.012	2.33996
420.042	2.32927
419.076	2.31625
418.115	2.30094
417.158	2.28411
416.205	2.26705
415.257	2.25123
414.313	2.23783
413.373	2.22733
412.437	2.21936
411.506	2.21276
410.579	2.2059
409.656	2.19729
408.737	2.18604
407.823	2.17228
406.912	2.15719
406.005	2.14263
405.103	2.13049
404.204	2.12194
403.31	2.11674
402.419	2.11292
401.533	2.10709
400.65	2.09518
399.771	2.07371
398.896	2.04117
398.025	1.9991
397.157	1.95266
396.294	1.91036
395.434	1.88288
394.578	1.88128
393.725	1.91481
392.877	1.9889
392.031	2.10382
391.19	2.25424
390.352	2.42988
389.518	2.61723
388.687	2.80173
387.86	2.97018
387.036	3.11276
386.216	3.22424
385.399	3.30419
384.586	3.35627
383.776	3.3868
382.969	3.40299
382.166	3.41135
381.367	3.41654
380.57	3.42089
379.777	3.42464
378.987	3.42662
378.201	3.4252
377.418	3.41914
376.638	3.40813
375.861	3.39291
375.087	3.37501
374.317	3.35617
373.55	3.33784
372.785	3.32072
372.024	3.30466
371.267	3.28877
370.512	3.27187
369.76	3.25288
369.011	3.23124
368.266	3.20709
367.523	3.18115
366.783	3.15453
366.047	3.1283
365.313	3.10316
364.582	3.07925
363.854	3.05614
363.129	3.03303
362.407	3.00904
361.688	2.98354
360.971	2.95636
360.258	2.92783
359.547	2.89869
358.839	2.86983
358.134	2.84202
357.432	2.81568
356.732	2.79079
356.035	2.76693
355.341	2.74346
354.649	2.71975
353.96	2.69537
353.274	2.67021
352.591	2.6445
351.91	2.61867
351.232	2.59317
350.556	2.56828
349.883	2.54401
349.213	2.52006
348.545	2.49594
347.879	2.47107
347.217	2.44507
346.556	2.4178
345.899	2.38952
345.243	2.36086
344.591	2.3327
343.94	2.30606
343.292	2.28188
342.647	2.26093
342.004	2.24363
341.363	2.22999
340.725	2.21964
340.089	2.21184
339.456	2.20558
338.825	2.1997
338.196	2.19318
337.569	2.18526
336.945	2.1758
336.324	2.16534
335.704	2.15528
335.087	2.14772
334.472	2.14516
333.859	2.15011
333.249	2.16448
332.64	2.18909
332.034	2.22331
331.43	2.26497
330.829	2.31057
330.229	2.35585
329.632	2.39651
329.037	2.42905
328.444	2.45144
327.853	2.46344
327.264	2.4666
326.678	2.46385
326.093	2.45879
325.511	2.45484
324.93	2.45452
324.352	2.45895
323.776	2.46779
323.201	2.47945
322.629	2.49163
322.059	2.502
321.491	2.50878
320.925	2.51112
320.361	2.50918
319.799	2.50394
319.238	2.49678
318.68	2.48909
318.124	2.48184
317.57	2.47542
317.017	2.46967
316.467	2.4641
315.918	2.45814
315.371	2.45147
314.826	2.4441
314.284	2.43645
313.743	2.4291
313.203	2.42261
312.666	2.41725
312.13	2.41292
311.597	2.40912
311.065	2.40513
310.535	2.40026
310.007	2.3941
309.48	2.38665
308.956	2.37838
308.433	2.37007
307.912	2.36258
307.392	2.35656
306.875	2.35227
306.359	2.34947
305.845	2.34753
305.332	2.3456
304.821	2.3429
304.312	2.33894
303.805	2.3337
303.3	2.32758
302.796	2.32128
302.293	2.31556
301.793	2.31099
301.294	2.30781
300.797	2.30581
300.301	2.30449
299.807	2.30317
299.314	2.3013
298.824	2.29857
298.335	2.29501
297.847	2.29101
297.361	2.2871
296.877	2.28382
296.394	2.28149
295.912	2.28015
295.433	2.27955
294.955	2.27921
294.478	2.27867
294.003	2.27757
293.529	2.27582
293.057	2.27361
292.587	2.27131
292.118	2.26938
291.65	2.26813
291.184	2.26772
290.72	2.26802
290.257	2.26873
289.795	2.26949
289.335	2.27001
288.877	2.27019
288.419	2.27017
287.964	2.27023
287.509	2.27077
287.057	2.27205
286.605	2.27418
286.155	2.27699
285.706	2.28014
285.259	2.28316
284.813	2.28565
284.369	2.28741
283.926	2.28849
283.484	2.28922
283.044	2.29007
282.605	2.29156
282.168	2.29406
281.731	2.29773
281.297	2.30248
280.863	2.30803
280.431	2.31403
280	2.32016
