1200	98.6607
1192.15	98.6779
1184.4	98.6963
1176.75	98.7165
1169.21	98.7368
1161.75	98.7555
1154.39	98.7725
1147.13	98.79
1139.95	98.8093
1132.86	98.8295
1125.87	98.8485
1118.95	98.8655
1112.13	98.8822
1105.38	98.9004
1098.72	98.92
1092.13	98.9392
1085.63	98.9564
1079.2	98.9725
1072.84	98.9895
1066.56	99.0082
1060.36	99.0273
1054.23	99.0447
1048.16	99.0604
1042.17	99.0763
1036.24	99.0939
1030.38	99.1125
1024.59	99.13
1018.86	99.1455
1013.2	99.1604
1007.6	99.1767
1002.06	99.1945
996.576	99.212
991.156	99.2274
985.795	99.2415
980.491	99.2564
975.244	99.2731
970.053	99.2902
964.917	99.3057
959.835	99.3193
954.806	99.3329
949.83	99.3482
944.905	99.3646
940.031	99.38
935.207	99.3933
930.433	99.4058
925.707	99.4195
921.028	99.4349
916.397	99.4501
911.812	99.4633
907.273	99.4748
902.778	99.487
898.328	99.501
893.922	99.5157
889.559	99.5287
885.238	99.5397
880.958	99.5504
876.72	99.5628
872.523	99.5765
868.365	99.5894
864.247	99.6
860.168	99.6094
856.127	99.62
852.124	99.6324
848.159	99.6449
844.23	99.6553
840.337	99.6637
836.48	99.6725
832.658	99.6833
828.871	99.6949
825.118	99.7051
821.399	99.7128
817.714	99.72
814.061	99.7288
810.441	99.7392
806.853	99.749
803.296	99.7562
799.771	99.7619
796.277	99.7686
792.813	99.7774
789.379	99.7864
785.974	99.7933
782.599	99.7978
779.253	99.8024
775.935	99.8091
772.645	99.817
769.383	99.8235
766.149	99.8272
762.941	99.8298
759.761	99.8341
756.606	99.8404
753.478	99.8462
750.376	99.8493
747.299	99.8503
744.247	99.852
741.22	99.8562
738.218	99.861
735.239	99.8636
732.285	99.8633
729.354	99.8626
726.447	99.8642
723.563	99.8675
720.702	99.8696
717.863	99.8683
715.046	99.8654
712.251	99.8641
709.479	99.8655
706.727	99.8668
703.997	99.8649
701.288	99.8602
698.6	99.8561
695.932	99.8548
693.285	99.8549
690.657	99.8527
688.05	99.8468
685.462	99.8399
682.893	99.8357
680.344	99.8341
677.814	99.8314
675.302	99.8249
672.809	99.8157
670.334	99.8083
667.878	99.8043
665.439	99.8011
663.018	99.7943
660.615	99.7835
658.229	99.7729
655.86	99.766
653.508	99.7616
651.173	99.755
648.854	99.7434
646.553	99.7299
644.267	99.7196
641.997	99.7135
639.744	99.707
637.506	99.6954
635.283	99.6798
633.077	99.6658
630.885	99.6571
628.709	99.6504
626.547	99.6396
624.4	99.6228
622.268	99.6053
620.151	99.5931
618.048	99.5856
615.959	99.5761
613.884	99.5593
611.823	99.5387
609.776	99.5222
607.742	99.513
605.723	99.505
603.716	99.4896
601.723	99.4666
599.742	99.4452
597.775	99.4331
595.821	99.4269
593.879	99.4146
591.95	99.3903
590.034	99.3625
588.13	99.3457
586.238	99.3437
584.358	99.3432
582.49	99.3272
580.634	99.2957
578.79	99.2677
576.958	99.2634
575.137	99.2819
573.328	99.3009
571.53	99.2982
569.743	99.2738
567.967	99.2473
566.203	99.2359
564.449	99.2365
562.706	99.233
560.974	99.2182
559.253	99.2048
557.542	99.2103
555.841	99.2338
554.151	99.2523
552.471	99.2437
550.802	99.2112
549.142	99.1821
547.492	99.1802
545.852	99.2003
544.222	99.2146
542.602	99.2027
540.991	99.1732
539.39	99.1532
537.798	99.1573
536.216	99.1716
534.643	99.17
533.079	99.1441
531.524	99.1129
529.979	99.1007
528.442	99.1097
526.914	99.1176
525.395	99.1029
523.885	99.0698
522.383	99.0431
520.89	99.04
519.405	99.0508
517.929	99.0499
516.461	99.0252
515.002	98.9921
513.551	98.9752
512.108	98.9807
510.673	98.9895
509.246	98.979
507.827	98.9494
506.415	98.9227
505.012	98.9176
503.616	98.9281
502.229	98.9305
500.848	98.911
499.476	98.8812
498.111	98.8645
496.753	98.869
495.402	98.8785
494.059	98.8713
492.724	98.8452
491.395	98.8198
490.074	98.8138
488.759	98.8231
487.452	98.8262
486.152	98.8088
484.858	98.7805
483.572	98.7633
482.292	98.766
481.019	98.7746
479.753	98.7681
478.493	98.7432
477.24	98.7179
475.994	98.7104
474.754	98.7182
473.52	98.7211
472.293	98.7047
471.072	98.6771
469.858	98.6594
468.649	98.6609
467.447	98.669
466.251	98.6633
465.062	98.6397
463.878	98.6151
462.7	98.6075
461.528	98.6151
460.362	98.619
459.202	98.6045
458.048	98.5788
456.9	98.5622
455.757	98.5647
454.62	98.5743
453.489	98.5712
452.363	98.5507
451.243	98.5288
450.129	98.5233
449.02	98.5336
447.916	98.541
446.818	98.5308
445.725	98.5094
444.638	98.4966
443.556	98.5031
442.479	98.5176
441.407	98.5204
440.34	98.5059
439.279	98.4896
438.223	98.4899
437.171	98.507
436.125	98.5223
435.084	98.5205
434.048	98.5071
433.017	98.5022
431.99	98.5176
430.969	98.5428
429.952	98.5573
428.94	98.5543
427.933	98.5491
426.93	98.5613
425.932	98.5925
424.939	98.6243
423.951	98.6395
422.967	98.6424
421.987	98.654
421.012	98.6885
420.042	98.7367
419.076	98.7767
418.115	98.7989
417.158	98.8179
416.205	98.8564
415.257	98.9193
414.313	98.9879
413.373	99.0403
412.437	99.0764
411.506	99.1183
410.579	99.1858
409.656	99.2735
408.737	99.3545
407.823	99.4065
406.912	99.4318
406.005	99.4498
405.103	99.4711
404.204	99.4815
403.31	99.4539
402.419	99.3755
401.533	99.2593
400.65	99.1312
399.771	99.0051
398.896	98.8742
398.025	98.7248
397.157	98.5572
396.294	98.3902
395.434	98.2467
394.578	98.1366
393.725	98.0531
392.877	97.9853
392.031	97.929
391.19	97.8862
390.352	97.8567
389.518	97.833
388.687	97.8048
387.86	97.7676
387.036	97.7232
386.216	97.6717
385.399	97.6055
384.586	97.5113
383.776	97.3806
382.969	97.2161
382.166	97.0297
381.367	96.8335
380.57	96.635
379.777	96.4385
378.987	96.2503
378.201	96.0795
377.418	95.9341
376.638	95.8163
375.861	95.7234
375.087	95.6507
374.317	95.5954
373.55	95.5558
372.785	95.5298
372.024	95.5146
371.267	95.5075
370.512	95.5072
369.76	95.5123
369.011	95.5208
368.266	95.5304
367.523	95.5405
366.783	95.5527
366.047	95.5681
365.313	95.5851
364.582	95.6003
363.854	95.6124
363.129	95.6237
362.407	95.6379
361.688	95.6555
360.971	95.6726
360.258	95.6853
359.547	95.6943
358.839	95.7047
358.134	95.72
357.432	95.7382
356.732	95.7533
356.035	95.7625
355.341	95.7697
354.649	95.7814
353.96	95.799
353.274	95.8169
352.591	95.829
351.91	95.8353
351.232	95.843
350.556	95.8577
349.883	95.877
349.213	95.893
348.545	95.9012
347.879	95.9062
347.217	95.9163
346.556	95.9341
345.899	95.9532
345.243	95.9653
344.591	95.9701
343.94	95.9757
343.292	95.9893
342.647	96.0091
342.004	96.0256
341.363	96.033
340.725	96.0358
340.089	96.044
339.456	96.0614
338.825	96.0809
338.196	96.0929
337.569	96.0962
336.945	96.0995
336.324	96.112
335.704	96.1319
335.087	96.149
334.472	96.1558
333.859	96.1569
333.249	96.1635
332.64	96.1806
332.034	96.2011
331.43	96.2136
330.829	96.2161
330.229	96.218
329.632	96.2298
329.037	96.2505
328.444	96.2688
327.853	96.276
327.264	96.2762
326.678	96.2819
326.093	96.2993
325.511	96.3211
324.93	96.3348
324.352	96.3372
323.776	96.3381
323.201	96.3493
322.629	96.3708
322.059	96.3905
321.491	96.3983
320.925	96.3977
320.361	96.4021
319.799	96.4192
319.238	96.442
318.68	96.4566
318.124	96.4585
317.57	96.4579
317.017	96.4679
316.467	96.4893
315.918	96.5097
315.371	96.5175
314.826	96.5156
314.284	96.5181
313.743	96.534
313.203	96.5568
312.666	96.5717
312.13	96.5729
311.597	96.5703
311.065	96.5782
310.535	96.5989
310.007	96.6195
309.48	96.6271
308.956	96.6238
308.433	96.624
307.912	96.6383
307.392	96.6608
306.875	96.676
306.359	96.6766
305.845	96.6722
305.332	96.6781
304.821	96.6978
304.312	96.7186
303.805	96.7265
303.3	96.7223
302.796	96.7208
302.293	96.7336
301.793	96.7558
301.294	96.7715
300.797	96.7722
300.301	96.7669
299.807	96.7716
299.314	96.7904
298.824	96.8113
298.335	96.8196
297.847	96.8155
297.361	96.8136
296.877	96.8259
296.394	96.8478
295.912	96.8635
295.433	96.8644
294.955	96.8597
294.478	96.8652
294.003	96.8849
293.529	96.906
293.057	96.9138
292.587	96.9091
292.118	96.9072
291.65	96.9201
291.184	96.9418
290.72	96.9556
290.257	96.9544
289.795	96.9503
289.335	96.9615
288.877	96.9902
288.419	97.0188
287.964	97.0291
287.509	97.0228
287.057	97.0201
286.605	97.0369
286.155	97.0663
285.706	97.0863
285.259	97.0856
284.813	97.077
284.369	97.0832
283.926	97.1093
283.484	97.1362
283.044	97.1412
282.605	97.1252
282.168	97.1137
281.731	97.1287
281.297	97.1639
280.863	97.1909
280.431	97.1903
280	97.1738
