1200	98.6033
1192.15	98.6021
1184.4	98.6002
1176.75	98.5981
1169.21	98.5966
1161.75	98.5961
1154.39	98.5967
1147.13	98.5982
1139.95	98.6
1132.86	98.6016
1125.87	98.6023
1118.95	98.6018
1112.13	98.6001
1105.38	98.5977
1098.72	98.5951
1092.13	98.5932
1085.63	98.5923
1079.2	98.5927
1072.84	98.5942
1066.56	98.596
1060.36	98.5976
1054.23	98.5982
1048.16	98.5974
1042.17	98.5952
1036.24	98.5922
1030.38	98.589
1024.59	98.5865
1018.86	98.5853
1013.2	98.5858
1007.6	98.5876
1002.06	98.59
996.576	98.5921
991.156	98.5929
985.795	98.5918
980.491	98.5889
975.244	98.5847
970.053	98.5802
964.917	98.5766
959.835	98.5749
954.806	98.5755
949.83	98.5781
944.905	98.5817
940.031	98.5848
935.207	98.5859
930.433	98.5841
925.707	98.5792
921.028	98.5719
916.397	98.5639
911.812	98.5574
907.273	98.5541
902.778	98.5552
898.328	98.5604
893.922	98.5681
889.559	98.5757
885.238	98.58
880.958	98.5783
876.72	98.5687
872.523	98.5515
868.365	98.5284
864.247	98.5027
860.168	98.4785
856.127	98.4594
852.124	98.4479
848.159	98.4444
844.23	98.4474
840.337	98.4535
836.48	98.4585
832.658	98.4585
828.871	98.4509
825.118	98.4348
821.399	98.4118
817.714	98.3848
814.061	98.3578
810.441	98.3347
806.853	98.3178
803.296	98.3082
799.771	98.3046
796.277	98.3047
792.813	98.3053
789.379	98.3035
785.974	98.2977
782.599	98.2876
779.253	98.2743
775.935	98.2598
772.645	98.2463
769.383	98.2355
766.149	98.2279
762.941	98.2227
759.761	98.2181
756.606	98.2122
753.478	98.2029
750.376	98.1892
747.299	98.1708
744.247	98.1482
741.22	98.1226
738.218	98.0948
735.239	98.0656
732.285	98.0354
729.354	98.0048
726.447	97.9756
723.563	97.9512
720.702	97.9369
717.863	97.9403
715.046	97.9692
712.251	98.0307
709.479	98.1287
706.727	98.2616
703.997	98.421
701.288	98.592
698.6	98.7537
695.932	98.8821
693.285	98.9542
690.657	98.9511
688.05	98.8621
685.462	98.6865
682.893	98.434
680.344	98.1236
677.814	97.7801
675.302	97.4306
672.809	97.1001
670.334	96.8082
667.878	96.5669
665.439	96.3802
663.018	96.2451
660.615	96.1536
658.229	96.0952
655.86	96.0597
653.508	96.0387
651.173	96.0265
648.854	96.0198
646.553	96.017
644.267	96.017
641.997	96.0186
639.744	96.0195
637.506	96.0171
635.283	96.0088
633.077	95.9931
630.885	95.9705
628.709	95.9434
626.547	95.9166
624.4	95.8956
622.268	95.8856
620.151	95.8902
618.048	95.9104
615.959	95.9438
613.884	95.9856
611.823	96.029
609.776	96.0674
607.742	96.0955
605.723	96.1108
603.716	96.1139
601.723	96.1086
599.742	96.1007
597.775	96.0961
595.821	96.1001
593.879	96.1153
591.95	96.1415
590.034	96.1755
588.13	96.2123
586.238	96.2463
584.358	96.2727
582.49	96.2891
580.634	96.2955
578.79	96.2947
576.958	96.2914
575.137	96.2906
573.328	96.2967
571.53	96.3121
569.743	96.3366
567.967	96.3676
566.203	96.4008
564.449	96.4315
562.706	96.4558
560.974	96.4717
559.253	96.4795
557.542	96.4818
555.841	96.4827
554.151	96.4865
552.471	96.4968
550.802	96.5153
549.142	96.5413
547.492	96.5722
545.852	96.6042
544.222	96.6331
542.602	96.6558
540.991	96.6709
539.39	96.6792
537.798	96.6835
536.216	96.6875
534.643	96.6949
533.079	96.7085
531.524	96.7291
529.979	96.7557
528.442	96.7855
526.914	96.815
525.395	96.8408
523.885	96.8607
522.383	96.8743
520.89	96.8832
519.405	96.8904
517.929	96.8993
516.461	96.9134
515.002	96.9345
513.551	96.9631
512.108	96.9977
510.673	97.0355
509.246	97.0729
507.827	97.1065
506.415	97.1334
505.012	97.1517
503.616	97.1605
502.229	97.1594
500.848	97.1483
499.476	97.1269
498.111	97.0949
496.753	97.0521
495.402	96.9985
494.059	96.9356
492.724	96.866
491.395	96.7935
490.074	96.7233
488.759	96.6602
487.452	96.6088
486.152	96.5716
484.858	96.5491
483.572	96.5396
482.292	96.5395
481.019	96.5444
479.753	96.5502
478.493	96.5539
477.24	96.5545
475.994	96.5526
474.754	96.5504
473.52	96.5505
472.293	96.5552
471.072	96.5654
469.858	96.5805
468.649	96.5983
467.447	96.6161
466.251	96.6312
465.062	96.642
463.878	96.6481
462.7	96.6511
461.528	96.6534
460.362	96.658
459.202	96.6671
458.048	96.6816
456.9	96.7009
455.757	96.7228
454.62	96.7444
453.489	96.7629
452.363	96.7766
451.243	96.7853
450.129	96.7904
449.02	96.7946
447.916	96.8007
446.818	96.8112
445.725	96.8272
444.638	96.8482
443.556	96.8721
442.479	96.8962
441.407	96.9176
440.34	96.9345
439.279	96.9463
438.223	96.9542
437.171	96.9602
436.125	96.9669
435.084	96.9762
434.048	96.9891
433.017	97.0052
431.99	97.0229
430.969	97.0403
429.952	97.0556
428.94	97.068
427.933	97.0781
426.93	97.0875
425.932	97.0985
424.939	97.113
423.951	97.132
422.967	97.1549
421.987	97.1799
421.012	97.2039
420.042	97.2242
419.076	97.2389
418.115	97.2478
417.158	97.2526
416.205	97.2565
415.257	97.2633
414.313	97.2763
413.373	97.297
412.437	97.3247
411.506	97.3564
410.579	97.3878
409.656	97.4144
408.737	97.4329
407.823	97.4423
406.912	97.4442
406.005	97.4426
405.103	97.4426
404.204	97.4489
403.31	97.4646
402.419	97.4898
401.533	97.5217
400.65	97.5555
399.771	97.585
398.896	97.6051
398.025	97.6128
397.157	97.6084
396.294	97.5952
395.434	97.5789
394.578	97.566
393.725	97.5621
392.877	97.5705
392.031	97.5914
391.19	97.6221
390.352	97.6576
389.518	97.6923
388.687	97.7206
387.86	97.7385
387.036	97.7437
386.216	97.7352
385.399	97.7128
384.586	97.6759
383.776	97.6233
382.969	97.553
382.166	97.4629
381.367	97.3516
380.57	97.2203
379.777	97.0731
378.987	96.9174
378.201	96.7633
377.418	96.6216
376.638	96.5027
375.861	96.4134
375.087	96.3565
374.317	96.3297
373.55	96.3265
372.785	96.3377
372.024	96.3539
371.267	96.3672
370.512	96.3732
369.76	96.3716
369.011	96.3654
368.266	96.3599
367.523	96.3605
366.783	96.3713
366.047	96.3935
365.313	96.4254
364.582	96.4629
363.854	96.5009
363.129	96.5346
362.407	96.561
361.688	96.5798
360.971	96.5927
360.258	96.6034
359.547	96.6155
358.839	96.6321
358.134	96.6543
357.432	96.6814
356.732	96.7109
356.035	96.7399
355.341	96.766
354.649	96.7878
353.96	96.8058
353.274	96.8215
352.591	96.8373
351.91	96.8549
351.232	96.8751
350.556	96.8969
349.883	96.9181
349.213	96.9357
348.545	96.9474
347.879	96.9522
347.217	96.9511
346.556	96.9468
345.899	96.9435
345.243	96.9449
344.591	96.9538
343.94	96.9705
343.292	96.9926
342.647	97.0157
342.004	97.0343
341.363	97.0434
340.725	97.0394
340.089	97.0216
339.456	96.992
338.825	96.9546
338.196	96.9142
337.569	96.8754
336.945	96.8409
336.324	96.8114
335.704	96.7858
335.087	96.7618
334.472	96.7376
333.859	96.7123
333.249	96.6872
332.64	96.6652
332.034	96.6502
331.43	96.6453
330.829	96.6523
330.229	96.6699
329.632	96.6945
329.037	96.7201
328.444	96.7408
327.853	96.7515
327.264	96.7502
326.678	96.7385
326.093	96.7211
325.511	96.705
324.93	96.6968
324.352	96.7015
323.776	96.7205
323.201	96.751
322.629	96.7872
322.059	96.8216
321.491	96.8471
320.925	96.8597
320.361	96.8593
319.799	96.8501
319.238	96.8393
318.68	96.835
318.124	96.844
317.57	96.8692
317.017	96.9089
316.467	96.9569
315.918	97.0044
315.371	97.042
314.826	97.0628
314.284	97.0645
313.743	97.0499
313.203	97.0265
312.666	97.0043
312.13	96.9934
311.597	97.0008
311.065	97.0289
310.535	97.0743
310.007	97.1293
309.48	97.1837
308.956	97.2277
308.433	97.2548
307.912	97.2629
307.392	97.2553
306.875	97.2393
306.359	97.224
305.845	97.2179
305.332	97.2262
304.821	97.2499
304.312	97.2853
303.805	97.3259
303.3	97.364
302.796	97.3929
302.293	97.4094
301.793	97.414
301.294	97.4108
300.797	97.406
300.301	97.4059
299.807	97.4152
299.314	97.4353
298.824	97.4642
298.335	97.4973
297.847	97.5291
297.361	97.5544
296.877	97.5705
296.394	97.5777
295.912	97.5789
295.433	97.5788
294.955	97.5822
294.478	97.5928
294.003	97.6114
293.529	97.6367
293.057	97.6649
292.587	97.6914
292.118	97.7126
291.65	97.7263
291.184	97.7329
290.72	97.7349
290.257	97.7362
289.795	97.7405
289.335	97.7504
288.877	97.7664
288.419	97.7872
287.964	97.8096
287.509	97.8304
287.057	97.847
286.605	97.8584
286.155	97.8658
285.706	97.8717
285.259	97.8794
284.813	97.8915
284.369	97.9091
283.926	97.931
283.484	97.9546
283.044	97.9761
282.605	97.9921
282.168	98.0005
281.731	98.0018
281.297	97.9983
280.863	97.9942
280.431	97.9939
280	98.0006
