1200	98.8653
1192.15	98.8761
1184.4	98.8849
1176.75	98.8967
1169.21	98.9138
1161.75	98.9331
1154.39	98.9493
1147.13	98.9603
1139.95	98.9689
1132.86	98.9803
1125.87	98.9968
1118.95	99.0159
1112.13	99.0321
1105.38	99.0432
1098.72	99.0516
1092.13	99.0624
1085.63	99.0784
1079.2	99.0971
1072.84	99.1134
1066.56	99.1244
1060.36	99.1325
1054.23	99.1428
1048.16	99.1582
1042.17	99.1765
1036.24	99.1927
1030.38	99.2037
1024.59	99.2115
1018.86	99.2212
1013.2	99.2358
1007.6	99.2537
1002.06	99.2697
996.576	99.2806
991.156	99.2881
985.795	99.2971
980.491	99.311
975.244	99.3284
970.053	99.3442
964.917	99.355
959.835	99.3621
954.806	99.3704
949.83	99.3835
944.905	99.4003
940.031	99.416
935.207	99.4266
930.433	99.4333
925.707	99.4409
921.028	99.4531
916.397	99.4693
911.812	99.4847
907.273	99.4952
902.778	99.5015
898.328	99.5082
893.922	99.5196
889.559	99.5352
885.238	99.5503
880.958	99.5607
876.72	99.5665
872.523	99.5724
868.365	99.5828
864.247	99.5977
860.168	99.6125
856.127	99.6227
852.124	99.628
848.159	99.6331
844.23	99.6425
840.337	99.6567
836.48	99.6711
832.658	99.681
828.871	99.6858
825.118	99.6899
821.399	99.6983
817.714	99.7116
814.061	99.7256
810.441	99.7352
806.853	99.7394
803.296	99.7425
799.771	99.7496
796.277	99.7619
792.813	99.7754
789.379	99.7846
785.974	99.7882
782.599	99.7901
779.253	99.7959
775.935	99.8071
772.645	99.82
769.383	99.8288
766.149	99.8316
762.941	99.8322
759.761	99.8365
756.606	99.8465
753.478	99.8586
750.376	99.8669
747.299	99.8689
744.247	99.8682
741.22	99.8708
738.218	99.8794
735.239	99.8907
732.285	99.8983
729.354	99.8993
726.447	99.8969
723.563	99.8974
720.702	99.9042
717.863	99.9142
715.046	99.9207
712.251	99.92
709.479	99.9152
706.727	99.9129
703.997	99.9173
701.288	99.9256
698.6	99.9312
695.932	99.9297
693.285	99.9237
690.657	99.9203
688.05	99.9241
685.462	99.9329
682.893	99.9394
680.344	99.9384
677.814	99.9319
675.302	99.9271
672.809	99.9296
670.334	99.9378
667.878	99.944
665.439	99.9424
663.018	99.9343
660.615	99.9274
658.229	99.928
655.86	99.9351
653.508	99.941
651.173	99.9388
648.854	99.9291
646.553	99.9198
644.267	99.9184
641.997	99.9245
639.744	99.9301
637.506	99.9272
635.283	99.9158
633.077	99.9039
630.885	99.9002
628.709	99.9052
626.547	99.9105
624.4	99.9068
622.268	99.8931
620.151	99.878
618.048	99.8714
615.959	99.8748
613.884	99.8793
611.823	99.8742
609.776	99.8574
607.742	99.8377
605.723	99.8268
603.716	99.8275
601.723	99.8303
599.742	99.8225
597.775	99.8005
595.821	99.7737
593.879	99.7559
591.95	99.7516
590.034	99.7506
588.13	99.7374
586.238	99.7063
584.358	99.6676
582.49	99.6383
580.634	99.625
578.79	99.6166
576.958	99.5935
575.137	99.547
573.328	99.4887
571.53	99.4408
569.743	99.4142
567.967	99.3961
566.203	99.3598
564.449	99.2908
562.706	99.203
560.974	99.1298
559.253	99.0931
557.542	99.0803
555.841	99.051
554.151	98.9723
552.471	98.8521
550.802	98.7393
549.142	98.6865
547.492	98.704
545.852	98.7464
544.222	98.7459
542.602	98.6671
540.991	98.5363
539.39	98.4213
537.798	98.3753
536.216	98.3943
534.643	98.4229
533.079	98.404
531.524	98.3284
529.979	98.2413
528.442	98.2008
526.914	98.225
525.395	98.2757
523.885	98.2927
522.383	98.2471
520.89	98.1675
519.405	98.1138
517.929	98.1231
516.461	98.1767
515.002	98.2166
513.551	98.1974
512.108	98.1268
510.673	98.0581
509.246	98.042
507.827	98.0816
506.415	98.1301
505.012	98.1336
503.616	98.0798
502.229	98.0082
500.848	97.974
499.476	97.9976
498.111	98.0475
496.753	98.069
495.402	98.0349
494.059	97.9694
492.724	97.9253
491.395	97.9355
490.074	97.9833
488.759	98.0179
487.452	98.002
486.152	97.9454
484.858	97.8958
483.572	97.8942
482.292	97.9374
481.019	97.9806
479.753	97.9795
478.493	97.9313
477.24	97.8773
475.994	97.8647
474.754	97.9023
473.52	97.9516
472.293	97.9626
471.072	97.9201
469.858	97.8596
468.649	97.8363
467.447	97.8747
466.251	97.945
465.062	97.9886
463.878	97.9693
462.7	97.9063
461.528	97.8571
460.362	97.8674
459.202	97.9306
458.048	97.9947
456.9	98.0085
455.757	97.9667
454.62	97.9133
453.489	97.9009
452.363	97.944
451.243	98.0063
450.129	98.0347
449.02	98.0064
447.916	97.9492
446.818	97.9149
445.725	97.9329
444.638	97.9847
443.556	98.0223
442.479	98.0119
441.407	97.9644
440.34	97.9238
439.279	97.9271
438.223	97.9707
437.171	98.0153
436.125	98.0223
435.084	97.989
434.048	97.9498
433.017	97.944
431.99	97.98
430.969	98.0283
429.952	98.0495
428.94	98.0303
427.933	97.9951
426.93	97.9826
425.932	98.0105
424.939	98.0597
423.951	98.0926
422.967	98.0884
421.987	98.0615
421.012	98.0481
420.042	98.0723
419.076	98.1247
418.115	98.1714
417.158	98.1855
416.205	98.1709
415.257	98.1575
414.313	98.1727
413.373	98.2155
412.437	98.2583
411.506	98.2725
410.579	98.2551
409.656	98.2317
408.737	98.2325
407.823	98.2648
406.912	98.3071
406.005	98.3297
405.103	98.3219
404.204	98.302
403.31	98.2999
402.419	98.3292
401.533	98.375
400.65	98.4082
399.771	98.4127
398.896	98.3997
398.025	98.3975
397.157	98.4246
396.294	98.4732
395.434	98.5164
394.578	98.5338
393.725	98.5298
392.877	98.5296
392.031	98.5555
391.19	98.6064
390.352	98.6591
389.518	98.6901
388.687	98.6973
387.86	98.7018
387.036	98.7284
386.216	98.7821
385.399	98.8446
384.586	98.8907
383.776	98.9125
382.969	98.9261
382.166	98.957
381.367	99.0163
380.57	99.091
379.777	99.156
378.987	99.1978
378.201	99.2267
377.418	99.2675
376.638	99.3364
375.861	99.4261
375.087	99.5127
374.317	99.5775
373.55	99.6238
372.785	99.673
372.024	99.744
371.267	99.8349
370.512	99.9226
369.76	99.9823
369.011	100.007
368.266	100.009
367.523	100.004
366.783	99.9936
366.047	99.9554
365.313	99.8613
364.582	99.6982
363.854	99.4768
363.129	99.2225
362.407	98.9555
361.688	98.6803
360.971	98.3922
360.258	98.0929
359.547	97.7996
358.839	97.538
358.134	97.3256
357.432	97.1601
356.732	97.0248
356.035	96.9045
355.341	96.7982
354.649	96.7166
353.96	96.6682
353.274	96.648
352.591	96.6389
351.91	96.6259
351.232	96.6075
350.556	96.5956
349.883	96.6021
349.213	96.6258
348.545	96.6525
347.879	96.6672
347.217	96.6679
346.556	96.667
345.899	96.6787
345.243	96.7051
344.591	96.7332
343.94	96.7462
343.292	96.7392
342.647	96.7229
342.004	96.7139
341.363	96.7184
340.725	96.7266
340.089	96.7216
339.456	96.6965
338.825	96.6618
338.196	96.6373
337.569	96.635
336.945	96.6491
336.324	96.6621
335.704	96.661
335.087	96.6493
334.472	96.643
333.859	96.6549
333.249	96.6822
332.64	96.7083
332.034	96.7188
331.43	96.7141
330.829	96.7094
330.229	96.7195
329.632	96.7451
329.037	96.7716
328.444	96.7836
327.853	96.7798
327.264	96.7747
326.678	96.7848
326.093	96.8123
325.511	96.8418
324.93	96.8546
324.352	96.8467
323.776	96.8347
323.201	96.8413
322.629	96.8751
322.059	96.9207
321.491	96.9513
320.925	96.9511
320.361	96.9294
319.799	96.9117
319.238	96.9168
318.68	96.9405
318.124	96.9598
317.57	96.9553
317.017	96.9301
316.467	96.9085
315.918	96.914
315.371	96.9478
314.826	96.9865
314.284	97.0019
313.743	96.9867
313.203	96.9607
312.666	96.9538
312.13	96.9796
311.597	97.0231
311.065	97.0545
310.535	97.055
310.007	97.0336
309.48	97.0186
308.956	97.0315
308.433	97.0688
307.912	97.105
307.392	97.116
306.875	97.1004
306.359	97.0794
305.845	97.0772
305.332	97.0987
304.821	97.1262
304.312	97.1365
303.805	97.1229
303.3	97.1012
302.796	97.0945
302.293	97.1116
301.793	97.1393
301.294	97.1544
300.797	97.1462
300.301	97.1261
299.807	97.1171
299.314	97.1322
298.824	97.1618
298.335	97.183
297.847	97.1809
297.361	97.1623
296.877	97.1499
296.394	97.1608
295.912	97.1901
295.433	97.2157
294.955	97.2185
294.478	97.2006
294.003	97.1834
293.529	97.1881
293.057	97.2154
292.587	97.2448
292.118	97.2532
291.65	97.2368
291.184	97.2149
290.72	97.2121
290.257	97.2357
289.795	97.2684
289.335	97.2839
288.877	97.2713
288.419	97.2457
287.964	97.2345
287.509	97.252
287.057	97.2864
286.605	97.3094
286.155	97.3029
285.706	97.2754
285.259	97.2552
284.813	97.2642
284.369	97.2978
283.926	97.3286
283.484	97.3308
283.044	97.3044
282.605	97.2754
282.168	97.273
281.731	97.3027
281.297	97.3413
280.863	97.3571
280.431	97.3383
280	97.3034
