1200	0.313686
1192.15	0.309396
1184.4	0.305074
1176.75	0.300945
1169.21	0.297162
1161.75	0.293733
1154.39	0.290526
1147.13	0.287323
1139.95	0.283915
1132.86	0.280195
1125.87	0.276204
1118.95	0.272111
1112.13	0.268148
1105.38	0.264503
1098.72	0.261247
1092.13	0.258297
1085.63	0.255457
1079.2	0.252498
1072.84	0.249258
1066.56	0.245714
1060.36	0.24199
1054.23	0.23831
1048.16	0.234902
1042.17	0.2319
1036.24	0.229285
1030.38	0.226894
1024.59	0.224487
1018.86	0.221848
1013.2	0.218882
1007.6	0.215654
1002.06	0.212367
996.576	0.209277
991.156	0.206582
985.795	0.204337
980.491	0.202426
975.244	0.200613
970.053	0.198637
964.917	0.196327
959.835	0.193682
954.806	0.190868
949.83	0.188156
944.905	0.185803
940.031	0.183939
935.207	0.182508
930.433	0.181289
925.707	0.179986
921.028	0.178359
916.397	0.176331
911.812	0.174028
907.273	0.171727
902.778	0.169736
898.328	0.168264
893.922	0.167318
889.559	0.166699
885.238	0.16608
880.958	0.165153
876.72	0.163762
872.523	0.161985
868.365	0.160102
864.247	0.158481
860.168	0.157411
856.127	0.156974
852.124	0.156998
848.159	0.157123
844.23	0.156959
840.337	0.156258
836.48	0.155034
832.658	0.153564
828.871	0.15228
825.118	0.151575
821.399	0.151626
817.714	0.152308
814.061	0.153235
810.441	0.153923
806.853	0.154008
803.296	0.153408
799.771	0.152374
796.277	0.151386
792.813	0.150943
789.379	0.151335
785.974	0.152507
782.599	0.154067
779.253	0.155453
775.935	0.156184
772.645	0.156086
769.383	0.155378
766.149	0.154596
762.941	0.154362
759.761	0.155108
756.606	0.156895
753.478	0.159392
750.376	0.162057
747.299	0.164422
744.247	0.166367
741.22	0.168224
738.218	0.170668
735.239	0.1744
732.285	0.179769
729.354	0.18651
726.447	0.19372
723.563	0.200135
720.702	0.204607
717.863	0.206588
715.046	0.206418
712.251	0.205262
709.479	0.204693
706.727	0.206079
703.997	0.210015
701.288	0.216044
698.6	0.222816
695.932	0.228626
693.285	0.232133
690.657	0.232956
688.05	0.231874
685.462	0.230535
682.893	0.230775
680.344	0.233815
677.814	0.239692
675.302	0.247181
672.809	0.254264
670.334	0.258974
667.878	0.260254
665.439	0.25846
663.018	0.25526
660.615	0.252953
658.229	0.253469
655.86	0.257484
653.508	0.264045
651.173	0.270908
648.854	0.275469
646.553	0.275911
644.267	0.272082
641.997	0.265666
639.744	0.259564
637.506	0.256681
635.283	0.258648
633.077	0.265031
630.885	0.273413
628.709	0.280384
626.547	0.283039
624.4	0.280353
622.268	0.273812
620.151	0.266943
618.048	0.263881
615.959	0.267533
613.884	0.278124
611.823	0.292807
609.776	0.30661
607.742	0.314396
605.723	0.31307
603.716	0.303069
601.723	0.288421
599.742	0.275211
597.775	0.269012
595.821	0.272299
593.879	0.283006
591.95	0.29495
590.034	0.300111
588.13	0.29194
586.238	0.268333
584.358	0.232922
582.49	0.193939
580.634	0.160915
578.79	0.14043
576.958	0.132696
575.137	0.130618
573.328	0.122053
571.53	0.0947459
569.743	0.0421469
567.967	-0.032273
566.203	-0.114299
564.449	-0.182719
562.706	-0.216692
560.974	-0.20428
559.253	-0.148877
557.542	-0.0706255
555.841	-0.00146069
554.151	0.0253244
552.471	-0.0120561
550.802	-0.112919
549.142	-0.249194
547.492	-0.369024
545.852	-0.408627
544.222	-0.309399
542.602	-0.0352122
540.991	0.415456
539.39	1.00657
537.798	1.67194
536.216	2.33104
534.643	2.90849
533.079	3.35155
531.524	3.64062
529.979	3.78995
528.442	3.8391
526.914	3.83842
525.395	3.83342
523.885	3.85302
522.383	3.90466
520.89	3.9772
519.405	4.04937
517.929	4.10029
516.461	4.1181
515.002	4.10375
513.551	4.06941
512.108	4.03249
510.673	4.00834
509.246	4.00433
507.827	4.01772
506.415	4.03773
505.012	4.05069
503.616	4.04604
502.229	4.0207
500.848	3.98025
499.476	3.93663
498.111	3.9034
496.753	3.8907
495.402	3.90168
494.059	3.9318
492.724	3.97108
491.395	4.00804
490.074	4.03393
488.759	4.04541
487.452	4.04481
486.152	4.03825
484.858	4.03235
483.572	4.03123
482.292	4.03483
481.019	4.03928
479.753	4.03893
478.493	4.02909
477.24	4.00822
475.994	3.97875
474.754	3.94602
473.52	3.91615
472.293	3.89352
471.072	3.87907
469.858	3.87008
468.649	3.86152
467.447	3.84826
466.251	3.82724
465.062	3.79872
463.878	3.7661
462.7	3.73435
461.528	3.70794
460.362	3.68894
459.202	3.67627
458.048	3.66623
456.9	3.65416
455.757	3.63641
454.62	3.61188
453.489	3.58238
452.363	3.55179
451.243	3.5244
450.129	3.50307
449.02	3.48807
447.916	3.47707
446.818	3.46615
445.725	3.4515
444.638	3.43106
443.556	3.4053
442.479	3.37696
441.407	3.34988
440.34	3.3273
439.279	3.31057
438.223	3.29859
437.171	3.28834
436.125	3.2762
435.084	3.25951
434.048	3.23762
433.017	3.21217
431.99	3.18631
430.969	3.16336
429.952	3.14541
428.94	3.13246
427.933	3.12246
426.93	3.11222
425.932	3.0988
424.939	3.08071
423.951	3.05853
422.967	3.03463
421.987	3.01211
421.012	2.9935
420.042	2.9797
419.076	2.96964
418.115	2.96075
417.158	2.95009
416.205	2.9356
415.257	2.91692
414.313	2.89557
413.373	2.87421
412.437	2.85556
411.506	2.84119
410.579	2.83094
409.656	2.82296
408.737	2.81457
407.823	2.80338
406.912	2.78829
406.005	2.76994
405.103	2.75043
404.204	2.73239
403.31	2.71784
402.419	2.70742
401.533	2.70005
400.65	2.69349
399.771	2.68526
398.896	2.67371
398.025	2.6587
397.157	2.64165
396.294	2.62488
395.434	2.61068
394.578	2.60027
393.725	2.59338
392.877	2.5883
392.031	2.5827
391.19	2.57458
390.352	2.56314
389.518	2.54908
388.687	2.53431
387.86	2.5211
387.036	2.51115
386.216	2.50485
385.399	2.50113
384.586	2.49799
383.776	2.49334
382.969	2.48591
382.166	2.4758
381.367	2.46442
380.57	2.45387
379.777	2.44602
378.987	2.44161
378.201	2.43993
377.418	2.43904
376.638	2.43656
375.861	2.43068
375.087	2.42091
374.317	2.40841
373.55	2.39553
372.785	2.38495
372.024	2.37865
371.267	2.37712
370.512	2.37916
369.76	2.38239
369.011	2.38416
368.266	2.38255
367.523	2.37708
366.783	2.36882
366.047	2.35988
365.313	2.35253
364.582	2.3483
363.854	2.34736
363.129	2.34856
362.407	2.34996
361.688	2.34964
360.971	2.34657
360.258	2.34092
359.547	2.33402
358.839	2.3277
358.134	2.32354
357.432	2.32217
356.732	2.32303
356.035	2.32462
355.341	2.32517
354.649	2.32338
353.96	2.31898
353.274	2.31283
352.591	2.30655
351.91	2.30187
351.232	2.29985
350.556	2.30048
349.883	2.30263
349.213	2.30456
348.545	2.30457
347.879	2.30168
347.217	2.29598
346.556	2.28858
345.899	2.28104
345.243	2.27483
344.591	2.27065
343.94	2.26827
343.292	2.26667
342.647	2.26454
342.004	2.2609
341.363	2.25552
340.725	2.24901
340.089	2.24257
339.456	2.23743
338.825	2.2343
338.196	2.23307
337.569	2.23282
336.945	2.23221
336.324	2.23004
335.704	2.22575
335.087	2.21964
334.472	2.21274
333.859	2.20637
333.249	2.20154
332.64	2.19855
332.034	2.19686
331.43	2.19529
330.829	2.19253
330.229	2.18769
329.632	2.18066
329.037	2.17215
328.444	2.16339
327.853	2.15559
327.264	2.14943
326.678	2.14479
326.093	2.14076
325.511	2.13603
324.93	2.12944
324.352	2.12039
323.776	2.10902
323.201	2.09611
322.629	2.08257
322.059	2.06898
321.491	2.05516
320.925	2.04016
320.361	2.02254
319.799	2.00095
319.238	1.97472
318.68	1.94431
318.124	1.9113
317.57	1.8781
317.017	1.84726
316.467	1.82087
315.918	1.80004
315.371	1.7848
314.826	1.77431
314.284	1.76734
313.743	1.76278
313.203	1.75998
312.666	1.7588
312.13	1.75948
311.597	1.76227
311.065	1.76715
310.535	1.77373
310.007	1.78134
309.48	1.78929
308.956	1.79721
308.433	1.80517
307.912	1.81362
307.392	1.82312
306.875	1.83399
306.359	1.84604
305.845	1.85854
305.332	1.87044
304.821	1.88087
304.312	1.88953
303.805	1.89692
303.3	1.90416
302.796	1.91246
302.293	1.9224
301.793	1.93326
301.294	1.94283
300.797	1.94773
300.301	1.94438
299.807	1.93035
299.314	1.90551
298.824	1.87283
298.335	1.83819
297.847	1.80937
297.361	1.79429
296.877	1.79895
296.394	1.8258
295.912	1.87284
295.433	1.93385
294.955	1.99978
294.478	2.06071
294.003	2.10811
293.529	2.13662
293.057	2.14496
292.587	2.13584
292.118	2.11479
291.65	2.08855
291.184	2.06329
290.72	2.04324
290.257	2.02997
289.795	2.0226
289.335	2.01853
288.877	2.01457
288.419	2.00809
287.964	1.99776
287.509	1.98386
287.057	1.96801
286.605	1.95255
286.155	1.93971
285.706	1.93097
285.259	1.92666
284.813	1.92594
284.369	1.92713
283.926	1.92832
283.484	1.92794
283.044	1.92523
282.605	1.92045
282.168	1.9147
281.731	1.90956
281.297	1.90656
280.863	1.90667
280.431	1.90999
280	1.91573
