1200	98.5329
1192.15	98.5371
1184.4	98.5397
1176.75	98.5397
1169.21	98.5372
1161.75	98.533
1154.39	98.5288
1147.13	98.5261
1139.95	98.5258
1132.86	98.5282
1125.87	98.5324
1118.95	98.5367
1112.13	98.5396
1105.38	98.5399
1098.72	98.5374
1092.13	98.533
1085.63	98.5281
1079.2	98.5245
1072.84	98.5234
1066.56	98.5251
1060.36	98.529
1054.23	98.5335
1048.16	98.5368
1042.17	98.5375
1036.24	98.5352
1030.38	98.5305
1024.59	98.525
1018.86	98.5204
1013.2	98.5184
1007.6	98.5195
1002.06	98.5232
996.576	98.5279
991.156	98.5318
985.795	98.5331
980.491	98.5311
975.244	98.5262
970.053	98.5199
964.917	98.5142
959.835	98.511
954.806	98.5113
949.83	98.5148
944.905	98.5201
940.031	98.5249
935.207	98.5272
930.433	98.5258
925.707	98.5207
921.028	98.5134
916.397	98.5062
911.812	98.5014
907.273	98.5006
902.778	98.5039
898.328	98.5099
893.922	98.5161
889.559	98.5199
885.238	98.5193
880.958	98.514
876.72	98.5052
872.523	98.4956
868.365	98.4883
864.247	98.4856
860.168	98.4885
856.127	98.4956
852.124	98.5041
848.159	98.5105
844.23	98.5116
840.337	98.5059
836.48	98.4946
832.658	98.4806
828.871	98.4683
825.118	98.4619
821.399	98.4638
817.714	98.4737
814.061	98.4884
810.441	98.5024
806.853	98.51
803.296	98.5064
799.771	98.4901
796.277	98.4632
792.813	98.4311
789.379	98.401
785.974	98.3799
782.599	98.3725
779.253	98.3794
775.935	98.3972
772.645	98.419
769.383	98.4367
766.149	98.4434
762.941	98.4353
759.761	98.4132
756.606	98.3817
753.478	98.3483
750.376	98.3207
747.299	98.3047
744.247	98.3019
741.22	98.3096
738.218	98.3216
735.239	98.3303
732.285	98.3288
729.354	98.3139
726.447	98.2864
723.563	98.2518
720.702	98.2179
717.863	98.1929
715.046	98.1821
712.251	98.187
709.479	98.2039
706.727	98.2254
703.997	98.2425
701.288	98.2475
698.6	98.2361
695.932	98.2094
693.285	98.1731
690.657	98.136
688.05	98.1075
685.462	98.0942
682.893	98.0984
680.344	98.1169
677.814	98.1423
675.302	98.1647
672.809	98.1753
670.334	98.1688
667.878	98.1448
665.439	98.1083
663.018	98.0678
660.615	98.0327
658.229	98.0105
655.86	98.0046
653.508	98.0132
651.173	98.0298
648.854	98.0459
646.553	98.0533
644.267	98.047
641.997	98.0272
639.744	97.9993
637.506	97.9725
635.283	97.9573
633.077	97.9627
630.885	97.9936
628.709	98.0492
626.547	98.1238
624.4	98.208
622.268	98.2919
620.151	98.3677
618.048	98.4316
615.959	98.4848
613.884	98.533
611.823	98.5838
609.776	98.6442
607.742	98.7177
605.723	98.8026
603.716	98.891
601.723	98.97
599.742	99.0237
597.775	99.0359
595.821	98.9939
593.879	98.8898
591.95	98.7233
590.034	98.5007
588.13	98.2348
586.238	97.9428
584.358	97.6441
582.49	97.3577
580.634	97.0999
578.79	96.8831
576.958	96.714
575.137	96.5942
573.328	96.52
571.53	96.4839
569.743	96.4759
567.967	96.4857
566.203	96.5037
564.449	96.5231
562.706	96.5401
560.974	96.554
559.253	96.5664
557.542	96.58
555.841	96.5973
554.151	96.6196
552.471	96.6464
550.802	96.676
549.142	96.706
547.492	96.735
545.852	96.7633
544.222	96.793
542.602	96.8281
540.991	96.8726
539.39	96.9292
537.798	96.9971
536.216	97.0716
534.643	97.1444
533.079	97.2045
531.524	97.2417
529.979	97.2485
528.442	97.223
526.914	97.1697
525.395	97.098
523.885	97.0205
522.383	96.9485
520.89	96.8888
519.405	96.8409
517.929	96.7961
516.461	96.7394
515.002	96.6532
513.551	96.5221
512.108	96.3376
510.673	96.1015
509.246	95.8264
507.827	95.534
506.415	95.2505
505.012	95.0011
503.616	94.8046
502.229	94.67
500.848	94.5948
499.476	94.5671
498.111	94.569
496.753	94.582
495.402	94.5912
494.059	94.5885
492.724	94.5735
491.395	94.552
490.074	94.5329
488.759	94.5245
487.452	94.5316
486.152	94.5539
484.858	94.5864
483.572	94.6212
482.292	94.6505
481.019	94.6691
479.753	94.676
478.493	94.6745
477.24	94.6711
475.994	94.6729
474.754	94.6849
473.52	94.7088
472.293	94.7422
471.072	94.7796
469.858	94.8143
468.649	94.8407
467.447	94.8563
466.251	94.8625
465.062	94.8638
463.878	94.8663
462.7	94.8758
461.528	94.8954
460.362	94.9247
459.202	94.9601
458.048	94.9957
456.9	95.0259
455.757	95.0469
454.62	95.058
453.489	95.062
452.363	95.064
451.243	95.0697
450.129	95.0835
449.02	95.1069
447.916	95.1379
446.818	95.1721
445.725	95.2038
444.638	95.2284
443.556	95.2436
442.479	95.2503
441.407	95.2522
440.34	95.2548
439.279	95.2629
438.223	95.2797
437.171	95.305
436.125	95.3358
435.084	95.3672
434.048	95.394
433.017	95.4127
431.99	95.4224
430.969	95.4254
429.952	95.426
428.94	95.4294
427.933	95.4397
426.93	95.4585
425.932	95.4843
424.939	95.5135
423.951	95.5409
422.967	95.5623
421.987	95.5751
421.012	95.5801
420.042	95.5803
419.076	95.5803
418.115	95.5849
417.158	95.5969
416.205	95.6165
415.257	95.6415
414.313	95.6674
413.373	95.6897
412.437	95.7051
411.506	95.7124
410.579	95.7134
409.656	95.7118
408.737	95.712
407.823	95.7175
406.912	95.7298
406.005	95.7476
405.103	95.7679
404.204	95.7862
403.31	95.799
402.419	95.8045
401.533	95.8036
400.65	95.7995
399.771	95.7964
398.896	95.7984
398.025	95.8078
397.157	95.8242
396.294	95.8448
395.434	95.865
394.578	95.8804
393.725	95.888
392.877	95.8875
392.031	95.8815
391.19	95.8747
390.352	95.8722
389.518	95.878
388.687	95.8935
387.86	95.9169
387.036	95.9439
386.216	95.9691
385.399	95.9874
384.586	95.9963
383.776	95.9962
382.969	95.9905
382.166	95.9847
381.367	95.9842
380.57	95.9926
379.777	96.0109
378.987	96.0363
378.201	96.0642
377.418	96.0887
376.638	96.1054
375.861	96.1122
375.087	96.1106
374.317	96.1048
373.55	96.1004
372.785	96.1029
372.024	96.1152
371.267	96.1375
370.512	96.1666
369.76	96.197
369.011	96.2229
368.266	96.2402
367.523	96.2472
366.783	96.2457
366.047	96.24
365.313	96.2358
364.582	96.238
363.854	96.2497
363.129	96.2708
362.407	96.2988
361.688	96.329
360.971	96.3568
360.258	96.379
359.547	96.3943
358.839	96.4042
358.134	96.4117
357.432	96.4205
356.732	96.4334
356.035	96.4515
355.341	96.4739
354.649	96.4982
353.96	96.5215
353.274	96.5415
352.591	96.5578
351.91	96.5717
351.232	96.5857
350.556	96.6029
349.883	96.6253
349.213	96.6532
348.545	96.6849
347.879	96.7172
347.217	96.7464
346.556	96.7699
345.899	96.7869
345.243	96.7991
344.591	96.8101
343.94	96.8243
343.292	96.8452
342.647	96.8743
342.004	96.9102
341.363	96.9491
340.725	96.9854
340.089	97.0144
339.456	97.0328
338.825	97.0407
338.196	97.0413
337.569	97.0402
336.945	97.0432
336.324	97.0549
335.704	97.0769
335.087	97.1072
334.472	97.1408
333.859	97.1712
333.249	97.1925
332.64	97.2013
332.034	97.1976
331.43	97.1854
330.829	97.1708
330.229	97.1604
329.632	97.1592
329.037	97.1689
328.444	97.1873
327.853	97.2092
327.264	97.228
326.678	97.2376
326.093	97.2347
325.511	97.2196
324.93	97.1958
324.352	97.1689
323.776	97.1449
323.201	97.1278
322.629	97.1185
322.059	97.1147
321.491	97.1118
320.925	97.1046
320.361	97.0892
319.799	97.0651
319.238	97.0347
318.68	97.0036
318.124	96.9785
317.57	96.9651
317.017	96.9663
316.467	96.9816
315.918	97.0066
315.371	97.035
314.826	97.0604
314.284	97.0783
313.743	97.0875
313.203	97.0907
312.666	97.093
312.13	97.1006
311.597	97.1185
311.065	97.1487
310.535	97.19
310.007	97.2377
309.48	97.2857
308.956	97.328
308.433	97.361
307.912	97.3837
307.392	97.3985
306.875	97.4092
306.359	97.4201
305.845	97.4338
305.332	97.45
304.821	97.4661
304.312	97.4776
303.805	97.4802
303.3	97.4714
302.796	97.452
302.293	97.4261
301.793	97.3999
301.294	97.3805
300.797	97.3731
300.301	97.3793
299.807	97.3969
299.314	97.4202
298.824	97.4418
298.335	97.455
297.847	97.4559
297.361	97.4448
296.877	97.4257
296.394	97.4051
295.912	97.3896
295.433	97.3836
294.955	97.3874
294.478	97.3967
294.003	97.4044
293.529	97.4021
293.057	97.3835
292.587	97.3464
292.118	97.2939
291.65	97.2339
291.184	97.1768
290.72	97.1333
290.257	97.1104
289.795	97.1106
289.335	97.1306
288.877	97.1629
288.419	97.1984
287.964	97.2292
287.509	97.251
287.057	97.2644
286.605	97.2743
286.155	97.2883
285.706	97.3134
285.259	97.3541
284.813	97.41
284.369	97.4763
283.926	97.5449
283.484	97.6071
283.044	97.6561
282.605	97.6894
282.168	97.7092
281.731	97.7218
281.297	97.7349
280.863	97.7559
280.431	97.7884
280	97.8317
