1200	98.6604
1192.15	98.6794
1184.4	98.6979
1176.75	98.7165
1169.21	98.7356
1161.75	98.7547
1154.39	98.7734
1147.13	98.7917
1139.95	98.8099
1132.86	98.8285
1125.87	98.8473
1118.95	98.8658
1112.13	98.8838
1105.38	98.9015
1098.72	98.9196
1092.13	98.9379
1085.63	98.9561
1079.2	98.9737
1072.84	98.991
1066.56	99.0084
1060.36	99.0262
1054.23	99.0439
1048.16	99.0611
1042.17	99.0778
1036.24	99.0946
1030.38	99.1118
1024.59	99.1289
1018.86	99.1456
1013.2	99.1618
1007.6	99.1779
1002.06	99.1943
996.576	99.2108
991.156	99.2269
985.795	99.2425
980.491	99.2579
975.244	99.2735
970.053	99.2893
964.917	99.3048
959.835	99.3197
954.806	99.3344
949.83	99.3491
944.905	99.3641
940.031	99.3789
935.207	99.3932
930.433	99.407
925.707	99.4209
921.028	99.435
916.397	99.449
911.812	99.4626
907.273	99.4756
902.778	99.4885
898.328	99.5017
893.922	99.5149
889.559	99.5277
885.238	99.5399
880.958	99.5518
876.72	99.5639
872.523	99.5762
868.365	99.5882
864.247	99.5995
860.168	99.6105
856.127	99.6215
852.124	99.6328
848.159	99.6439
844.23	99.6543
840.337	99.6642
836.48	99.6741
832.658	99.6843
828.871	99.6943
825.118	99.7038
821.399	99.7126
817.714	99.7214
814.061	99.7303
810.441	99.7392
806.853	99.7476
803.296	99.7554
799.771	99.7628
796.277	99.7704
792.813	99.7781
789.379	99.7854
785.974	99.792
782.599	99.798
779.253	99.8042
775.935	99.8105
772.645	99.8166
769.383	99.8219
766.149	99.8266
762.941	99.8312
759.761	99.836
756.606	99.8407
753.478	99.8447
750.376	99.848
747.299	99.851
744.247	99.8542
741.22	99.8574
738.218	99.86
735.239	99.8618
732.285	99.8631
729.354	99.8646
726.447	99.8662
723.563	99.8673
720.702	99.8675
717.863	99.8672
715.046	99.8668
712.251	99.8667
709.479	99.8663
706.727	99.865
703.997	99.8629
701.288	99.8607
698.6	99.8588
695.932	99.8567
693.285	99.8539
690.657	99.8502
688.05	99.8461
685.462	99.8422
682.893	99.8385
680.344	99.8342
677.814	99.8288
675.302	99.8229
672.809	99.8171
670.334	99.8117
667.878	99.8058
665.439	99.7989
663.018	99.7912
660.615	99.7836
658.229	99.7763
655.86	99.769
653.508	99.7606
651.173	99.7513
648.854	99.7417
646.553	99.7327
644.267	99.7238
641.997	99.7142
639.744	99.7033
637.506	99.692
635.283	99.6811
633.077	99.6707
630.885	99.6599
628.709	99.6477
626.547	99.6346
624.4	99.6219
622.268	99.6101
620.151	99.5981
618.048	99.5848
615.959	99.5702
613.884	99.5556
611.823	99.5422
609.776	99.5293
607.742	99.5152
605.723	99.4992
603.716	99.4828
601.723	99.4677
599.742	99.454
597.775	99.4396
595.821	99.4227
593.879	99.4043
591.95	99.3874
590.034	99.3735
588.13	99.3605
586.238	99.3443
584.358	99.3242
582.49	99.3044
580.634	99.2908
578.79	99.2846
576.958	99.2805
575.137	99.2715
573.328	99.2565
571.53	99.2427
569.743	99.2404
567.967	99.253
566.203	99.2728
564.449	99.2862
562.706	99.2836
560.974	99.2656
559.253	99.241
557.542	99.2197
555.841	99.2058
554.151	99.1976
552.471	99.1921
550.802	99.1878
549.142	99.1853
547.492	99.1848
545.852	99.1851
544.222	99.1848
542.602	99.1834
540.991	99.1814
539.39	99.1793
537.798	99.1762
536.216	99.1706
534.643	99.1617
533.079	99.1507
531.524	99.1394
529.979	99.1288
528.442	99.1181
526.914	99.1063
525.395	99.0929
523.885	99.0787
522.383	99.0651
520.89	99.0524
519.405	99.0402
517.929	99.0278
516.461	99.0148
515.002	99.0019
513.551	98.9897
512.108	98.9782
510.673	98.9673
509.246	98.9564
507.827	98.9454
506.415	98.9347
505.012	98.9245
503.616	98.9148
502.229	98.9053
500.848	98.8959
499.476	98.8865
498.111	98.8773
496.753	98.8682
495.402	98.8593
494.059	98.8504
492.724	98.8416
491.395	98.8327
490.074	98.8238
488.759	98.8148
487.452	98.8058
486.152	98.7968
484.858	98.7877
483.572	98.7785
482.292	98.7691
481.019	98.7597
479.753	98.7501
478.493	98.7406
477.24	98.7309
475.994	98.7212
474.754	98.7112
473.52	98.7013
472.293	98.6913
471.072	98.6814
469.858	98.6714
468.649	98.6614
467.447	98.6513
466.251	98.6412
465.062	98.6314
463.878	98.6216
462.7	98.6118
461.528	98.6021
460.362	98.5924
459.202	98.5831
458.048	98.574
456.9	98.5651
455.757	98.5562
454.62	98.5475
453.489	98.5391
452.363	98.5313
451.243	98.5238
450.129	98.5165
449.02	98.5092
447.916	98.5023
446.818	98.4962
445.725	98.4907
444.638	98.4856
443.556	98.4805
442.479	98.4757
441.407	98.4718
440.34	98.4689
439.279	98.4668
438.223	98.4648
437.171	98.4629
436.125	98.4618
435.084	98.4622
434.048	98.4639
433.017	98.4661
431.99	98.4683
430.969	98.4709
429.952	98.4753
428.94	98.4818
427.933	98.4896
426.93	98.4974
425.932	98.5054
424.939	98.515
423.951	98.5276
422.967	98.5428
421.987	98.5588
421.012	98.5746
420.042	98.5917
419.076	98.6126
418.115	98.6381
417.158	98.6659
416.205	98.6937
415.257	98.7224
414.313	98.7564
413.373	98.7985
412.437	98.8453
411.506	98.8885
410.579	98.9229
409.656	98.9534
408.737	98.9925
407.823	99.0499
406.912	99.1231
406.005	99.1994
405.103	99.268
404.204	99.3303
403.31	99.3979
402.419	99.48
401.533	99.5724
400.65	99.6601
399.771	99.7302
398.896	99.7817
398.025	99.8223
397.157	99.8555
396.294	99.8723
395.434	99.8551
394.578	99.7897
393.725	99.6707
392.877	99.4968
392.031	99.2641
391.19	98.9666
390.352	98.6074
389.518	98.2072
388.687	97.799
387.86	97.412
387.036	97.0581
386.216	96.7353
385.399	96.4411
384.586	96.1828
383.776	95.9733
382.969	95.8169
382.166	95.7034
381.367	95.6152
380.57	95.5412
379.777	95.4825
378.987	95.445
378.201	95.428
377.418	95.4217
376.638	95.4161
375.861	95.4096
375.087	95.4085
374.317	95.4177
373.55	95.4339
372.785	95.4491
372.024	95.4592
371.267	95.4684
370.512	95.4831
369.76	95.5043
369.011	95.5258
368.266	95.5415
367.523	95.5524
366.783	95.565
366.047	95.5835
365.313	95.605
364.582	95.6226
363.854	95.6339
363.129	95.6433
362.407	95.657
361.688	95.6757
360.971	95.6938
360.258	95.7062
359.547	95.7143
358.839	95.724
358.134	95.739
357.432	95.7565
356.732	95.7705
356.035	95.7792
355.341	95.7867
354.649	95.7984
353.96	95.8145
353.274	95.8299
352.591	95.8404
351.91	95.8476
351.232	95.8568
350.556	95.871
349.883	95.8869
349.213	95.8994
348.545	95.9075
347.879	95.9153
347.217	95.9271
346.556	95.9426
345.899	95.9567
345.243	95.9664
344.591	95.9736
343.94	95.9832
343.292	95.9972
342.647	96.0122
342.004	96.0237
341.363	96.0313
340.725	96.0392
340.089	96.0511
339.456	96.0659
338.825	96.079
338.196	96.0879
337.569	96.0949
336.945	96.1047
336.324	96.1184
335.704	96.1326
335.087	96.1433
334.472	96.1505
333.859	96.1586
333.249	96.1706
332.64	96.1852
332.034	96.1977
331.43	96.2062
330.829	96.2134
330.229	96.2236
329.632	96.2376
329.037	96.2516
328.444	96.2619
327.853	96.2693
327.264	96.278
326.678	96.2906
326.093	96.3052
325.511	96.3176
324.93	96.3261
324.352	96.3338
323.776	96.3446
323.201	96.3588
322.629	96.3727
322.059	96.3828
321.491	96.3903
320.925	96.3993
320.361	96.4121
319.799	96.4266
319.238	96.4384
318.68	96.4465
318.124	96.4541
317.57	96.4649
317.017	96.4788
316.467	96.492
315.918	96.5013
315.371	96.508
314.826	96.5166
314.284	96.529
313.743	96.5427
313.203	96.5535
312.666	96.5604
312.13	96.567
311.597	96.5771
311.065	96.5903
310.535	96.6025
310.007	96.6105
309.48	96.6159
308.956	96.6234
308.433	96.6351
307.912	96.6481
307.392	96.6578
306.875	96.6633
306.359	96.6687
305.845	96.678
305.332	96.6907
304.821	96.7023
304.312	96.7091
303.805	96.7132
303.3	96.7198
302.796	96.7312
302.293	96.7441
301.793	96.7532
301.294	96.7576
300.797	96.7618
300.301	96.7709
299.807	96.7841
299.314	96.7957
298.824	96.8018
298.335	96.8048
297.847	96.8111
297.361	96.8234
296.877	96.8372
296.394	96.8462
295.912	96.8495
295.433	96.8532
294.955	96.8635
294.478	96.8789
294.003	96.8915
293.529	96.8964
293.057	96.8977
292.587	96.9048
292.118	96.9209
291.65	96.9387
291.184	96.9479
290.72	96.9481
290.257	96.9505
289.795	96.9657
289.335	96.9904
288.877	97.0083
288.419	97.0077
287.964	96.9959
287.509	96.9938
287.057	97.0145
286.605	97.0476
286.155	97.0684
285.706	97.0638
285.259	97.0472
284.813	97.0456
284.369	97.0708
283.926	97.1056
283.484	97.1215
283.044	97.1089
282.605	97.0881
282.168	97.0871
281.731	97.1107
281.297	97.1344
280.863	97.1309
280.431	97.1005
280	97.0722
