1200	1.32876
1192.15	1.31058
1184.4	1.2927
1176.75	1.27526
1169.21	1.25793
1161.75	1.24032
1154.39	1.2224
1147.13	1.20454
1139.95	1.18711
1132.86	1.17
1125.87	1.15283
1118.95	1.13533
1112.13	1.11767
1105.38	1.10027
1098.72	1.0833
1092.13	1.06651
1085.63	1.04952
1079.2	1.03224
1072.84	1.015
1066.56	0.998142
1060.36	0.981643
1054.23	0.965155
1048.16	0.9484
1042.17	0.931488
1036.24	0.914791
1030.38	0.898512
1024.59	0.882467
1018.86	0.866294
1013.2	0.849876
1007.6	0.833466
1002.06	0.817398
996.576	0.801709
991.156	0.786099
985.795	0.770284
980.491	0.754317
975.244	0.738524
970.053	0.723131
964.917	0.708011
959.835	0.692835
954.806	0.677452
949.83	0.662055
944.905	0.646962
940.031	0.63225
935.207	0.617677
930.433	0.602961
925.707	0.588104
921.028	0.573386
916.397	0.559041
911.812	0.544999
907.273	0.530968
902.778	0.516775
898.328	0.502557
893.922	0.488607
889.559	0.475035
885.238	0.461654
880.958	0.448197
876.72	0.434624
872.523	0.421166
868.365	0.408058
864.247	0.395277
860.168	0.382576
856.127	0.369772
852.124	0.356954
848.159	0.344378
844.23	0.332178
840.337	0.320222
836.48	0.308268
832.658	0.296248
828.871	0.284342
825.118	0.272772
821.399	0.261555
817.714	0.250496
814.061	0.239414
810.441	0.228357
806.853	0.217539
803.296	0.207103
799.771	0.196967
796.277	0.186929
792.813	0.176903
789.379	0.16702
785.974	0.157474
782.599	0.148314
779.253	0.139395
775.935	0.130559
772.645	0.121817
769.383	0.113337
766.149	0.105252
762.941	0.097525
759.761	0.0900013
756.606	0.0825973
753.478	0.0753946
750.376	0.0685466
747.299	0.0621105
744.247	0.0559977
741.22	0.0500889
738.218	0.0443751
735.239	0.0389654
732.285	0.0339637
729.354	0.0293616
726.447	0.0250661
723.563	0.0210163
720.702	0.0172524
717.863	0.0138657
715.046	0.0108989
712.251	0.00831381
709.479	0.00605206
706.727	0.00410694
703.997	0.00252465
701.288	0.00134751
698.6	0.000575493
695.932	0.00018614
693.285	0.000173684
690.657	0.000552704
688.05	0.00133028
685.462	0.00249675
682.893	0.00405308
680.344	0.00603092
677.814	0.00846267
675.302	0.0113319
672.809	0.0145785
670.334	0.0181724
667.878	0.0221718
665.439	0.0266752
663.018	0.0317038
660.615	0.0371549
658.229	0.0429071
655.86	0.0489753
653.508	0.0555234
651.173	0.0626885
648.854	0.0704025
646.553	0.078439
644.267	0.0866689
641.997	0.0952398
639.744	0.10444
637.506	0.114364
635.283	0.124758
633.077	0.135277
630.885	0.145895
628.709	0.156989
626.547	0.168929
624.4	0.181606
622.268	0.194477
620.151	0.207161
618.048	0.219944
615.959	0.233512
613.884	0.24806
611.823	0.262733
609.776	0.276194
607.742	0.28794
605.723	0.299029
603.716	0.311271
601.723	0.325478
599.742	0.340521
597.775	0.354376
595.821	0.366314
593.879	0.378028
591.95	0.392225
590.034	0.409699
588.13	0.427645
586.238	0.441192
584.358	0.447249
582.49	0.447499
580.634	0.447867
578.79	0.454725
576.958	0.470802
575.137	0.493855
573.328	0.518764
571.53	0.541055
569.743	0.559212
567.967	0.574634
566.203	0.589949
564.449	0.607118
562.706	0.62621
560.974	0.645091
559.253	0.660161
557.542	0.66819
555.841	0.668704
554.151	0.665329
552.471	0.66457
550.802	0.67217
549.142	0.689397
547.492	0.712224
545.852	0.734301
544.222	0.751467
542.602	0.764192
540.991	0.776102
539.39	0.790208
537.798	0.8063
536.216	0.821635
534.643	0.833868
533.079	0.843217
531.524	0.851945
529.979	0.861995
528.442	0.873262
526.914	0.884063
525.395	0.89302
523.885	0.900327
522.383	0.907299
520.89	0.915008
519.405	0.923594
517.929	0.932839
516.461	0.943079
515.002	0.955236
513.551	0.96988
512.108	0.986447
510.673	1.00356
509.246	1.02019
507.827	1.03641
506.415	1.05294
505.012	1.07008
503.616	1.08722
502.229	1.1034
500.848	1.11833
499.476	1.13268
498.111	1.14727
496.753	1.16215
495.402	1.17658
494.059	1.18987
492.724	1.20219
491.395	1.21439
490.074	1.22706
488.759	1.23993
487.452	1.2522
486.152	1.26351
484.858	1.27436
483.572	1.2856
482.292	1.29752
481.019	1.30954
479.753	1.32095
478.493	1.33171
477.24	1.34252
475.994	1.35407
474.754	1.36625
473.52	1.3783
472.293	1.38966
471.072	1.40057
469.858	1.41179
468.649	1.42372
467.447	1.4359
466.251	1.44751
465.062	1.45819
463.878	1.46843
462.7	1.47894
461.528	1.4898
460.362	1.50029
459.202	1.50962
458.048	1.51774
456.9	1.5253
455.757	1.53287
454.62	1.54022
453.489	1.54647
452.363	1.551
451.243	1.55402
450.129	1.55626
449.02	1.55811
447.916	1.55905
446.818	1.55819
445.725	1.55508
444.638	1.55017
443.556	1.54425
442.479	1.53755
441.407	1.52948
440.34	1.51928
439.279	1.50689
438.223	1.49322
437.171	1.47951
436.125	1.46653
435.084	1.45446
434.048	1.44345
433.017	1.43429
431.99	1.42845
430.969	1.42758
429.952	1.43273
428.94	1.44401
427.933	1.46047
426.93	1.48001
425.932	1.49939
424.939	1.51473
423.951	1.5228
422.967	1.52253
421.987	1.51541
421.012	1.50426
420.042	1.49081
419.076	1.474
418.115	1.45057
417.158	1.41766
416.205	1.37568
415.257	1.32906
414.313	1.28414
413.373	1.2456
412.437	1.21402
411.506	1.1863
410.579	1.15876
409.656	1.1307
408.737	1.10608
407.823	1.09247
406.912	1.09793
406.005	1.12825
405.103	1.18576
404.204	1.27004
403.31	1.37901
402.419	1.50916
401.533	1.65471
400.65	1.80685
399.771	1.95473
398.896	2.08817
398.025	2.20092
397.157	2.29186
396.294	2.36341
395.434	2.41813
394.578	2.45634
393.725	2.4767
392.877	2.47911
392.031	2.46715
391.19	2.44776
390.352	2.42771
389.518	2.40984
388.687	2.39191
387.86	2.36919
387.036	2.33855
386.216	2.30098
385.399	2.26065
384.586	2.22185
383.776	2.18672
382.969	2.15547
382.166	2.12869
381.367	2.10905
380.57	2.10094
379.777	2.10838
378.987	2.1332
378.201	2.17526
377.418	2.23419
376.638	2.31067
375.861	2.40582
375.087	2.51883
374.317	2.64499
373.55	2.77596
372.785	2.90224
372.024	3.01624
371.267	3.11393
370.512	3.19434
369.76	3.25799
369.011	3.30563
368.266	3.33813
367.523	3.35702
366.783	3.36461
366.047	3.3635
365.313	3.35582
364.582	3.34283
363.854	3.32535
363.129	3.30423
362.407	3.28065
361.688	3.25572
360.971	3.23013
360.258	3.20405
359.547	3.17753
358.839	3.15089
358.134	3.12473
357.432	3.09963
356.732	3.07583
356.035	3.05327
355.341	3.03186
354.649	3.01177
353.96	2.99329
353.274	2.97655
352.591	2.96128
351.91	2.94693
351.232	2.93299
350.556	2.9192
349.883	2.90547
349.213	2.8916
348.545	2.87723
347.879	2.86199
347.217	2.84573
346.556	2.82865
345.899	2.81105
345.243	2.79308
344.591	2.77469
343.94	2.75577
343.292	2.73639
342.647	2.71681
342.004	2.69732
341.363	2.67799
340.725	2.65871
340.089	2.63933
339.456	2.6199
338.825	2.60063
338.196	2.58171
337.569	2.56313
336.945	2.54473
336.324	2.52639
335.704	2.50815
335.087	2.4902
334.472	2.47269
333.859	2.45556
333.249	2.43866
332.64	2.42189
332.034	2.40532
331.43	2.38913
330.829	2.37343
330.229	2.35815
329.632	2.34313
329.037	2.32831
328.444	2.31379
327.853	2.29973
327.264	2.28621
326.678	2.27313
326.093	2.26036
325.511	2.24786
324.93	2.23575
324.352	2.22416
323.776	2.21314
323.201	2.20259
322.629	2.19238
322.059	2.18249
321.491	2.17304
320.925	2.16417
320.361	2.15588
319.799	2.14805
319.238	2.14057
318.68	2.13344
318.124	2.1268
317.57	2.12075
317.017	2.11527
316.467	2.11023
315.918	2.10552
315.371	2.10118
314.826	2.09734
314.284	2.09409
313.743	2.09139
313.203	2.08907
312.666	2.08705
312.13	2.08538
311.597	2.08422
311.065	2.08365
310.535	2.08358
310.007	2.08382
309.48	2.08427
308.956	2.08504
308.433	2.08636
307.912	2.08833
307.392	2.0908
306.875	2.09341
306.359	2.0959
305.845	2.09834
305.332	2.10116
304.821	2.10487
304.312	2.10971
303.805	2.11552
303.3	2.12182
302.796	2.12817
302.293	2.13448
301.793	2.14098
301.294	2.14799
300.797	2.15557
300.301	2.16345
299.807	2.17127
299.314	2.17888
298.824	2.18648
298.335	2.19434
297.847	2.20246
297.361	2.21044
296.877	2.21776
296.394	2.22434
295.912	2.23078
295.433	2.23784
294.955	2.24555
294.478	2.25282
294.003	2.25799
293.529	2.26029
293.057	2.26088
292.587	2.2625
292.118	2.26766
291.65	2.27679
291.184	2.28779
290.72	2.29762
290.257	2.30456
289.795	2.30938
289.335	2.31448
288.877	2.32178
288.419	2.33138
287.964	2.34211
287.509	2.35324
287.057	2.36569
286.605	2.38132
286.155	2.40114
285.706	2.4241
285.259	2.44772
284.813	2.46993
284.369	2.49041
283.926	2.51001
283.484	2.52915
283.044	2.54678
282.605	2.56118
282.168	2.57177
281.731	2.57993
281.297	2.58777
280.863	2.59599
280.431	2.60291
280	2.60596
