1200	98.7157
1192.15	98.7364
1184.4	98.753
1176.75	98.7666
1169.21	98.7815
1161.75	98.8005
1154.39	98.8219
1147.13	98.8411
1139.95	98.856
1132.86	98.8692
1125.87	98.8851
1118.95	98.905
1112.13	98.9258
1105.38	98.9432
1098.72	98.9567
1092.13	98.97
1085.63	98.987
1079.2	99.0072
1072.84	99.0268
1066.56	99.0422
1060.36	99.0547
1054.23	99.0685
1048.16	99.0863
1042.17	99.1064
1036.24	99.1242
1030.38	99.1377
1024.59	99.1496
1018.86	99.1641
1013.2	99.1826
1007.6	99.2018
1002.06	99.2175
996.576	99.2294
991.156	99.2411
985.795	99.2564
980.491	99.275
975.244	99.2928
970.053	99.3064
964.917	99.317
959.835	99.3289
954.806	99.3449
949.83	99.3631
944.905	99.379
940.031	99.3904
935.207	99.4002
930.433	99.4126
925.707	99.4291
921.028	99.4462
916.397	99.4599
911.812	99.4694
907.273	99.4788
902.778	99.4919
898.328	99.5084
893.922	99.524
889.559	99.5352
885.238	99.5433
880.958	99.5527
876.72	99.5664
872.523	99.5823
868.365	99.5958
864.247	99.6047
860.168	99.6117
856.127	99.6215
852.124	99.6355
848.159	99.6503
844.23	99.6613
840.337	99.668
836.48	99.6744
832.658	99.6847
828.871	99.6987
825.118	99.7117
821.399	99.7201
817.714	99.7249
814.061	99.7311
810.441	99.7419
806.853	99.7552
803.296	99.7658
799.771	99.7714
796.277	99.7748
792.813	99.7812
789.379	99.7922
785.974	99.8041
782.599	99.8119
779.253	99.8148
775.935	99.8173
772.645	99.8239
769.383	99.8347
766.149	99.8445
762.941	99.8492
759.761	99.8497
756.606	99.8515
753.478	99.8585
750.376	99.8684
747.299	99.8755
744.247	99.8768
741.22	99.8753
738.218	99.877
735.239	99.884
732.285	99.8924
729.354	99.8961
726.447	99.894
723.563	99.8911
720.702	99.8929
717.863	99.8997
715.046	99.9058
712.251	99.9057
709.479	99.9005
706.727	99.8966
703.997	99.8988
701.288	99.9048
698.6	99.9078
695.932	99.9037
693.285	99.8959
690.657	99.8917
688.05	99.8943
685.462	99.8989
682.893	99.8982
680.344	99.89
677.814	99.8803
675.302	99.8766
672.809	99.8795
670.334	99.8821
667.878	99.877
665.439	99.8651
663.018	99.8544
660.615	99.8519
658.229	99.8554
655.86	99.8556
653.508	99.8462
651.173	99.8309
648.854	99.82
646.553	99.8192
644.267	99.8235
641.997	99.8221
639.744	99.8102
637.506	99.7941
635.283	99.7846
633.077	99.7849
630.885	99.7868
628.709	99.7796
626.547	99.7619
624.4	99.7434
622.268	99.7349
620.151	99.7358
618.048	99.7346
615.959	99.7213
613.884	99.6986
611.823	99.68
609.776	99.6749
607.742	99.6777
605.723	99.6733
603.716	99.6535
601.723	99.6268
599.742	99.6104
597.775	99.611
595.821	99.6164
593.879	99.607
591.95	99.5777
590.034	99.5455
588.13	99.5336
586.238	99.5461
584.358	99.5613
582.49	99.5508
580.634	99.5094
578.79	99.463
576.958	99.4461
575.137	99.4687
573.328	99.5052
571.53	99.5171
569.743	99.4882
567.967	99.4384
566.203	99.4026
564.449	99.3976
562.706	99.4086
560.974	99.4082
559.253	99.3857
557.542	99.3564
555.841	99.3427
554.151	99.3481
552.471	99.3534
550.802	99.3392
549.142	99.3092
547.492	99.2888
545.852	99.2971
544.222	99.3237
542.602	99.3353
540.991	99.3081
539.39	99.2532
537.798	99.2081
536.216	99.2006
534.643	99.2218
533.079	99.2351
531.524	99.2131
529.979	99.1651
528.442	99.1269
526.914	99.1231
525.395	99.1421
523.885	99.148
522.383	99.1179
520.89	99.0661
519.405	99.0287
517.929	99.0266
516.461	99.0429
515.002	99.0405
513.551	99.0006
512.108	98.942
510.673	98.9025
509.246	98.8992
507.827	98.9111
506.415	98.9008
505.012	98.8532
503.616	98.7911
502.229	98.7515
500.848	98.7475
499.476	98.755
498.111	98.7377
496.753	98.6851
495.402	98.6229
494.059	98.5865
492.724	98.5841
491.395	98.5888
490.074	98.567
488.759	98.5135
487.452	98.457
486.152	98.4302
484.858	98.4357
483.572	98.4439
482.292	98.4238
481.019	98.3753
479.753	98.3284
478.493	98.3118
477.24	98.322
475.994	98.3269
474.754	98.2988
473.52	98.2426
472.293	98.19
471.072	98.167
469.858	98.1666
468.649	98.1581
467.447	98.1194
466.251	98.0612
465.062	98.0158
463.878	98.004
462.7	98.0136
461.528	98.013
460.362	97.9838
459.202	97.9396
458.048	97.9109
456.9	97.9132
455.757	97.9312
454.62	97.9355
453.489	97.9129
452.363	97.8795
451.243	97.8617
450.129	97.8689
449.02	97.884
447.916	97.8837
446.818	97.8641
445.725	97.8448
444.638	97.847
443.556	97.8695
442.479	97.8894
441.407	97.8873
440.34	97.8688
439.279	97.8593
438.223	97.8767
437.171	97.9107
436.125	97.9325
435.084	97.9251
434.048	97.9028
433.017	97.8973
431.99	97.9249
430.969	97.9681
429.952	97.9922
428.94	97.9809
427.933	97.9543
426.93	97.95
425.932	97.9851
424.939	98.0394
423.951	98.0754
422.967	98.0765
421.987	98.0636
421.012	98.0734
420.042	98.1206
419.076	98.1826
418.115	98.2227
417.158	98.2276
416.205	98.221
415.257	98.239
414.313	98.2935
413.373	98.3607
412.437	98.406
411.506	98.4198
410.579	98.4269
409.656	98.4606
408.737	98.5284
407.823	98.6047
406.912	98.6571
406.005	98.6791
405.103	98.6952
404.204	98.7337
403.31	98.7957
402.419	98.8519
401.533	98.8701
400.65	98.8442
399.771	98.7955
398.896	98.7465
398.025	98.6952
397.157	98.6169
396.294	98.4914
395.434	98.3269
394.578	98.156
393.725	98.0079
392.877	97.8865
392.031	97.7745
391.19	97.6581
390.352	97.5452
389.518	97.4575
388.687	97.4077
387.86	97.3849
387.036	97.3659
386.216	97.338
385.399	97.3108
384.586	97.3033
383.776	97.3215
382.969	97.3506
382.166	97.3699
381.367	97.3741
380.57	97.3777
379.777	97.3987
378.987	97.4376
378.201	97.4762
377.418	97.496
376.638	97.4972
375.861	97.4969
375.087	97.5095
374.317	97.5285
373.55	97.5317
372.785	97.5027
372.024	97.4471
371.267	97.3849
370.512	97.3278
369.76	97.265
369.011	97.1741
368.266	97.0467
367.523	96.9011
366.783	96.7684
366.047	96.6661
365.313	96.5845
364.582	96.5011
363.854	96.4067
363.129	96.3169
362.407	96.2559
361.688	96.2312
360.971	96.2246
360.258	96.2104
359.547	96.1815
358.839	96.1556
358.134	96.1553
357.432	96.1829
356.732	96.216
356.035	96.2297
355.341	96.2214
354.649	96.2134
353.96	96.2294
353.274	96.2694
352.591	96.3096
351.91	96.3258
351.232	96.3186
350.556	96.312
349.883	96.3281
349.213	96.3647
348.545	96.3976
347.879	96.4063
347.217	96.3958
346.556	96.391
345.899	96.411
345.243	96.4491
344.591	96.4796
343.94	96.4845
343.292	96.4721
342.647	96.468
342.004	96.4888
341.363	96.5247
340.725	96.5502
340.089	96.5505
339.456	96.5367
338.825	96.5341
338.196	96.5556
337.569	96.5888
336.945	96.6089
336.324	96.6049
335.704	96.5904
335.087	96.5893
334.472	96.6108
333.859	96.6402
333.249	96.6544
332.64	96.6462
332.034	96.6316
331.43	96.6324
330.829	96.6538
330.229	96.6792
329.632	96.6877
329.037	96.6765
328.444	96.6629
327.853	96.6662
327.264	96.687
326.678	96.7073
326.093	96.7094
325.511	96.6947
324.93	96.682
324.352	96.6874
323.776	96.7071
323.201	96.7217
322.629	96.7166
322.059	96.6977
321.491	96.6852
320.925	96.6923
320.361	96.7116
319.799	96.7231
319.238	96.7154
318.68	96.6979
318.124	96.6911
317.57	96.7049
317.017	96.7282
316.467	96.7404
315.918	96.7329
315.371	96.7179
314.826	96.7155
314.284	96.7325
313.743	96.7555
313.203	96.7647
312.666	96.7548
312.13	96.7404
311.597	96.7404
311.065	96.7585
310.535	96.7791
310.007	96.7841
309.48	96.7713
308.956	96.7569
308.433	96.7582
307.912	96.7756
307.392	96.7924
306.875	96.7921
306.359	96.7757
305.845	96.7603
305.332	96.7611
304.821	96.7759
304.312	96.7876
303.805	96.7826
303.3	96.765
302.796	96.7522
302.293	96.7566
301.793	96.7733
301.294	96.7854
300.797	96.782
300.301	96.7693
299.807	96.7639
299.314	96.7752
298.824	96.7956
298.335	96.8085
297.847	96.806
297.361	96.7964
296.877	96.7958
296.394	96.8108
295.912	96.8321
295.433	96.8443
294.955	96.8413
294.478	96.8329
294.003	96.8341
293.529	96.8504
293.057	96.8728
292.587	96.8865
292.118	96.8857
291.65	96.8772
291.184	96.8735
290.72	96.881
290.257	96.8968
289.795	96.9135
289.335	96.9268
288.877	96.9369
288.419	96.9452
287.964	96.9519
287.509	96.9581
287.057	96.9668
286.605	96.9816
286.155	97.0006
285.706	97.0154
285.259	97.0185
284.813	97.012
284.369	97.0089
283.926	97.0213
283.484	97.0469
283.044	97.0686
282.605	97.0698
282.168	97.0524
281.731	97.0377
281.297	97.0471
280.863	97.0799
280.431	97.1119
280	97.1181
