1200	98.8757
1192.15	98.8847
1184.4	98.8966
1176.75	98.9127
1169.21	98.9298
1161.75	98.9436
1154.39	98.9533
1147.13	98.9624
1139.95	98.975
1132.86	98.9914
1125.87	99.0079
1118.95	99.0207
1112.13	99.0298
1105.38	99.0391
1098.72	99.0523
1092.13	99.0689
1085.63	99.0847
1079.2	99.0965
1072.84	99.105
1066.56	99.1145
1060.36	99.1283
1054.23	99.1449
1048.16	99.1599
1042.17	99.1706
1036.24	99.1786
1030.38	99.1885
1024.59	99.2027
1018.86	99.2191
1013.2	99.2332
1007.6	99.2427
1002.06	99.2504
996.576	99.2606
991.156	99.2752
985.795	99.2913
980.491	99.3042
975.244	99.3127
970.053	99.3201
964.917	99.3307
959.835	99.3456
954.806	99.3611
949.83	99.3728
944.905	99.3803
940.031	99.3875
935.207	99.3986
930.433	99.4136
925.707	99.4284
921.028	99.4388
916.397	99.4453
911.812	99.4524
907.273	99.464
902.778	99.4791
898.328	99.493
893.922	99.502
889.559	99.5076
885.238	99.5148
880.958	99.5268
876.72	99.5418
872.523	99.5547
868.365	99.5623
864.247	99.5671
860.168	99.5744
856.127	99.5869
852.124	99.6017
848.159	99.6133
844.23	99.6194
840.337	99.6235
836.48	99.6311
832.658	99.644
828.871	99.6584
825.118	99.6686
821.399	99.6732
817.714	99.6766
814.061	99.6846
810.441	99.6979
806.853	99.7117
803.296	99.7202
799.771	99.7232
796.277	99.7261
792.813	99.7345
789.379	99.7482
785.974	99.7611
782.599	99.7677
779.253	99.7689
775.935	99.7714
772.645	99.7805
769.383	99.7945
766.149	99.8062
762.941	99.8105
759.761	99.8098
756.606	99.812
753.478	99.8219
750.376	99.8361
747.299	99.8462
744.247	99.8477
741.22	99.8451
738.218	99.8474
735.239	99.8585
732.285	99.8727
729.354	99.8805
726.447	99.8786
723.563	99.8739
720.702	99.8769
717.863	99.8901
715.046	99.9043
712.251	99.9083
709.479	99.901
706.727	99.8943
703.997	99.9011
701.288	99.921
698.6	99.9374
695.932	99.9332
693.285	99.9085
690.657	99.8841
688.05	99.8838
685.462	99.9116
682.893	99.9457
680.344	99.9575
677.814	99.9384
675.302	99.9084
672.809	99.898
670.334	99.9184
667.878	99.9502
665.439	99.9616
663.018	99.9401
660.615	99.9064
658.229	99.8955
655.86	99.9222
653.508	99.9638
651.173	99.9791
648.854	99.9474
646.553	99.8902
644.267	99.8547
641.997	99.8717
639.744	99.9266
637.506	99.9721
635.283	99.9702
633.077	99.9259
630.885	99.8815
628.709	99.8761
626.547	99.9102
624.4	99.9469
622.268	99.9481
620.151	99.911
618.048	99.87
615.959	99.8625
613.884	99.8927
611.823	99.9283
609.776	99.9319
607.742	99.8972
605.723	99.8548
603.716	99.842
601.723	99.8667
599.742	99.9005
597.775	99.9062
595.821	99.8744
593.879	99.8315
591.95	99.8141
590.034	99.8328
588.13	99.8629
586.238	99.869
584.358	99.8394
582.49	99.7972
580.634	99.777
578.79	99.7908
576.958	99.8172
575.137	99.8225
573.328	99.7939
571.53	99.752
569.743	99.7296
567.967	99.7396
566.203	99.7624
564.449	99.7659
562.706	99.737
560.974	99.6942
559.253	99.6692
557.542	99.6753
555.841	99.6944
554.151	99.6955
552.471	99.6649
550.802	99.6201
549.142	99.5918
547.492	99.5938
545.852	99.6095
544.222	99.6085
542.602	99.5767
540.991	99.5306
539.39	99.5006
537.798	99.5013
536.216	99.5175
534.643	99.5192
533.079	99.492
531.524	99.4514
529.979	99.4281
528.442	99.4375
526.914	99.4654
525.395	99.4817
523.885	99.4703
522.383	99.4444
520.89	99.4329
519.405	99.4493
517.929	99.475
516.461	99.4722
515.002	99.4155
513.551	99.3107
512.108	99.186
510.673	99.0634
509.246	98.9404
507.827	98.7991
506.415	98.632
505.012	98.4593
503.616	98.3172
502.229	98.2289
500.848	98.1852
499.476	98.1539
498.111	98.1086
496.753	98.0513
495.402	98.0066
494.059	97.9949
492.724	98.0111
491.395	98.0295
490.074	98.028
488.759	98.0091
487.452	97.9964
486.152	98.0105
484.858	98.0485
483.572	98.0873
482.292	98.1068
481.019	98.1097
479.753	98.1187
478.493	98.1538
477.24	98.2122
475.994	98.2714
474.754	98.3108
473.52	98.3328
472.293	98.3595
471.072	98.41
469.858	98.4794
468.649	98.5403
467.447	98.5652
466.251	98.5497
465.062	98.5114
463.878	98.4686
462.7	98.4165
461.528	98.3265
460.362	98.1704
459.202	97.9473
458.048	97.6898
456.9	97.4437
455.757	97.2387
454.62	97.0746
453.489	96.9339
452.363	96.8038
451.243	96.6893
450.129	96.605
449.02	96.5566
447.916	96.5325
446.818	96.5124
445.725	96.4845
444.638	96.454
443.556	96.4351
442.479	96.4354
441.407	96.4473
440.34	96.4557
439.279	96.4524
438.223	96.4429
437.171	96.4402
436.125	96.4511
435.084	96.4694
434.048	96.4829
433.017	96.4857
431.99	96.4841
430.969	96.4899
429.952	96.5086
428.94	96.534
427.933	96.5547
426.93	96.5658
425.932	96.5741
424.939	96.5907
423.951	96.6194
422.967	96.6522
421.987	96.6763
421.012	96.686
420.042	96.6881
419.076	96.695
418.115	96.7124
417.158	96.7342
416.205	96.7486
415.257	96.7504
414.313	96.7466
413.373	96.7498
412.437	96.7664
411.506	96.7899
410.579	96.8066
409.656	96.8084
408.737	96.8009
407.823	96.7981
406.912	96.8102
406.005	96.8347
405.103	96.8584
404.204	96.8701
403.31	96.8697
402.419	96.868
401.533	96.8761
400.65	96.8954
399.771	96.9175
398.896	96.9319
398.025	96.9363
397.157	96.9377
396.294	96.9455
395.434	96.963
394.578	96.9842
393.725	97.0001
392.877	97.0065
392.031	97.0076
391.19	97.0113
390.352	97.0223
389.518	97.0379
388.687	97.0513
387.86	97.058
387.036	97.0594
386.216	97.0611
385.399	97.0676
384.586	97.0785
383.776	97.0899
382.969	97.0981
382.166	97.1031
381.367	97.108
380.57	97.1157
379.777	97.1266
378.987	97.138
378.201	97.1476
377.418	97.1548
376.638	97.1611
375.861	97.1685
375.087	97.1773
374.317	97.1867
373.55	97.1956
372.785	97.2043
372.024	97.2135
371.267	97.2233
370.512	97.2324
369.76	97.2394
369.011	97.2444
368.266	97.2494
367.523	97.2571
366.783	97.2681
366.047	97.2806
365.313	97.2915
364.582	97.299
363.854	97.3045
363.129	97.3107
362.407	97.3194
361.688	97.3294
360.971	97.3377
360.258	97.3425
359.547	97.3453
358.839	97.3494
358.134	97.3573
357.432	97.3673
356.732	97.3754
356.035	97.3786
355.341	97.3783
354.649	97.379
353.96	97.3846
353.274	97.3943
352.591	97.4035
351.91	97.4077
351.232	97.4076
350.556	97.408
349.883	97.4138
349.213	97.4244
348.545	97.4337
347.879	97.4358
347.217	97.4312
346.556	97.4272
345.899	97.4317
345.243	97.4452
344.591	97.46
343.94	97.4662
343.292	97.4613
342.647	97.4531
342.004	97.4531
341.363	97.4653
340.725	97.482
340.089	97.4903
339.456	97.4837
338.825	97.469
338.196	97.4605
337.569	97.4671
336.945	97.4834
336.324	97.4943
335.704	97.4894
335.087	97.4724
334.472	97.4587
333.859	97.461
333.249	97.4771
332.64	97.4919
332.034	97.4915
331.43	97.4766
330.829	97.4621
330.229	97.4628
329.632	97.4791
329.037	97.4964
328.444	97.4988
327.853	97.4852
327.264	97.4706
326.678	97.4714
326.093	97.4889
325.511	97.5062
324.93	97.5047
324.352	97.4824
323.776	97.4583
323.201	97.4558
322.629	97.4808
322.059	97.5144
321.491	97.5293
320.925	97.5147
320.361	97.4871
319.799	97.4755
319.238	97.4947
318.68	97.5306
318.124	97.5522
317.57	97.5399
317.017	97.5043
316.467	97.4774
315.918	97.4838
315.371	97.5185
314.826	97.5508
314.284	97.5526
313.743	97.5234
313.203	97.4911
312.666	97.4862
312.13	97.5144
311.597	97.552
311.065	97.568
310.535	97.5524
310.007	97.5241
309.48	97.5125
308.956	97.5303
308.433	97.5625
307.912	97.5816
307.392	97.5735
306.875	97.5501
306.359	97.5373
305.845	97.5503
305.332	97.5799
304.821	97.6019
304.312	97.6003
303.805	97.5819
303.3	97.5692
302.796	97.5786
302.293	97.6059
301.793	97.6303
301.294	97.635
300.797	97.6222
300.301	97.6102
299.807	97.616
299.314	97.6393
298.824	97.6642
298.335	97.6743
297.847	97.6683
297.361	97.6599
296.877	97.6647
296.394	97.6856
295.912	97.7111
295.433	97.7271
294.955	97.7296
294.478	97.7275
294.003	97.7336
293.529	97.7528
293.057	97.7789
292.587	97.8015
292.118	97.8158
291.65	97.8251
291.184	97.8357
290.72	97.849
290.257	97.8601
289.795	97.8631
289.335	97.8574
288.877	97.8496
288.419	97.8484
287.964	97.8578
287.509	97.8754
287.057	97.8952
286.605	97.9127
286.155	97.927
285.706	97.9398
285.259	97.9537
284.813	97.971
284.369	97.9928
283.926	98.018
283.484	98.0416
283.044	98.0557
282.605	98.0548
282.168	98.0415
281.731	98.0278
281.297	98.028
280.863	98.0473
280.431	98.0768
280	98.0987
