1200	94.3489
1192.15	94.3508
1184.4	94.3488
1176.75	94.3446
1169.21	94.3408
1161.75	94.3399
1154.39	94.3433
1147.13	94.3509
1139.95	94.3615
1132.86	94.3725
1125.87	94.3816
1118.95	94.3867
1112.13	94.3874
1105.38	94.3845
1098.72	94.3802
1092.13	94.377
1085.63	94.3771
1079.2	94.3816
1072.84	94.39
1066.56	94.4007
1060.36	94.4112
1054.23	94.419
1048.16	94.4228
1042.17	94.4225
1036.24	94.4195
1030.38	94.4159
1024.59	94.4142
1018.86	94.416
1013.2	94.4216
1007.6	94.4299
1002.06	94.4386
996.576	94.4453
991.156	94.4487
985.795	94.4484
980.491	94.446
975.244	94.4441
970.053	94.4456
964.917	94.4519
959.835	94.4625
954.806	94.4741
949.83	94.4812
944.905	94.4777
940.031	94.4583
935.207	94.4207
930.433	94.3669
925.707	94.3033
921.028	94.2394
916.397	94.1859
911.812	94.1516
907.273	94.1408
902.778	94.1515
898.328	94.1753
893.922	94.199
889.559	94.2081
885.238	94.1902
880.958	94.1391
876.72	94.0568
872.523	93.9538
868.365	93.847
864.247	93.7561
860.168	93.698
856.127	93.6828
852.124	93.7099
848.159	93.768
844.23	93.8364
840.337	93.8901
836.48	93.9053
832.658	93.8653
828.871	93.765
825.118	93.613
821.399	93.4299
817.714	93.2449
814.061	93.0893
810.441	92.9903
806.853	92.9652
803.296	93.0182
799.771	93.1392
796.277	93.307
792.813	93.4932
789.379	93.6677
785.974	93.8049
782.599	93.8867
779.253	93.9054
775.935	93.8624
772.645	93.7668
769.383	93.632
766.149	93.472
762.941	93.2992
759.761	93.1229
756.606	92.9493
753.478	92.7827
750.376	92.6266
747.299	92.4852
744.247	92.3637
741.22	92.2677
738.218	92.2024
735.239	92.1707
732.285	92.1719
729.354	92.2012
726.447	92.25
723.563	92.3073
720.702	92.3619
717.863	92.4049
715.046	92.4312
712.251	92.4404
709.479	92.4367
706.727	92.4274
703.997	92.4208
701.288	92.4236
698.6	92.4397
695.932	92.469
693.285	92.5077
690.657	92.5495
688.05	92.5875
685.462	92.6162
682.893	92.6329
680.344	92.6383
677.814	92.6362
675.302	92.632
672.809	92.6315
670.334	92.639
667.878	92.6559
665.439	92.6811
663.018	92.7107
660.615	92.7398
658.229	92.7637
655.86	92.7792
653.508	92.7858
651.173	92.7852
648.854	92.7813
646.553	92.7783
644.267	92.7803
641.997	92.7894
639.744	92.8053
637.506	92.826
635.283	92.8477
633.077	92.8665
630.885	92.8794
628.709	92.8852
626.547	92.8845
624.4	92.88
622.268	92.8751
620.151	92.8732
618.048	92.8766
615.959	92.8858
613.884	92.8996
611.823	92.9151
609.776	92.9293
607.742	92.9392
605.723	92.9433
603.716	92.9418
601.723	92.9363
599.742	92.9296
597.775	92.9246
595.821	92.9236
593.879	92.9274
591.95	92.9355
590.034	92.9458
588.13	92.9555
586.238	92.9621
584.358	92.964
582.49	92.9609
580.634	92.9539
578.79	92.9453
576.958	92.9376
575.137	92.9329
573.328	92.9323
571.53	92.9354
569.743	92.9406
567.967	92.9457
566.203	92.9484
564.449	92.9471
562.706	92.9414
560.974	92.9321
559.253	92.9212
557.542	92.9108
555.841	92.9026
554.151	92.8976
552.471	92.8953
550.802	92.894
549.142	92.8918
547.492	92.8864
545.852	92.8768
544.222	92.8632
542.602	92.8471
540.991	92.8312
539.39	92.8184
537.798	92.8111
536.216	92.8102
534.643	92.815
533.079	92.8231
531.524	92.831
529.979	92.8353
528.442	92.8333
526.914	92.8239
525.395	92.8082
523.885	92.7888
522.383	92.7694
520.89	92.7537
519.405	92.7443
517.929	92.7418
516.461	92.745
515.002	92.7507
513.551	92.7551
512.108	92.7547
510.673	92.7472
509.246	92.7323
507.827	92.7119
506.415	92.6893
505.012	92.6683
503.616	92.6523
502.229	92.6431
500.848	92.6404
499.476	92.6419
498.111	92.6441
496.753	92.6433
495.402	92.6364
494.059	92.6223
492.724	92.6017
491.395	92.5775
490.074	92.5532
488.759	92.5323
487.452	92.5172
486.152	92.5085
484.858	92.5048
483.572	92.5031
482.292	92.4997
481.019	92.4916
479.753	92.4772
478.493	92.4565
477.24	92.4314
475.994	92.4048
474.754	92.3797
473.52	92.3581
472.293	92.3404
471.072	92.3251
469.858	92.3095
468.649	92.2905
467.447	92.2659
466.251	92.2349
465.062	92.1991
463.878	92.1617
462.7	92.1269
461.528	92.0988
460.362	92.0794
459.202	92.0688
458.048	92.064
456.9	92.0602
455.757	92.052
454.62	92.035
453.489	92.0069
452.363	91.9688
451.243	91.9249
450.129	91.8812
449.02	91.8444
447.916	91.8194
446.818	91.8085
445.725	91.8098
444.638	91.8184
443.556	91.8274
442.479	91.83
441.407	91.8217
440.34	91.8018
439.279	91.7738
438.223	91.745
437.171	91.7244
436.125	91.7202
435.084	91.7374
434.048	91.7763
433.017	91.8319
431.99	91.8949
430.969	91.9543
429.952	91.9995
428.94	92.0238
427.933	92.0257
426.93	92.0097
425.932	91.9845
424.939	91.9614
423.951	91.9506
422.967	91.9587
421.987	91.9869
421.012	92.0305
420.042	92.0804
419.076	92.1257
418.115	92.1566
417.158	92.1675
416.205	92.1585
415.257	92.1356
414.313	92.1091
413.373	92.091
412.437	92.0914
411.506	92.1163
410.579	92.1654
409.656	92.2326
408.737	92.3073
407.823	92.3778
406.912	92.4342
406.005	92.4711
405.103	92.4895
404.204	92.4963
403.31	92.5024
402.419	92.5203
401.533	92.5603
400.65	92.628
399.771	92.7227
398.896	92.8377
398.025	92.9619
397.157	93.0824
396.294	93.1879
395.434	93.2711
394.578	93.3304
393.725	93.3696
392.877	93.3968
392.031	93.422
391.19	93.4545
390.352	93.5005
389.518	93.562
388.687	93.6362
387.86	93.7169
387.036	93.7956
386.216	93.8637
385.399	93.9135
384.586	93.9399
383.776	93.9398
382.969	93.9121
382.166	93.8573
381.367	93.7762
380.57	93.6704
379.777	93.5421
378.987	93.3947
378.201	93.2332
377.418	93.0648
376.638	92.8982
375.861	92.7426
375.087	92.6069
374.317	92.4974
373.55	92.4169
372.785	92.3641
372.024	92.3338
371.267	92.3182
370.512	92.309
369.76	92.299
369.011	92.2842
368.266	92.2643
367.523	92.2424
366.783	92.2241
366.047	92.2148
365.313	92.2186
364.582	92.2364
363.854	92.2654
363.129	92.2998
362.407	92.3324
361.688	92.3566
360.971	92.3686
360.258	92.368
359.547	92.3586
358.839	92.347
358.134	92.341
357.432	92.3468
356.732	92.3677
356.035	92.4026
355.341	92.4465
354.649	92.4915
353.96	92.5297
353.274	92.5547
352.591	92.564
351.91	92.5598
351.232	92.5482
350.556	92.5377
349.883	92.5367
349.213	92.551
348.545	92.5823
347.879	92.6274
347.217	92.6791
346.556	92.7283
345.899	92.7666
345.243	92.7887
344.591	92.7937
343.94	92.7861
343.292	92.7738
342.647	92.7662
342.004	92.7719
341.363	92.7954
340.725	92.8366
340.089	92.8902
339.456	92.9475
338.825	92.9988
338.196	93.036
337.569	93.0551
336.945	93.0574
336.324	93.0489
335.704	93.0389
335.087	93.0373
334.472	93.0515
333.859	93.0849
333.249	93.1354
332.64	93.1962
332.034	93.2577
331.43	93.3102
330.829	93.3467
330.229	93.3647
329.632	93.3671
329.037	93.3611
328.444	93.3564
327.853	93.3623
327.264	93.3852
326.678	93.4269
326.093	93.4838
325.511	93.5485
324.93	93.6115
324.352	93.6637
323.776	93.6996
323.201	93.7179
322.629	93.7224
322.059	93.7204
321.491	93.7208
320.925	93.7317
320.361	93.7578
319.799	93.7995
319.238	93.8531
318.68	93.9115
318.124	93.9664
317.57	94.011
317.017	94.0412
316.467	94.0569
315.918	94.0618
315.371	94.0619
314.826	94.0641
314.284	94.0735
313.743	94.093
313.203	94.1218
312.666	94.1567
312.13	94.1926
311.597	94.2244
311.065	94.2485
310.535	94.2635
310.007	94.27
309.48	94.2704
308.956	94.2671
308.433	94.2617
307.912	94.2537
307.392	94.2406
306.875	94.2186
306.359	94.1836
305.845	94.1333
305.332	94.0677
304.821	93.9902
304.312	93.9074
303.805	93.8273
303.3	93.7581
302.796	93.7062
302.293	93.6746
301.793	93.6626
301.294	93.666
300.797	93.6787
300.301	93.694
299.807	93.7069
299.314	93.7151
298.824	93.7193
298.335	93.723
297.847	93.7309
297.361	93.7472
296.877	93.7743
296.394	93.8119
295.912	93.857
295.433	93.9046
294.955	93.9494
294.478	93.9871
294.003	94.0159
293.529	94.037
293.057	94.0541
292.587	94.0723
292.118	94.0965
291.65	94.1301
291.184	94.174
290.72	94.226
290.257	94.2819
289.795	94.3367
289.335	94.3861
288.877	94.4276
288.419	94.4614
287.964	94.4905
287.509	94.519
287.057	94.5517
286.605	94.592
286.155	94.641
285.706	94.6976
285.259	94.7587
284.813	94.8205
284.369	94.8796
283.926	94.9345
283.484	94.9859
283.044	95.0363
282.605	95.0893
282.168	95.148
281.731	95.2137
281.297	95.285
280.863	95.3584
280.431	95.4284
280	95.4901
