1200	0.795907
1192.15	0.785755
1184.4	0.775389
1176.75	0.765018
1169.21	0.754873
1161.75	0.74501
1154.39	0.735268
1147.13	0.725409
1139.95	0.71533
1132.86	0.705148
1125.87	0.6951
1118.95	0.68534
1112.13	0.675811
1105.38	0.666297
1098.72	0.656615
1092.13	0.646771
1085.63	0.636957
1079.2	0.627383
1072.84	0.618101
1066.56	0.608965
1060.36	0.599757
1054.23	0.590383
1048.16	0.580946
1042.17	0.571663
1036.24	0.562677
1030.38	0.553938
1024.59	0.54525
1018.86	0.536442
1013.2	0.527514
1007.6	0.518638
1002.06	0.51001
996.576	0.501683
991.156	0.493527
985.795	0.48534
980.491	0.477026
975.244	0.468673
970.053	0.46048
964.917	0.452586
959.835	0.444956
954.806	0.437411
949.83	0.429785
944.905	0.422066
940.031	0.414406
935.207	0.406992
930.433	0.399891
925.707	0.392992
921.028	0.386108
916.397	0.37913
911.812	0.372126
907.273	0.36528
902.778	0.358739
898.328	0.352492
893.922	0.346382
889.559	0.34024
885.238	0.334028
880.958	0.327873
876.72	0.321963
872.523	0.316389
868.365	0.311074
864.247	0.305834
860.168	0.300534
856.127	0.295203
852.124	0.290007
848.159	0.285121
844.23	0.280581
840.337	0.276257
836.48	0.271952
832.658	0.267566
828.871	0.26318
825.118	0.259003
821.399	0.255215
817.714	0.251826
814.061	0.248654
810.441	0.245449
806.853	0.242083
803.296	0.238678
799.771	0.235592
796.277	0.233264
792.813	0.232002
789.379	0.231818
785.974	0.232381
782.599	0.233124
779.253	0.233427
775.935	0.232826
772.645	0.231146
769.383	0.22851
766.149	0.225231
762.941	0.221643
759.761	0.217947
756.606	0.214169
753.478	0.210224
750.376	0.206044
747.299	0.201671
744.247	0.197259
741.22	0.192967
738.218	0.188856
735.239	0.184837
732.285	0.180735
729.354	0.176411
726.447	0.171846
723.563	0.167137
720.702	0.162397
717.863	0.157659
715.046	0.152841
712.251	0.14781
709.479	0.14249
706.727	0.136916
703.997	0.131215
701.288	0.125508
698.6	0.119839
695.932	0.114171
693.285	0.10845
690.657	0.102692
688.05	0.097011
685.462	0.0915813
682.893	0.0865734
680.344	0.0821106
677.814	0.0782824
675.302	0.0751928
672.809	0.073003
670.334	0.0719411
667.878	0.0722827
665.439	0.0743298
663.018	0.0783999
660.615	0.0848192
658.229	0.0939077
655.86	0.105962
653.508	0.121261
651.173	0.140103
648.854	0.162845
646.553	0.189886
644.267	0.221555
641.997	0.257951
639.744	0.298852
637.506	0.343787
635.283	0.392249
633.077	0.443871
630.885	0.498391
628.709	0.555366
626.547	0.613888
624.4	0.672664
622.268	0.730708
620.151	0.788427
618.048	0.848457
615.959	0.915479
613.884	0.994704
611.823	1.08947
609.776	1.1991
607.742	1.31827
605.723	1.43832
603.716	1.55012
601.723	1.64699
599.742	1.72634
597.775	1.78935
595.821	1.83918
593.879	1.87889
591.95	1.91031
590.034	1.93419
588.13	1.95114
586.238	1.96241
584.358	1.96992
582.49	1.97549
580.634	1.98006
578.79	1.9835
576.958	1.98519
575.137	1.98484
573.328	1.98303
571.53	1.98088
569.743	1.97929
567.967	1.97829
566.203	1.97712
564.449	1.97491
562.706	1.97156
560.974	1.96799
559.253	1.96561
557.542	1.96529
555.841	1.96663
554.151	1.96803
552.471	1.9676
550.802	1.96422
549.142	1.95807
547.492	1.95036
545.852	1.94238
544.222	1.93467
542.602	1.9268
540.991	1.91786
539.39	1.90724
537.798	1.89513
536.216	1.88241
534.643	1.87008
533.079	1.85872
531.524	1.84826
529.979	1.83821
528.442	1.82809
526.914	1.81777
525.395	1.80743
523.885	1.79731
522.383	1.7875
520.89	1.77789
519.405	1.76828
517.929	1.7586
516.461	1.7489
515.002	1.73929
513.551	1.72979
512.108	1.72035
510.673	1.71084
509.246	1.70124
507.827	1.69164
506.415	1.68214
505.012	1.67282
503.616	1.66361
502.229	1.65443
500.848	1.64525
499.476	1.63616
498.111	1.62728
496.753	1.61871
495.402	1.61039
494.059	1.60217
492.724	1.59396
491.395	1.58581
490.074	1.57788
488.759	1.57029
487.452	1.56303
486.152	1.55592
484.858	1.54879
483.572	1.5416
482.292	1.53451
481.019	1.52772
479.753	1.5213
478.493	1.51512
477.24	1.50892
475.994	1.50253
474.754	1.49605
473.52	1.48976
472.293	1.48386
471.072	1.47835
469.858	1.47291
468.649	1.46724
467.447	1.46128
466.251	1.45531
465.062	1.44974
463.878	1.44474
462.7	1.44011
461.528	1.43535
460.362	1.43015
459.202	1.42466
458.048	1.41949
456.9	1.41519
455.757	1.4118
454.62	1.40871
453.489	1.40513
452.363	1.40086
451.243	1.39668
450.129	1.39402
449.02	1.39383
447.916	1.39555
446.818	1.3968
445.725	1.39443
444.638	1.38625
443.556	1.37255
442.479	1.35634
441.407	1.34201
440.34	1.33309
439.279	1.33046
438.223	1.33196
437.171	1.33364
436.125	1.33174
435.084	1.32437
434.048	1.31187
433.017	1.29594
431.99	1.27838
430.969	1.26017
429.952	1.24144
428.94	1.22209
427.933	1.20249
426.93	1.18369
425.932	1.16715
424.939	1.15432
423.951	1.14633
422.967	1.14401
421.987	1.14784
421.012	1.15781
420.042	1.17292
419.076	1.19098
418.115	1.20885
417.158	1.22323
416.205	1.23183
415.257	1.23406
414.313	1.23097
413.373	1.22451
412.437	1.21654
411.506	1.20831
410.579	1.20067
409.656	1.19466
408.737	1.19213
407.823	1.19577
406.912	1.20872
406.005	1.23389
405.103	1.27358
404.204	1.32948
403.31	1.40265
402.419	1.49339
401.533	1.60072
400.65	1.72182
399.771	1.85189
398.896	1.98486
398.025	2.1146
397.157	2.2362
396.294	2.34669
395.434	2.44489
394.578	2.53066
393.725	2.60416
392.877	2.66547
392.031	2.71487
391.19	2.75317
390.352	2.78193
389.518	2.80318
388.687	2.81892
387.86	2.83065
387.036	2.83927
386.216	2.84533
385.399	2.84933
384.586	2.85187
383.776	2.85353
382.969	2.85467
382.166	2.85532
381.367	2.85533
380.57	2.85462
379.777	2.85332
378.987	2.85174
378.201	2.85012
377.418	2.8485
376.638	2.84669
375.861	2.84448
375.087	2.84181
374.317	2.83886
373.55	2.83591
372.785	2.83312
372.024	2.83042
371.267	2.82758
370.512	2.82442
369.76	2.82099
369.011	2.81748
368.266	2.81413
367.523	2.81099
366.783	2.80789
366.047	2.8046
365.313	2.80095
364.582	2.79704
363.854	2.7931
363.129	2.78934
362.407	2.78577
361.688	2.78215
360.971	2.77812
360.258	2.77336
359.547	2.76774
358.839	2.76135
358.134	2.75442
357.432	2.74725
356.732	2.74011
356.035	2.73318
355.341	2.72651
354.649	2.72
353.96	2.71347
353.274	2.70666
352.591	2.69943
351.91	2.69178
351.232	2.68383
350.556	2.67572
349.883	2.66751
349.213	2.65918
348.545	2.65061
347.879	2.64177
347.217	2.63272
346.556	2.62357
345.899	2.61441
345.243	2.60524
344.591	2.59596
343.94	2.58647
343.292	2.5767
342.647	2.56661
342.004	2.55609
341.363	2.54493
340.725	2.53287
340.089	2.51973
339.456	2.50548
338.825	2.4901
338.196	2.47326
337.569	2.45418
336.945	2.43161
336.324	2.40441
335.704	2.37226
335.087	2.33625
334.472	2.29892
333.859	2.26364
333.249	2.23357
332.64	2.21066
332.034	2.19518
331.43	2.18594
330.829	2.18088
330.229	2.17781
329.632	2.17497
329.037	2.17125
328.444	2.16615
327.853	2.1597
327.264	2.15221
326.678	2.14398
326.093	2.13502
325.511	2.12495
324.93	2.11317
324.352	2.09931
323.776	2.08365
323.201	2.06731
322.629	2.05176
322.059	2.03795
321.491	2.02561
320.925	2.01313
320.361	1.9983
319.799	1.97952
319.238	1.95685
318.68	1.93214
318.124	1.90817
317.57	1.88729
317.017	1.87035
316.467	1.85648
315.918	1.8438
315.371	1.83057
314.826	1.81604
314.284	1.80064
313.743	1.78547
313.203	1.77163
312.666	1.75973
312.13	1.74979
311.597	1.74144
311.065	1.73417
310.535	1.72744
310.007	1.72076
309.48	1.71383
308.956	1.70662
308.433	1.69941
307.912	1.69267
307.392	1.68662
306.875	1.68108
306.359	1.67555
305.845	1.66976
305.332	1.66433
304.821	1.66101
304.312	1.66209
303.805	1.66925
303.3	1.6824
302.796	1.69923
302.293	1.71585
301.793	1.72836
301.294	1.73435
300.797	1.73367
300.301	1.72812
299.807	1.72025
299.314	1.71214
298.824	1.70476
298.335	1.69813
297.847	1.69187
297.361	1.68572
296.877	1.67968
296.394	1.6737
295.912	1.66742
295.433	1.66016
294.955	1.65125
294.478	1.6404
294.003	1.62785
293.529	1.61421
293.057	1.60003
292.587	1.58552
292.118	1.57055
291.65	1.55491
291.184	1.53861
290.72	1.52199
290.257	1.50555
289.795	1.48966
289.335	1.47438
288.877	1.45959
288.419	1.44511
287.964	1.43095
287.509	1.41734
287.057	1.40451
286.605	1.39254
286.155	1.3813
285.706	1.37055
285.259	1.36014
284.813	1.35006
284.369	1.34046
283.926	1.33146
283.484	1.323
283.044	1.31493
282.605	1.30705
282.168	1.2993
281.731	1.29181
281.297	1.28474
280.863	1.27816
280.431	1.272
280	1.26601
