1200	98.6658
1192.15	98.6848
1184.4	98.7035
1176.75	98.722
1169.21	98.7407
1161.75	98.7595
1154.39	98.7783
1147.13	98.7968
1139.95	98.815
1132.86	98.8332
1125.87	98.8516
1118.95	98.8701
1112.13	98.8883
1105.38	98.9062
1098.72	98.924
1092.13	98.9418
1085.63	98.9598
1079.2	98.9777
1072.84	98.9952
1066.56	99.0125
1060.36	99.0298
1054.23	99.0472
1048.16	99.0645
1042.17	99.0817
1036.24	99.0985
1030.38	99.1151
1024.59	99.1318
1018.86	99.1486
1013.2	99.1652
1007.6	99.1815
1002.06	99.1975
996.576	99.2134
991.156	99.2295
985.795	99.2455
980.491	99.2612
975.244	99.2766
970.053	99.2918
964.917	99.307
959.835	99.3223
954.806	99.3374
949.83	99.3522
944.905	99.3666
940.031	99.381
935.207	99.3954
930.433	99.4098
925.707	99.4238
921.028	99.4375
916.397	99.451
911.812	99.4646
907.273	99.4781
902.778	99.4914
898.328	99.5043
893.922	99.5169
889.559	99.5295
885.238	99.5421
880.958	99.5547
876.72	99.5668
872.523	99.5785
868.365	99.5901
864.247	99.6017
860.168	99.6132
856.127	99.6245
852.124	99.6354
848.159	99.6459
844.23	99.6564
840.337	99.6669
836.48	99.6773
832.658	99.6872
828.871	99.6967
825.118	99.706
821.399	99.7153
817.714	99.7246
814.061	99.7336
810.441	99.742
806.853	99.7501
803.296	99.7582
799.771	99.7663
796.277	99.7741
792.813	99.7815
789.379	99.7883
785.974	99.795
782.599	99.8017
779.253	99.8083
775.935	99.8145
772.645	99.8201
769.383	99.8254
766.149	99.8306
762.941	99.8357
759.761	99.8406
756.606	99.845
753.478	99.8488
750.376	99.8524
747.299	99.856
744.247	99.8594
741.22	99.8624
738.218	99.8648
735.239	99.8667
732.285	99.8686
729.354	99.8704
726.447	99.872
723.563	99.8729
720.702	99.8732
717.863	99.8733
715.046	99.8734
712.251	99.8733
709.479	99.8727
706.727	99.8714
703.997	99.8697
701.288	99.868
698.6	99.8662
695.932	99.8641
693.285	99.8613
690.657	99.8578
688.05	99.8542
685.462	99.8506
682.893	99.8469
680.344	99.8425
677.814	99.8374
675.302	99.8319
672.809	99.8264
670.334	99.821
667.878	99.8151
665.439	99.8085
663.018	99.8012
660.615	99.7938
658.229	99.7866
655.86	99.7793
653.508	99.7712
651.173	99.7624
648.854	99.7531
646.553	99.7441
644.267	99.7352
641.997	99.7259
639.744	99.7156
637.506	99.7047
635.283	99.6938
633.077	99.6833
630.885	99.6727
628.709	99.6612
626.547	99.6488
624.4	99.6362
622.268	99.6241
620.151	99.6122
618.048	99.5997
615.959	99.5861
613.884	99.572
611.823	99.5583
609.776	99.5453
607.742	99.5322
605.723	99.518
603.716	99.5029
601.723	99.4882
599.742	99.4748
597.775	99.462
595.821	99.4485
593.879	99.4338
591.95	99.4199
590.034	99.4085
588.13	99.3993
586.238	99.389
584.358	99.3752
582.49	99.359
580.634	99.3454
578.79	99.338
576.958	99.3342
575.137	99.3264
573.328	99.3092
571.53	99.2862
569.743	99.2692
567.967	99.2688
566.203	99.2844
564.449	99.3025
562.706	99.3069
560.974	99.2912
559.253	99.2627
557.542	99.2357
555.841	99.2189
554.151	99.2107
552.471	99.2035
550.802	99.1927
549.142	99.1811
547.492	99.1743
545.852	99.1734
544.222	99.1738
542.602	99.1699
540.991	99.1616
539.39	99.1543
537.798	99.1531
536.216	99.1572
534.643	99.1602
533.079	99.1568
531.524	99.1479
529.979	99.139
528.442	99.134
526.914	99.1306
525.395	99.1232
523.885	99.1087
522.383	99.09
520.89	99.0728
519.405	99.0601
517.929	99.0493
516.461	99.0358
515.002	99.0181
513.551	98.9998
512.108	98.9849
510.673	98.9743
509.246	98.9643
507.827	98.9515
506.415	98.9361
505.012	98.9219
503.616	98.9117
502.229	98.9043
500.848	98.8959
499.476	98.8845
498.111	98.8719
496.753	98.8615
495.402	98.8547
494.059	98.849
492.724	98.841
491.395	98.8302
490.074	98.8192
488.759	98.8109
487.452	98.8052
486.152	98.799
484.858	98.7896
483.572	98.778
482.292	98.7673
481.019	98.7593
479.753	98.7526
478.493	98.744
477.24	98.7323
475.994	98.7195
474.754	98.7084
473.52	98.6996
472.293	98.691
471.072	98.6798
469.858	98.6662
468.649	98.6526
467.447	98.6414
466.251	98.6319
465.062	98.6215
463.878	98.6085
462.7	98.5941
461.528	98.5811
460.362	98.5704
459.202	98.5606
458.048	98.5492
456.9	98.5357
455.757	98.5222
454.62	98.5107
453.489	98.5013
452.363	98.4919
451.243	98.4806
450.129	98.4681
449.02	98.4567
447.916	98.4478
446.818	98.4403
445.725	98.4319
444.638	98.422
443.556	98.412
442.479	98.404
441.407	98.3984
440.34	98.3933
439.279	98.387
438.223	98.3798
437.171	98.3739
436.125	98.3704
435.084	98.3687
434.048	98.3669
433.017	98.3641
431.99	98.3617
430.969	98.3614
429.952	98.3636
428.94	98.3668
427.933	98.3697
426.93	98.3727
425.932	98.3774
424.939	98.3844
423.951	98.393
422.967	98.4024
421.987	98.413
421.012	98.4266
420.042	98.4429
419.076	98.4585
418.115	98.4694
417.158	98.4757
416.205	98.4836
415.257	98.5012
414.313	98.5314
413.373	98.5688
412.437	98.6043
411.506	98.6342
410.579	98.664
409.656	98.7031
408.737	98.756
407.823	98.8174
406.912	98.8783
406.005	98.9355
405.103	98.9955
404.204	99.0674
403.31	99.1536
402.419	99.2461
401.533	99.3343
400.65	99.4156
399.771	99.4973
398.896	99.5876
398.025	99.6838
397.157	99.7705
396.294	99.8286
395.434	99.8472
394.578	99.8253
393.725	99.7621
392.877	99.6478
392.031	99.4645
391.19	99.2002
390.352	98.8621
389.518	98.477
388.687	98.0782
387.86	97.6899
387.036	97.3213
386.216	96.9747
385.399	96.6552
384.586	96.3734
383.776	96.1389
382.969	95.9531
382.166	95.8089
381.367	95.6974
380.57	95.6141
379.777	95.5577
378.987	95.5245
378.201	95.5064
377.418	95.4943
376.638	95.4848
375.861	95.4812
375.087	95.4881
374.317	95.5042
373.55	95.5224
372.785	95.5356
372.024	95.544
371.267	95.554
370.512	95.5716
369.76	95.5954
369.011	95.6182
368.266	95.634
367.523	95.6446
366.783	95.657
366.047	95.676
365.313	95.6992
364.582	95.7194
363.854	95.7324
363.129	95.7413
362.407	95.7532
361.688	95.7711
360.971	95.7915
360.258	95.8077
359.547	95.8175
358.839	95.8251
358.134	95.8367
357.432	95.8535
356.732	95.871
356.035	95.8835
355.341	95.8906
354.649	95.8972
353.96	95.9085
353.274	95.924
352.591	95.9384
351.91	95.9475
351.232	95.9525
350.556	95.9589
349.883	95.9702
349.213	95.9844
348.545	95.9963
347.879	96.003
347.217	96.0074
346.556	96.0144
345.899	96.0263
345.243	96.0398
344.591	96.0498
343.94	96.0554
343.292	96.0602
342.647	96.0688
342.004	96.0816
341.363	96.0945
340.725	96.1034
340.089	96.1087
339.456	96.1147
338.825	96.1251
338.196	96.1388
337.569	96.1511
336.945	96.1591
336.324	96.1647
335.704	96.1724
335.087	96.1845
334.472	96.1986
333.859	96.2101
333.249	96.2175
332.64	96.2238
332.034	96.2331
331.43	96.2466
330.829	96.2606
330.229	96.2712
329.632	96.2781
329.037	96.2852
328.444	96.2961
327.853	96.3104
327.264	96.3239
326.678	96.3334
326.093	96.34
325.511	96.3481
324.93	96.3604
324.352	96.375
323.776	96.3875
323.201	96.3958
322.629	96.4024
322.059	96.4115
321.491	96.4249
320.925	96.4393
320.361	96.4505
319.799	96.4577
319.238	96.4644
318.68	96.4746
318.124	96.4886
317.57	96.5023
317.017	96.5119
316.467	96.5181
315.918	96.5251
315.371	96.5363
314.826	96.5505
314.284	96.5629
313.743	96.5708
313.203	96.5762
312.666	96.5837
312.13	96.5957
311.597	96.6095
311.065	96.6203
310.535	96.6265
310.007	96.6313
309.48	96.6395
308.956	96.652
308.433	96.665
307.912	96.6739
307.392	96.6785
306.875	96.6832
306.359	96.6923
305.845	96.7052
305.332	96.717
304.821	96.724
304.312	96.7275
303.805	96.7327
303.3	96.7429
302.796	96.7559
302.293	96.7664
301.793	96.7717
301.294	96.7749
300.797	96.7813
300.301	96.793
299.807	96.806
299.314	96.8151
298.824	96.8193
298.335	96.8231
297.847	96.8318
297.361	96.8453
296.877	96.8582
296.394	96.8656
295.912	96.869
295.433	96.8744
294.955	96.8858
294.478	96.9004
294.003	96.9114
293.529	96.9154
293.057	96.9168
292.587	96.923
292.118	96.9358
291.65	96.9486
291.184	96.9529
290.72	96.9482
290.257	96.9438
289.795	96.9489
289.335	96.962
288.877	96.9701
288.419	96.9618
287.964	96.9397
287.509	96.9211
287.057	96.9212
286.605	96.9381
286.155	96.9526
285.706	96.947
285.259	96.9235
284.813	96.9042
284.369	96.9104
283.926	96.9413
283.484	96.9737
283.044	96.9833
282.605	96.969
282.168	96.954
281.731	96.9632
281.297	96.998
280.863	97.0343
280.431	97.0455
280	97.029
