1200	92.0825
1192.15	92.0828
1184.4	92.0866
1176.75	92.0946
1169.21	92.1061
1161.75	92.1195
1154.39	92.1327
1147.13	92.1433
1139.95	92.1501
1132.86	92.1527
1125.87	92.152
1118.95	92.1499
1112.13	92.1487
1105.38	92.1504
1098.72	92.1562
1092.13	92.166
1085.63	92.1787
1079.2	92.1921
1072.84	92.204
1066.56	92.2125
1060.36	92.2167
1054.23	92.2169
1048.16	92.2147
1042.17	92.2121
1036.24	92.2116
1030.38	92.2149
1024.59	92.2226
1018.86	92.2341
1013.2	92.2477
1007.6	92.261
1002.06	92.2717
996.576	92.2781
991.156	92.28
985.795	92.278
980.491	92.2742
975.244	92.2711
970.053	92.271
964.917	92.2754
959.835	92.2848
954.806	92.2979
949.83	92.3125
944.905	92.3261
940.031	92.3359
935.207	92.3405
930.433	92.3394
925.707	92.334
921.028	92.3266
916.397	92.3204
911.812	92.3182
907.273	92.3223
902.778	92.3332
898.328	92.3498
893.922	92.3695
889.559	92.3887
885.238	92.4035
880.958	92.4103
876.72	92.4071
872.523	92.3931
868.365	92.3696
864.247	92.3394
860.168	92.306
856.127	92.2735
852.124	92.2453
848.159	92.2238
844.23	92.2099
840.337	92.2026
836.48	92.1998
832.658	92.1982
828.871	92.1942
825.118	92.1843
821.399	92.1663
817.714	92.1392
814.061	92.104
810.441	92.0629
806.853	92.0196
803.296	91.9782
799.771	91.9427
796.277	91.916
792.813	91.8992
789.379	91.8917
785.974	91.8907
782.599	91.8923
779.253	91.8917
775.935	91.8845
772.645	91.8676
769.383	91.8402
766.149	91.8034
762.941	91.7606
759.761	91.7165
756.606	91.676
753.478	91.6431
750.376	91.6198
747.299	91.6054
744.247	91.597
741.22	91.5895
738.218	91.5773
735.239	91.5554
732.285	91.5211
729.354	91.4743
726.447	91.4186
723.563	91.3602
720.702	91.3069
717.863	91.267
715.046	91.2472
712.251	91.2518
709.479	91.2819
706.727	91.3353
703.997	91.4077
701.288	91.4933
698.6	91.5866
695.932	91.6827
693.285	91.7782
690.657	91.8703
688.05	91.9566
685.462	92.0331
682.893	92.0943
680.344	92.1317
677.814	92.1353
675.302	92.0944
672.809	91.9999
670.334	91.8468
667.878	91.6364
665.439	91.3771
663.018	91.0849
660.615	90.7814
658.229	90.4909
655.86	90.2369
653.508	90.038
651.173	89.905
648.854	89.8392
646.553	89.8322
644.267	89.8683
641.997	89.9271
639.744	89.9883
637.506	90.035
635.283	90.0569
633.077	90.0517
630.885	90.0245
628.709	89.9861
626.547	89.9496
624.4	89.9272
622.268	89.9269
620.151	89.9511
618.048	89.9963
615.959	90.0539
613.884	90.1129
611.823	90.1629
609.776	90.1962
607.742	90.21
605.723	90.2066
603.716	90.1927
601.723	90.1775
599.742	90.17
597.775	90.177
595.821	90.2015
593.879	90.2416
591.95	90.292
590.034	90.3448
588.13	90.3921
586.238	90.428
584.358	90.4498
582.49	90.4586
580.634	90.4591
578.79	90.4581
576.958	90.4624
575.137	90.4773
573.328	90.5053
571.53	90.5453
569.743	90.5934
567.967	90.6439
566.203	90.6908
564.449	90.7295
562.706	90.758
560.974	90.7769
559.253	90.7896
557.542	90.8007
555.841	90.8153
554.151	90.8371
552.471	90.8678
550.802	90.9072
549.142	90.9529
547.492	91.0019
545.852	91.0512
544.222	91.099
542.602	91.145
540.991	91.1904
539.39	91.2367
537.798	91.2852
536.216	91.3353
534.643	91.3843
533.079	91.4269
531.524	91.4559
529.979	91.4638
528.442	91.4441
526.914	91.3934
525.395	91.3124
523.885	91.2062
522.383	91.0838
520.89	90.9568
519.405	90.837
517.929	90.7347
516.461	90.6566
515.002	90.605
513.551	90.5774
512.108	90.568
510.673	90.5688
509.246	90.5719
507.827	90.5715
506.415	90.5644
505.012	90.551
503.616	90.5348
502.229	90.5203
500.848	90.5127
499.476	90.5151
498.111	90.5286
496.753	90.5513
495.402	90.5791
494.059	90.6069
492.724	90.6299
491.395	90.6447
490.074	90.6506
488.759	90.6496
487.452	90.6457
486.152	90.6439
484.858	90.6487
483.572	90.6632
482.292	90.6878
481.019	90.7205
479.753	90.7572
478.493	90.7929
477.24	90.8232
475.994	90.8452
474.754	90.8586
473.52	90.8654
472.293	90.8699
471.072	90.8768
469.858	90.8906
468.649	90.914
467.447	90.9474
466.251	90.9884
465.062	91.0329
463.878	91.0762
462.7	91.1137
461.528	91.1429
460.362	91.1636
459.202	91.1781
458.048	91.1906
456.9	91.2059
455.757	91.2286
454.62	91.2611
453.489	91.3035
452.363	91.3536
451.243	91.407
450.129	91.4588
449.02	91.5045
447.916	91.5417
446.818	91.5704
445.725	91.593
444.638	91.614
443.556	91.6386
442.479	91.6713
441.407	91.7145
440.34	91.7682
439.279	91.8296
438.223	91.8938
437.171	91.9552
436.125	92.0089
435.084	92.0517
434.048	92.0833
433.017	92.1064
431.99	92.1254
430.969	92.146
429.952	92.173
428.94	92.2094
427.933	92.2553
426.93	92.308
425.932	92.3626
424.939	92.4131
423.951	92.4544
422.967	92.4834
421.987	92.4997
421.012	92.5064
420.042	92.5083
419.076	92.5112
418.115	92.5197
417.158	92.5357
416.205	92.5571
415.257	92.5775
414.313	92.5873
413.373	92.5754
412.437	92.5312
411.506	92.4469
410.579	92.3197
409.656	92.1526
408.737	91.9541
407.823	91.7372
406.912	91.5171
406.005	91.3088
405.103	91.1249
404.204	90.9734
403.31	90.8574
402.419	90.7747
401.533	90.7193
400.65	90.6832
399.771	90.6577
398.896	90.636
398.025	90.6136
397.157	90.5889
396.294	90.563
395.434	90.5385
394.578	90.5186
393.725	90.5057
392.877	90.501
392.031	90.504
391.19	90.5127
390.352	90.5245
389.518	90.5368
388.687	90.5478
387.86	90.5568
387.036	90.5644
386.216	90.572
385.399	90.5818
384.586	90.5953
383.776	90.6136
382.969	90.6366
382.166	90.6633
381.367	90.6921
380.57	90.7215
379.777	90.7502
378.987	90.7778
378.201	90.8049
377.418	90.8326
376.638	90.8625
375.861	90.8959
375.087	90.9335
374.317	90.9751
373.55	91.0198
372.785	91.0658
372.024	91.1115
371.267	91.1556
370.512	91.1974
369.76	91.2373
369.011	91.2764
368.266	91.3162
367.523	91.3582
366.783	91.4031
366.047	91.4508
365.313	91.5002
364.582	91.5495
363.854	91.5965
363.129	91.6396
362.407	91.6776
361.688	91.7109
360.971	91.7408
360.258	91.7694
359.547	91.7988
358.839	91.8308
358.134	91.8661
357.432	91.9037
356.732	91.9417
356.035	91.9771
355.341	92.0067
354.649	92.0281
353.96	92.0404
353.274	92.0443
352.591	92.0422
351.91	92.0375
351.232	92.0341
350.556	92.0351
349.883	92.042
349.213	92.0545
348.545	92.0703
347.879	92.0856
347.217	92.096
346.556	92.0975
345.899	92.0876
345.243	92.0659
344.591	92.0338
343.94	91.9949
343.292	91.9534
342.647	91.9138
342.004	91.8794
341.363	91.852
340.725	91.8315
340.089	91.8162
339.456	91.8035
338.825	91.7905
338.196	91.7753
337.569	91.7566
336.945	91.7347
336.324	91.7108
335.704	91.6862
335.087	91.6619
334.472	91.638
333.859	91.6134
333.249	91.5858
332.64	91.5529
332.034	91.5127
331.43	91.4648
330.829	91.4107
330.229	91.3541
329.632	91.3006
329.037	91.2565
328.444	91.2274
327.853	91.2171
327.264	91.2265
326.678	91.2532
326.093	91.2918
325.511	91.3349
324.93	91.375
324.352	91.4055
323.776	91.4228
323.201	91.4267
322.629	91.4205
322.059	91.4102
321.491	91.4028
320.925	91.4048
320.361	91.4205
319.799	91.4509
319.238	91.4935
318.68	91.5428
318.124	91.5918
317.57	91.6338
317.017	91.6639
316.467	91.6801
315.918	91.6841
315.371	91.6808
314.826	91.6766
314.284	91.6783
313.743	91.6912
313.203	91.7175
312.666	91.7558
312.13	91.8018
311.597	91.8489
311.065	91.8899
310.535	91.919
310.007	91.9331
309.48	91.9325
308.956	91.921
308.433	91.9046
307.912	91.8902
307.392	91.8841
306.875	91.89
306.359	91.9082
305.845	91.9362
305.332	91.9684
304.821	91.9985
304.312	92.0202
303.805	92.0297
303.3	92.0259
302.796	92.0107
302.293	91.9889
301.793	91.9665
301.294	91.9493
300.797	91.9417
300.301	91.9454
299.807	91.9593
299.314	91.9797
298.824	92.0017
298.335	92.0203
297.847	92.0319
297.361	92.0349
296.877	92.0303
296.394	92.0213
295.912	92.0124
295.433	92.0082
294.955	92.0124
294.478	92.0264
294.003	92.0499
293.529	92.0805
293.057	92.1149
292.587	92.1496
292.118	92.182
291.65	92.2112
291.184	92.238
290.72	92.2644
290.257	92.2932
289.795	92.3268
289.335	92.3665
288.877	92.4122
288.419	92.4621
287.964	92.5133
287.509	92.5628
287.057	92.6084
286.605	92.6488
286.155	92.6849
285.706	92.7187
285.259	92.7532
284.813	92.7911
284.369	92.8341
283.926	92.8824
283.484	92.934
283.044	92.9855
282.605	93.0331
282.168	93.0732
281.731	93.104
281.297	93.1261
280.863	93.1423
280.431	93.1576
280	93.1775
