1200	0.86391
1192.15	0.853056
1184.4	0.841801
1176.75	0.830365
1169.21	0.819144
1161.75	0.808375
1154.39	0.79794
1147.13	0.787474
1139.95	0.776684
1132.86	0.765596
1125.87	0.754529
1118.95	0.743821
1112.13	0.733546
1105.38	0.723455
1098.72	0.713199
1092.13	0.702628
1085.63	0.691913
1079.2	0.681401
1072.84	0.671316
1066.56	0.661576
1060.36	0.651869
1054.23	0.641926
1048.16	0.631744
1042.17	0.621591
1036.24	0.61177
1030.38	0.602367
1024.59	0.593181
1018.86	0.583906
1013.2	0.574386
1007.6	0.564752
1002.06	0.555302
996.576	0.546249
991.156	0.537543
985.795	0.528921
980.491	0.520132
975.244	0.511153
970.053	0.5022
964.917	0.493549
959.835	0.485296
954.806	0.477287
949.83	0.469251
944.905	0.46103
940.031	0.452716
935.207	0.444568
930.433	0.43679
925.707	0.42937
921.028	0.422087
916.397	0.414711
911.812	0.407193
907.273	0.399709
902.778	0.392508
898.328	0.385707
893.922	0.379196
889.559	0.372738
885.238	0.366173
880.958	0.359552
876.72	0.353096
872.523	0.347007
868.365	0.341304
864.247	0.335814
860.168	0.330318
856.127	0.324742
852.124	0.319216
848.159	0.313964
844.23	0.309121
840.337	0.304623
836.48	0.300272
832.658	0.295905
828.871	0.291544
825.118	0.287379
821.399	0.28363
817.714	0.280373
814.061	0.277508
810.441	0.274867
806.853	0.272381
803.296	0.270161
799.771	0.268412
796.277	0.267245
792.813	0.266532
789.379	0.265915
785.974	0.264967
782.599	0.263386
779.253	0.261081
775.935	0.258121
772.645	0.2546
769.383	0.250541
766.149	0.24592
762.941	0.240758
759.761	0.235199
756.606	0.229479
753.478	0.223806
750.376	0.218239
747.299	0.212668
744.247	0.206916
741.22	0.200877
738.218	0.194594
735.239	0.188212
732.285	0.181846
729.354	0.175473
726.447	0.168941
723.563	0.162075
720.702	0.15482
717.863	0.14728
715.046	0.139644
712.251	0.132051
709.479	0.124494
706.727	0.116855
703.997	0.10904
701.288	0.101104
698.6	0.0932899
695.932	0.0859211
693.285	0.0792552
690.657	0.073399
688.05	0.0683655
685.462	0.0642334
682.893	0.061291
680.344	0.060052
677.814	0.0611244
675.302	0.0650285
672.809	0.0721041
670.334	0.0825838
667.878	0.0967831
665.439	0.115256
663.018	0.138779
660.615	0.168153
658.229	0.203942
655.86	0.246326
653.508	0.295182
651.173	0.350295
648.854	0.411545
646.553	0.47887
644.267	0.552024
641.997	0.630284
639.744	0.712348
637.506	0.79654
635.283	0.881206
633.077	0.965058
630.885	1.04722
628.709	1.12701
626.547	1.20357
624.4	1.27583
622.268	1.34267
620.151	1.40337
618.048	1.45787
615.959	1.5067
613.884	1.55056
611.823	1.58986
609.776	1.62454
607.742	1.65437
605.723	1.67938
603.716	1.70018
601.723	1.71779
599.742	1.73314
597.775	1.74664
595.821	1.7581
593.879	1.76715
591.95	1.77374
590.034	1.77848
588.13	1.78229
586.238	1.78589
584.358	1.78931
582.49	1.792
580.634	1.7934
578.79	1.79345
576.958	1.79284
575.137	1.79246
573.328	1.79279
571.53	1.7935
569.743	1.79378
567.967	1.793
566.203	1.79132
564.449	1.78964
562.706	1.78887
560.974	1.78921
559.253	1.78994
557.542	1.79003
555.841	1.78897
554.151	1.78733
552.471	1.7863
550.802	1.78678
549.142	1.78853
547.492	1.79034
545.852	1.79099
544.222	1.79035
542.602	1.78965
540.991	1.79051
539.39	1.79362
537.798	1.79797
536.216	1.80154
534.643	1.80304
533.079	1.80325
531.524	1.8048
529.979	1.81016
528.442	1.81917
526.914	1.82811
525.395	1.83137
523.885	1.82494
522.383	1.80954
520.89	1.79102
519.405	1.7775
517.929	1.77475
516.461	1.78293
515.002	1.79664
513.551	1.80846
512.108	1.81354
510.673	1.81215
509.246	1.80859
507.827	1.80747
506.415	1.80985
505.012	1.81226
503.616	1.80905
502.229	1.7965
500.848	1.77573
499.476	1.75237
498.111	1.73332
496.753	1.72266
495.402	1.71955
494.059	1.71931
492.724	1.71659
491.395	1.70862
490.074	1.69633
488.759	1.68305
487.452	1.67188
486.152	1.6639
484.858	1.65798
483.572	1.65225
482.292	1.64571
481.019	1.63886
479.753	1.63307
478.493	1.62937
477.24	1.62764
475.994	1.62683
474.754	1.62581
473.52	1.6242
472.293	1.62242
471.072	1.62116
469.858	1.62062
468.649	1.62032
467.447	1.61946
466.251	1.61754
465.062	1.61466
463.878	1.6114
462.7	1.60823
461.528	1.60519
460.362	1.60188
459.202	1.59786
458.048	1.59306
456.9	1.58781
455.757	1.58261
454.62	1.57772
453.489	1.57303
452.363	1.56821
451.243	1.56308
450.129	1.55776
449.02	1.55258
447.916	1.54787
446.818	1.54367
445.725	1.5398
444.638	1.53603
443.556	1.53232
442.479	1.52884
441.407	1.52585
440.34	1.52344
439.279	1.52153
438.223	1.5199
437.171	1.51842
436.125	1.51713
435.084	1.51619
434.048	1.51572
433.017	1.51565
431.99	1.51581
430.969	1.51605
429.952	1.51632
428.94	1.51675
427.933	1.51741
426.93	1.51829
425.932	1.51925
424.939	1.52013
423.951	1.52088
422.967	1.52157
421.987	1.52229
421.012	1.52308
420.042	1.52381
419.076	1.52435
418.115	1.52461
417.158	1.52465
416.205	1.5246
415.257	1.52452
414.313	1.52435
413.373	1.52393
412.437	1.52315
411.506	1.52206
410.579	1.5208
409.656	1.51951
408.737	1.51816
407.823	1.5166
406.912	1.51465
406.005	1.51233
405.103	1.50982
404.204	1.50732
403.31	1.50488
402.419	1.50235
401.533	1.49948
400.65	1.49628
399.771	1.49309
398.896	1.49055
398.025	1.48919
397.157	1.48905
396.294	1.48959
395.434	1.48988
394.578	1.4891
393.725	1.48691
392.877	1.48354
392.031	1.47958
391.19	1.47561
390.352	1.47193
389.518	1.46855
388.687	1.46536
387.86	1.46234
387.036	1.45953
386.216	1.45702
385.399	1.45481
384.586	1.4528
383.776	1.45085
382.969	1.44891
382.166	1.447
381.367	1.44515
380.57	1.44334
379.777	1.44144
378.987	1.43931
378.201	1.43689
377.418	1.43422
376.638	1.43141
375.861	1.42854
375.087	1.42562
374.317	1.42269
373.55	1.41992
372.785	1.41771
372.024	1.41667
371.267	1.41767
370.512	1.42192
369.76	1.43106
369.011	1.44718
368.266	1.47249
367.523	1.50856
366.783	1.55546
366.047	1.6112
365.313	1.67187
364.582	1.7325
363.854	1.78841
363.129	1.83634
362.407	1.87496
361.688	1.90453
360.971	1.92621
360.258	1.9413
359.547	1.95092
358.839	1.95606
358.134	1.95766
357.432	1.95664
356.732	1.95367
356.035	1.94905
355.341	1.94267
354.649	1.93439
353.96	1.9243
353.274	1.91281
352.591	1.90045
351.91	1.88745
351.232	1.87353
350.556	1.85811
349.883	1.84078
349.213	1.82168
348.545	1.80148
347.879	1.78089
347.217	1.76002
346.556	1.73818
345.899	1.71415
345.243	1.68703
344.591	1.65687
343.94	1.62483
343.292	1.59258
342.647	1.56134
342.004	1.5311
341.363	1.50058
340.725	1.46773
340.089	1.43073
339.456	1.38882
338.825	1.34262
338.196	1.29398
337.569	1.24553
336.945	1.20004
336.324	1.15987
335.704	1.12646
335.087	1.10008
334.472	1.07971
333.859	1.0634
333.249	1.04884
332.64	1.0341
332.034	1.01806
331.43	1.00055
330.829	0.981986
330.229	0.962914
329.632	0.943723
329.037	0.924626
328.444	0.905864
327.853	0.887881
327.264	0.871306
326.678	0.856774
326.093	0.844733
325.511	0.835433
324.93	0.829101
324.352	0.826151
323.776	0.827246
323.201	0.833148
322.629	0.844475
322.059	0.861567
321.491	0.884573
320.925	0.913668
320.361	0.949209
319.799	0.99166
319.238	1.04133
318.68	1.09807
318.124	1.16123
317.57	1.22984
317.017	1.30285
316.467	1.37933
315.918	1.45837
315.371	1.53881
314.826	1.61914
314.284	1.69757
313.743	1.77244
313.203	1.84253
312.666	1.90718
312.13	1.96609
311.597	2.01903
311.065	2.06562
310.535	2.10542
310.007	2.1383
309.48	2.16459
308.956	2.18504
308.433	2.20052
307.912	2.21161
307.392	2.21852
306.875	2.22127
306.359	2.22006
305.845	2.21546
305.332	2.20832
304.821	2.19937
304.312	2.1889
303.805	2.17681
303.3	2.16286
302.796	2.14708
302.293	2.12996
301.793	2.11218
301.294	2.09421
300.797	2.07606
300.301	2.05732
299.807	2.0376
299.314	2.01693
298.824	1.99582
298.335	1.9749
297.847	1.95452
297.361	1.93446
296.877	1.91415
296.394	1.89317
295.912	1.87162
295.433	1.85011
294.955	1.82933
294.478	1.80949
294.003	1.79021
293.529	1.77077
293.057	1.75074
292.587	1.73034
292.118	1.71035
291.65	1.6915
291.184	1.67395
290.72	1.65708
290.257	1.64001
289.795	1.62223
289.335	1.60409
288.877	1.58663
288.419	1.57079
287.964	1.55676
287.509	1.54367
287.057	1.53014
286.605	1.51508
286.155	1.49848
285.706	1.48133
285.259	1.46502
284.813	1.45048
284.369	1.43763
283.926	1.4256
283.484	1.41335
283.044	1.40037
282.605	1.38688
282.168	1.37354
281.731	1.36094
281.297	1.34917
280.863	1.33795
280.431	1.32694
280	1.31612
