1200	1.8325
1192.15	1.82865
1184.4	1.82484
1176.75	1.82177
1169.21	1.81991
1161.75	1.8194
1154.39	1.81998
1147.13	1.82108
1139.95	1.82197
1132.86	1.82208
1125.87	1.82108
1118.95	1.81907
1112.13	1.81649
1105.38	1.81403
1098.72	1.81235
1092.13	1.81192
1085.63	1.81285
1079.2	1.81483
1072.84	1.81727
1066.56	1.81944
1060.36	1.82075
1054.23	1.8209
1048.16	1.82002
1042.17	1.81856
1036.24	1.81724
1030.38	1.81674
1024.59	1.81755
1018.86	1.81974
1013.2	1.82301
1007.6	1.82673
1002.06	1.83015
996.576	1.83267
991.156	1.834
985.795	1.83429
980.491	1.83408
975.244	1.83417
970.053	1.83534
964.917	1.83815
959.835	1.84271
954.806	1.84861
949.83	1.85507
944.905	1.8611
940.031	1.86582
935.207	1.86872
930.433	1.86991
925.707	1.87011
921.028	1.87058
916.397	1.87285
911.812	1.87842
907.273	1.8884
902.778	1.90326
898.328	1.92272
893.922	1.94582
889.559	1.97111
885.238	1.99696
880.958	2.02194
876.72	2.04503
872.523	2.06591
868.365	2.08491
864.247	2.10291
860.168	2.12112
856.127	2.14069
852.124	2.16247
848.159	2.18675
844.23	2.21316
840.337	2.24074
836.48	2.26813
832.658	2.29393
828.871	2.31701
825.118	2.3368
821.399	2.35349
817.714	2.36794
814.061	2.38154
810.441	2.39585
806.853	2.4122
803.296	2.43145
799.771	2.45373
796.277	2.47863
792.813	2.50545
789.379	2.53363
785.974	2.56327
782.599	2.59533
779.253	2.63164
775.935	2.67439
772.645	2.72528
769.383	2.78441
766.149	2.84927
762.941	2.91405
759.761	2.96967
756.606	3.00471
753.478	3.00726
750.376	2.96735
747.299	2.87971
744.247	2.74612
741.22	2.57674
738.218	2.39007
735.239	2.21118
732.285	2.06844
729.354	1.98915
726.447	1.99494
723.563	2.09771
720.702	2.29713
717.863	2.58013
715.046	2.92264
712.251	3.29335
709.479	3.65872
706.727	3.98829
703.997	4.25933
701.288	4.45976
698.6	4.58904
695.932	4.65678
693.285	4.67959
690.657	4.67692
688.05	4.6668
685.462	4.66257
682.893	4.67094
680.344	4.69199
677.814	4.72062
675.302	4.7491
672.809	4.76992
670.334	4.77813
667.878	4.77268
665.439	4.75647
663.018	4.73523
660.615	4.71568
658.229	4.70352
655.86	4.70183
653.508	4.71039
651.173	4.72593
648.854	4.74332
646.553	4.75723
644.267	4.76376
641.997	4.76153
639.744	4.75206
637.506	4.73922
635.283	4.72797
633.077	4.7229
630.885	4.72686
628.709	4.74013
626.547	4.76043
624.4	4.78357
622.268	4.80474
620.151	4.81985
618.048	4.82671
615.959	4.82553
613.884	4.81881
611.823	4.8105
609.776	4.80485
607.742	4.80517
605.723	4.81297
603.716	4.82762
601.723	4.84667
599.742	4.86669
597.775	4.88432
595.821	4.89728
593.879	4.90496
591.95	4.90849
590.034	4.91028
588.13	4.91313
586.238	4.91931
584.358	4.92975
582.49	4.94379
580.634	4.95928
578.79	4.97329
576.958	4.98297
575.137	4.98644
573.328	4.98336
571.53	4.97505
569.743	4.96411
567.967	4.95368
566.203	4.94656
564.449	4.94441
562.706	4.94732
560.974	4.95391
559.253	4.96174
557.542	4.96816
555.841	4.97106
554.151	4.96954
552.471	4.96412
550.802	4.95655
549.142	4.94926
547.492	4.94455
545.852	4.94392
544.222	4.94759
542.602	4.95445
540.991	4.96244
539.39	4.96913
537.798	4.97252
536.216	4.9716
534.643	4.96666
533.079	4.95918
531.524	4.95136
529.979	4.94547
528.442	4.94312
526.914	4.94484
525.395	4.94989
523.885	4.9565
522.383	4.96246
520.89	4.96574
519.405	4.96511
517.929	4.96048
516.461	4.9529
515.002	4.9442
513.551	4.93637
512.108	4.93096
510.673	4.9285
509.246	4.9284
507.827	4.92903
506.415	4.92828
505.012	4.9242
503.616	4.91574
502.229	4.90322
500.848	4.8885
499.476	4.87475
498.111	4.86596
496.753	4.86618
495.402	4.87877
494.059	4.90586
492.724	4.94803
491.395	5.00429
490.074	5.07241
488.759	5.14933
487.452	5.23166
486.152	5.31608
484.858	5.39961
483.572	5.47974
482.292	5.55439
481.019	5.62192
479.753	5.68112
478.493	5.73121
477.24	5.77199
475.994	5.80395
474.754	5.82831
473.52	5.84692
472.293	5.86209
471.072	5.87618
469.858	5.89124
468.649	5.90857
467.447	5.92855
466.251	5.95061
465.062	5.97345
463.878	5.99543
462.7	6.01508
461.528	6.0315
460.362	6.04465
459.202	6.05537
458.048	6.06515
456.9	6.07575
455.757	6.08872
454.62	6.10501
453.489	6.12472
452.363	6.14711
451.243	6.17085
450.129	6.19441
449.02	6.21643
447.916	6.23611
446.818	6.25333
445.725	6.26863
444.638	6.2829
443.556	6.29711
442.479	6.31192
441.407	6.32748
440.34	6.34339
439.279	6.35884
438.223	6.3729
437.171	6.38485
436.125	6.39443
435.084	6.40197
434.048	6.40827
433.017	6.41443
431.99	6.42145
430.969	6.42997
429.952	6.44002
428.94	6.45106
427.933	6.46207
426.93	6.47193
425.932	6.47972
424.939	6.48506
423.951	6.48817
422.967	6.48991
421.987	6.49143
421.012	6.49388
420.042	6.49802
419.076	6.50394
418.115	6.51098
417.158	6.51788
416.205	6.52305
415.257	6.52498
414.313	6.52265
413.373	6.51574
412.437	6.5047
411.506	6.49063
410.579	6.47493
409.656	6.45891
408.737	6.44347
407.823	6.42889
406.912	6.41476
406.005	6.40019
405.103	6.38409
404.204	6.36549
403.31	6.34386
402.419	6.3192
401.533	6.29206
400.65	6.26333
399.771	6.23393
398.896	6.20459
398.025	6.17559
397.157	6.14669
396.294	6.11725
395.434	6.08641
394.578	6.0534
393.725	6.01772
392.877	5.97934
392.031	5.9387
391.19	5.89654
390.352	5.85375
389.518	5.81107
388.687	5.76892
387.86	5.72728
387.036	5.68578
386.216	5.64381
385.399	5.60077
384.586	5.55627
383.776	5.51026
382.969	5.46311
382.166	5.41549
381.367	5.36821
380.57	5.32206
379.777	5.27755
378.987	5.23489
378.201	5.19396
377.418	5.15438
376.638	5.11574
375.861	5.07769
375.087	5.04014
374.317	5.00328
373.55	4.96752
372.785	4.93344
372.024	4.90159
371.267	4.87236
370.512	4.84592
369.76	4.82221
369.011	4.80099
368.266	4.78194
367.523	4.76481
366.783	4.74951
366.047	4.73611
365.313	4.72492
364.582	4.71636
363.854	4.71095
363.129	4.70925
362.407	4.71184
361.688	4.71935
360.971	4.7325
360.258	4.7521
359.547	4.77899
358.839	4.81395
358.134	4.85749
357.432	4.9096
356.732	4.96957
356.035	5.03583
355.341	5.10597
354.649	5.17692
353.96	5.24528
353.274	5.30779
352.591	5.3618
351.91	5.40568
351.232	5.43907
350.556	5.4629
349.883	5.47918
349.213	5.4906
348.545	5.50001
347.879	5.50993
347.217	5.52217
346.556	5.5376
345.899	5.55616
345.243	5.5771
344.591	5.59932
343.94	5.62175
343.292	5.64366
342.647	5.6649
342.004	5.68588
341.363	5.70743
340.725	5.73053
340.089	5.75597
339.456	5.7841
338.825	5.81466
338.196	5.84671
337.569	5.87879
336.945	5.90913
336.324	5.93594
335.704	5.95769
335.087	5.97334
334.472	5.98241
333.859	5.98503
333.249	5.98184
332.64	5.97382
332.034	5.96212
331.43	5.94793
330.829	5.93233
330.229	5.91623
329.632	5.90035
329.037	5.88517
328.444	5.87099
327.853	5.85795
327.264	5.84597
326.678	5.83488
326.093	5.82437
325.511	5.81406
324.93	5.80361
324.352	5.79275
323.776	5.78138
323.201	5.76964
322.629	5.75793
322.059	5.74689
321.491	5.73737
320.925	5.73028
320.361	5.72654
319.799	5.72689
319.238	5.73184
318.68	5.74157
318.124	5.75592
317.57	5.77439
317.017	5.7962
316.467	5.82035
315.918	5.84572
315.371	5.87115
314.826	5.89554
314.284	5.91789
313.743	5.93741
313.203	5.9535
312.666	5.96583
312.13	5.97427
311.597	5.97894
311.065	5.98007
310.535	5.97804
310.007	5.97321
309.48	5.96597
308.956	5.95662
308.433	5.9454
307.912	5.93249
307.392	5.91803
306.875	5.90217
306.359	5.88508
305.845	5.86697
305.332	5.84806
304.821	5.82858
304.312	5.80868
303.805	5.78845
303.3	5.76785
302.796	5.74674
302.293	5.72494
301.793	5.70226
301.294	5.67856
300.797	5.65384
300.301	5.6282
299.807	5.60187
299.314	5.5751
298.824	5.54809
298.335	5.52096
297.847	5.49361
297.361	5.46581
296.877	5.43719
296.394	5.40736
295.912	5.37602
295.433	5.34305
294.955	5.30859
294.478	5.27301
294.003	5.23686
293.529	5.20073
293.057	5.1651
292.587	5.13024
292.118	5.09612
291.65	5.06242
291.184	5.02861
290.72	4.99412
290.257	4.95848
289.795	4.92149
289.335	4.88328
288.877	4.8443
288.419	4.80526
287.964	4.76691
287.509	4.72987
287.057	4.69448
286.605	4.66074
286.155	4.62823
285.706	4.59632
285.259	4.56426
284.813	4.53143
284.369	4.49747
283.926	4.46238
283.484	4.42654
283.044	4.39056
282.605	4.35515
282.168	4.3209
281.731	4.28817
281.297	4.25697
280.863	4.227
280.431	4.19774
280	4.1686
