1200	0.167243
1192.15	0.167671
1184.4	0.168158
1176.75	0.168507
1169.21	0.168588
1161.75	0.168392
1154.39	0.168035
1147.13	0.167712
1139.95	0.16762
1132.86	0.167885
1125.87	0.168506
1118.95	0.169363
1112.13	0.17026
1105.38	0.171002
1098.72	0.171474
1092.13	0.171685
1085.63	0.171763
1079.2	0.171906
1072.84	0.172303
1066.56	0.173062
1060.36	0.174167
1054.23	0.175484
1048.16	0.176816
1042.17	0.177978
1036.24	0.17887
1030.38	0.179519
1024.59	0.180063
1018.86	0.180701
1013.2	0.181608
1007.6	0.182875
1002.06	0.184463
996.576	0.186226
991.156	0.187965
985.795	0.189508
980.491	0.190779
975.244	0.191831
970.053	0.192822
964.917	0.193959
959.835	0.195415
954.806	0.197257
949.83	0.199426
944.905	0.201752
940.031	0.204027
935.207	0.206082
930.433	0.207862
925.707	0.209446
921.028	0.211023
916.397	0.212818
911.812	0.215011
907.273	0.217664
902.778	0.2207
898.328	0.223932
893.922	0.227133
889.559	0.230128
885.238	0.232853
880.958	0.235383
876.72	0.237894
872.523	0.240595
868.365	0.243644
864.247	0.247096
860.168	0.250899
856.127	0.254941
852.124	0.259133
848.159	0.263489
844.23	0.268164
840.337	0.273434
836.48	0.279603
832.658	0.286882
828.871	0.295279
825.118	0.304537
821.399	0.314171
817.714	0.323576
814.061	0.332203
810.441	0.339726
806.853	0.346145
803.296	0.3518
799.771	0.357264
796.277	0.36317
792.813	0.370013
789.379	0.378002
785.974	0.387007
782.599	0.396623
779.253	0.40632
775.935	0.415632
772.645	0.424301
769.383	0.432346
766.149	0.440015
762.941	0.447646
759.761	0.455504
756.606	0.463634
753.478	0.471821
750.376	0.479639
747.299	0.486612
744.247	0.492398
741.22	0.496952
738.218	0.500595
735.239	0.503972
732.285	0.50791
729.354	0.513225
726.447	0.520541
723.563	0.530187
720.702	0.542189
717.863	0.556343
715.046	0.572345
712.251	0.589902
709.479	0.608795
706.727	0.628864
703.997	0.649937
701.288	0.671733
698.6	0.693769
695.932	0.715301
693.285	0.735288
690.657	0.752345
688.05	0.764678
685.462	0.769984
682.893	0.765381
680.344	0.747459
677.814	0.712565
675.302	0.657429
672.809	0.580113
670.334	0.481189
667.878	0.364902
665.439	0.239957
663.018	0.119615
660.615	0.0208276
658.229	-0.0376399
655.86	-0.0378961
653.508	0.0340189
651.173	0.18532
648.854	0.414546
646.553	0.711022
644.267	1.05594
641.997	1.42494
639.744	1.79169
637.506	2.13185
635.283	2.42645
633.077	2.66418
630.885	2.84214
628.709	2.96495
626.547	3.04261
624.4	3.08775
622.268	3.11279
620.151	3.12782
618.048	3.13937
615.959	3.15034
613.884	3.16076
611.823	3.16912
609.776	3.17362
607.742	3.17322
605.723	3.16808
603.716	3.1594
601.723	3.14895
599.742	3.13843
597.775	3.1289
595.821	3.12056
593.879	3.11283
591.95	3.10471
590.034	3.09524
588.13	3.08387
586.238	3.07065
584.358	3.05618
582.49	3.04134
580.634	3.02697
578.79	3.01354
576.958	3.00108
575.137	2.98913
573.328	2.97702
571.53	2.96407
569.743	2.94988
567.967	2.93445
566.203	2.91815
564.449	2.90156
562.706	2.88528
560.974	2.86971
559.253	2.85492
557.542	2.84062
555.841	2.82634
554.151	2.81153
552.471	2.79581
550.802	2.77908
549.142	2.76156
547.492	2.74369
545.852	2.72602
544.222	2.70902
542.602	2.69294
540.991	2.67772
539.39	2.66305
537.798	2.64846
536.216	2.6335
534.643	2.61785
533.079	2.60143
531.524	2.58445
529.979	2.5673
528.442	2.55042
526.914	2.53414
525.395	2.51852
523.885	2.50327
522.383	2.48777
520.89	2.47116
519.405	2.45252
517.929	2.4311
516.461	2.40652
515.002	2.37891
513.551	2.34904
512.108	2.31829
510.673	2.28863
509.246	2.26243
507.827	2.24237
506.415	2.23118
505.012	2.23147
503.616	2.24537
502.229	2.27431
500.848	2.31861
499.476	2.3773
498.111	2.44793
496.753	2.52663
495.402	2.60843
494.059	2.68783
492.724	2.75948
491.395	2.81905
490.074	2.86382
488.759	2.89314
487.452	2.90834
486.152	2.91239
484.858	2.90908
483.572	2.90217
482.292	2.89457
481.019	2.88783
479.753	2.88207
478.493	2.8763
477.24	2.86904
475.994	2.85901
474.754	2.84573
473.52	2.82965
472.293	2.81207
471.072	2.79455
469.858	2.77838
468.649	2.76402
467.447	2.75097
466.251	2.73791
465.062	2.72327
463.878	2.70587
462.7	2.68544
461.528	2.66282
460.362	2.63968
459.202	2.61793
458.048	2.59896
456.9	2.58297
455.757	2.56886
454.62	2.5545
453.489	2.5376
452.363	2.51672
451.243	2.49203
450.129	2.46559
449.02	2.44083
447.916	2.42136
446.818	2.40943
445.725	2.40459
444.638	2.40306
443.556	2.39825
442.479	2.38249
441.407	2.34948
440.34	2.29703
439.279	2.22905
438.223	2.15619
437.171	2.09468
436.125	2.06345
435.084	2.08013
434.048	2.15691
433.017	2.29732
431.99	2.49479
430.969	2.73346
429.952	2.99108
428.94	3.2434
427.933	3.46874
426.93	3.65194
425.932	3.78649
424.939	3.87464
423.951	3.92546
422.967	3.9517
421.987	3.96615
421.012	3.97876
420.042	3.99488
419.076	4.01519
418.115	4.03687
417.158	4.05563
416.205	4.06773
415.257	4.07143
414.313	4.06749
413.373	4.05869
412.437	4.04869
411.506	4.04066
410.579	4.03627
409.656	4.0353
408.737	4.03597
407.823	4.03578
406.912	4.03253
406.005	4.02512
405.103	4.0139
404.204	4.00037
403.31	3.98655
402.419	3.97412
401.533	3.96378
400.65	3.95503
399.771	3.94636
398.896	3.93589
398.025	3.92212
397.157	3.90445
396.294	3.88347
395.434	3.86071
394.578	3.83811
393.725	3.81731
392.877	3.79913
392.031	3.78333
391.19	3.76873
390.352	3.75375
389.518	3.73698
388.687	3.71772
387.86	3.69621
387.036	3.67349
386.216	3.65103
385.399	3.6301
384.586	3.61135
383.776	3.59456
382.969	3.57873
382.166	3.56249
381.367	3.54459
380.57	3.5244
379.777	3.50207
378.987	3.47852
378.201	3.45504
377.418	3.43281
376.638	3.4125
375.861	3.39398
375.087	3.3764
374.317	3.35854
373.55	3.33922
372.785	3.31778
372.024	3.29428
371.267	3.26947
370.512	3.24455
369.76	3.22064
369.011	3.19845
368.266	3.178
367.523	3.15859
366.783	3.13913
366.047	3.11849
365.313	3.09596
364.582	3.07146
363.854	3.04559
363.129	3.01936
362.407	2.99386
361.688	2.96981
360.971	2.94736
360.258	2.92598
359.547	2.90475
358.839	2.88263
358.134	2.85895
357.432	2.83358
356.732	2.80704
356.035	2.78028
355.341	2.75436
354.649	2.73005
353.96	2.70756
353.274	2.6865
352.591	2.66601
351.91	2.64512
351.232	2.62308
350.556	2.59973
349.883	2.57548
349.213	2.55124
348.545	2.5281
347.879	2.5069
347.217	2.488
346.556	2.4711
345.899	2.45543
345.243	2.43999
344.591	2.42395
343.94	2.40696
343.292	2.38925
342.647	2.37161
342.004	2.35504
341.363	2.34043
340.725	2.32819
340.089	2.31814
339.456	2.30956
338.825	2.30143
338.196	2.29279
337.569	2.28312
336.945	2.27246
336.324	2.2614
335.704	2.25084
335.087	2.24159
334.472	2.23406
333.859	2.22803
333.249	2.22268
332.64	2.21686
332.034	2.20947
331.43	2.19983
330.829	2.18793
330.229	2.17446
329.632	2.16057
329.037	2.1474
328.444	2.13571
327.853	2.12552
327.264	2.11607
326.678	2.10613
326.093	2.09447
325.511	2.08047
324.93	2.06469
324.352	2.04904
323.776	2.03671
323.201	2.03156
322.629	2.03738
322.059	2.05698
321.491	2.0914
320.925	2.13956
320.361	2.1983
319.799	2.26281
319.238	2.32752
318.68	2.387
318.124	2.43689
317.57	2.47451
317.017	2.49913
316.467	2.51183
315.918	2.51503
315.371	2.51183
314.826	2.50535
314.284	2.49815
313.743	2.49188
313.203	2.48716
312.666	2.48378
312.13	2.48092
311.597	2.47758
311.065	2.47291
310.535	2.46645
310.007	2.45827
309.48	2.44888
308.956	2.43906
308.433	2.42968
307.912	2.42142
307.392	2.41459
306.875	2.40908
306.359	2.40439
305.845	2.3998
305.332	2.39458
304.821	2.38822
304.312	2.38057
303.805	2.37192
303.3	2.36292
302.796	2.35442
302.293	2.3472
301.793	2.34178
301.294	2.33828
300.797	2.33637
300.301	2.33542
299.807	2.33465
299.314	2.33342
298.824	2.33139
298.335	2.32866
297.847	2.32567
297.361	2.32311
296.877	2.32164
296.394	2.32172
295.912	2.32342
295.433	2.32644
294.955	2.33018
294.478	2.33397
294.003	2.33726
293.529	2.33981
293.057	2.34176
292.587	2.34353
292.118	2.34569
291.65	2.34876
291.184	2.35301
290.72	2.35838
290.257	2.3645
289.795	2.37084
289.335	2.37685
288.877	2.38214
288.419	2.38664
287.964	2.39051
287.509	2.39413
287.057	2.39791
286.605	2.40216
286.155	2.407
285.706	2.4123
285.259	2.41779
284.813	2.42317
284.369	2.42816
283.926	2.43263
283.484	2.43653
283.044	2.43989
282.605	2.44271
282.168	2.44493
281.731	2.44646
281.297	2.4473
280.863	2.44765
280.431	2.44809
280	2.44958
