1200	0.645712
1192.15	0.637183
1184.4	0.628956
1176.75	0.621115
1169.21	0.613448
1161.75	0.605619
1154.39	0.59743
1147.13	0.588984
1139.95	0.5806
1132.86	0.572561
1125.87	0.564897
1118.95	0.557361
1112.13	0.54963
1105.38	0.541558
1098.72	0.533294
1092.13	0.525166
1085.63	0.517421
1079.2	0.510035
1072.84	0.502737
1066.56	0.495218
1060.36	0.487385
1054.23	0.479428
1048.16	0.471675
1042.17	0.464335
1036.24	0.457335
1030.38	0.45038
1024.59	0.443189
1018.86	0.435714
1013.2	0.428181
1007.6	0.420914
1002.06	0.414081
996.576	0.407564
991.156	0.401052
985.795	0.394289
980.491	0.387275
975.244	0.380265
970.053	0.373576
964.917	0.367335
959.835	0.361379
954.806	0.355389
949.83	0.349132
944.905	0.342654
940.031	0.336241
935.207	0.330196
930.433	0.324605
925.707	0.319267
921.028	0.313849
916.397	0.308148
911.812	0.302255
907.273	0.29648
902.778	0.291119
898.328	0.286215
893.922	0.281525
889.559	0.276706
885.238	0.271584
880.958	0.266294
876.72	0.261177
872.523	0.256518
868.365	0.252318
864.247	0.248289
860.168	0.244075
856.127	0.239529
852.124	0.234836
848.159	0.230373
844.23	0.226419
840.337	0.222928
836.48	0.21956
832.658	0.215935
828.871	0.211935
825.118	0.207802
821.399	0.203965
817.714	0.200702
814.061	0.197913
810.441	0.195186
806.853	0.192101
803.296	0.188569
799.771	0.184914
796.277	0.181638
792.813	0.179034
789.379	0.176932
785.974	0.174804
782.599	0.172161
779.253	0.168943
775.935	0.165602
772.645	0.162782
769.383	0.160815
766.149	0.159418
762.941	0.157849
759.761	0.155456
756.606	0.15221
753.478	0.148817
750.376	0.146244
747.299	0.144946
744.247	0.144356
741.22	0.143078
738.218	0.139779
735.239	0.134269
732.285	0.128045
729.354	0.123836
726.447	0.124285
723.563	0.130471
720.702	0.141132
717.863	0.153075
715.046	0.162606
712.251	0.167177
709.479	0.166395
706.727	0.161878
703.997	0.156159
701.288	0.151327
698.6	0.148177
695.932	0.14624
693.285	0.144522
690.657	0.142355
688.05	0.139833
685.462	0.137626
682.893	0.136412
680.344	0.13637
677.814	0.137083
675.302	0.137861
672.809	0.138202
670.334	0.138069
667.878	0.137796
665.439	0.137755
663.018	0.138033
660.615	0.13837
658.229	0.138354
655.86	0.137721
653.508	0.13652
651.173	0.135041
648.854	0.133579
646.553	0.132215
644.267	0.130782
641.997	0.129023
639.744	0.126792
637.506	0.124168
635.283	0.121383
633.077	0.118648
630.885	0.116011
628.709	0.113349
626.547	0.110492
624.4	0.107373
622.268	0.104078
620.151	0.100786
618.048	0.097632
615.959	0.0946244
613.884	0.0916667
611.823	0.0886622
609.776	0.0856094
607.742	0.0826131
605.723	0.0798081
603.716	0.0772643
601.723	0.0749555
599.742	0.072815
597.775	0.0708274
595.821	0.0690773
593.879	0.0677113
591.95	0.0668474
590.034	0.066511
588.13	0.0666543
586.238	0.0672398
584.358	0.0683084
582.49	0.0699601
580.634	0.072249
578.79	0.0750796
576.958	0.0782054
575.137	0.0813562
573.328	0.0844091
571.53	0.0874597
569.743	0.0907075
567.967	0.0942108
566.203	0.0976804
564.449	0.100479
562.706	0.101846
560.974	0.101192
559.253	0.0982209
557.542	0.0927624
555.841	0.0844137
554.151	0.0722832
552.471	0.0550969
550.802	0.0316849
549.142	0.00156884
547.492	-0.0347346
545.852	-0.0758639
544.222	-0.119956
542.602	-0.164593
540.991	-0.205866
539.39	-0.236647
537.798	-0.244965
536.216	-0.21385
534.643	-0.123732
533.079	0.0426298
531.524	0.294091
529.979	0.626332
528.442	1.02061
526.914	1.44701
525.395	1.87138
523.885	2.26326
522.383	2.60217
520.89	2.87991
519.405	3.09889
517.929	3.26776
516.461	3.39676
515.002	3.49449
513.551	3.5671
512.108	3.619
510.673	3.65413
509.246	3.67656
507.827	3.69017
506.415	3.698
505.012	3.70163
503.616	3.7015
502.229	3.69756
500.848	3.69014
499.476	3.68016
498.111	3.66889
496.753	3.6573
495.402	3.64565
494.059	3.63357
492.724	3.62053
491.395	3.60639
490.074	3.59159
488.759	3.5769
487.452	3.56292
486.152	3.54973
484.858	3.53694
483.572	3.52404
482.292	3.51084
481.019	3.49765
479.753	3.48504
478.493	3.47347
477.24	3.46294
475.994	3.45307
474.754	3.44335
473.52	3.43353
472.293	3.42376
471.072	3.41444
469.858	3.40584
468.649	3.3979
467.447	3.39017
466.251	3.38214
465.062	3.37351
463.878	3.36436
462.7	3.35501
461.528	3.34572
460.362	3.33647
459.202	3.32693
458.048	3.31672
456.9	3.30564
455.757	3.29388
454.62	3.2818
453.489	3.26975
452.363	3.25777
451.243	3.24565
450.129	3.23307
449.02	3.21991
447.916	3.20635
446.818	3.19275
445.725	3.17941
444.638	3.16639
443.556	3.15348
442.479	3.14036
441.407	3.1269
440.34	3.11324
439.279	3.0997
438.223	3.08655
437.171	3.07384
436.125	3.06135
435.084	3.04877
434.048	3.03596
433.017	3.02301
431.99	3.01024
430.969	2.9979
429.952	2.98604
428.94	2.97445
427.933	2.96284
426.93	2.95103
425.932	2.93913
424.939	2.9274
423.951	2.91613
422.967	2.90536
421.987	2.8949
421.012	2.88447
420.042	2.87388
419.076	2.86322
418.115	2.85274
417.158	2.84272
416.205	2.83324
415.257	2.82412
414.313	2.81509
413.373	2.80593
412.437	2.79671
411.506	2.78768
410.579	2.77913
409.656	2.77114
408.737	2.76359
407.823	2.75617
406.912	2.74867
406.005	2.7411
405.103	2.73371
404.204	2.7268
403.31	2.72052
402.419	2.71472
401.533	2.70911
400.65	2.70344
399.771	2.69768
398.896	2.69208
398.025	2.68695
397.157	2.68248
396.294	2.67857
395.434	2.6749
394.578	2.67117
393.725	2.6673
392.877	2.66352
392.031	2.6602
391.19	2.65757
390.352	2.65558
389.518	2.65387
388.687	2.65209
387.86	2.65007
387.036	2.64804
386.216	2.64641
385.399	2.64553
384.586	2.64539
383.776	2.64559
382.969	2.64566
382.166	2.64534
381.367	2.64483
380.57	2.64466
379.777	2.64531
378.987	2.64685
378.201	2.64884
377.418	2.65061
376.638	2.65172
375.861	2.65236
375.087	2.65321
374.317	2.65503
373.55	2.65807
372.785	2.66177
372.024	2.66511
371.267	2.6673
370.512	2.6684
369.76	2.66946
369.011	2.67185
368.266	2.67629
367.523	2.68214
366.783	2.68746
366.047	2.69013
365.313	2.68924
364.582	2.68599
363.854	2.6834
363.129	2.68479
362.407	2.69187
361.688	2.70339
360.971	2.71536
360.258	2.72262
359.547	2.72126
358.839	2.71033
358.134	2.69223
357.432	2.67148
356.732	2.65258
356.035	2.63818
355.341	2.62819
354.649	2.62023
353.96	2.6108
353.274	2.59655
352.591	2.57509
351.91	2.5453
351.232	2.50736
350.556	2.46287
349.883	2.41494
349.213	2.36799
348.545	2.32701
347.879	2.29632
347.217	2.27823
346.556	2.2723
345.899	2.27557
345.243	2.28387
344.591	2.2934
343.94	2.30188
343.292	2.3088
342.647	2.31469
342.004	2.32016
341.363	2.32517
340.725	2.32904
340.089	2.33097
339.456	2.33067
338.825	2.32852
338.196	2.32531
337.569	2.32159
336.945	2.31728
336.324	2.31176
335.704	2.30432
335.087	2.29466
334.472	2.28309
333.859	2.27028
333.249	2.25674
332.64	2.2425
332.034	2.22716
331.43	2.21027
330.829	2.19173
330.229	2.17195
329.632	2.15168
329.037	2.13151
328.444	2.11164
327.853	2.09188
327.264	2.07194
326.678	2.05184
326.093	2.032
325.511	2.01306
324.93	1.99553
324.352	1.97948
323.776	1.96462
323.201	1.95055
322.629	1.9371
322.059	1.92445
321.491	1.91299
320.925	1.90293
320.361	1.89414
319.799	1.88616
319.238	1.87848
318.68	1.87082
318.124	1.86326
317.57	1.85608
317.017	1.84944
316.467	1.84316
315.918	1.83683
315.371	1.82997
314.826	1.82241
314.284	1.81427
313.743	1.80586
313.203	1.79741
312.666	1.78881
312.13	1.77974
311.597	1.76984
311.065	1.75903
310.535	1.74753
310.007	1.73572
309.48	1.72388
308.956	1.71198
308.433	1.69976
307.912	1.68696
307.392	1.67358
306.875	1.65989
306.359	1.64633
305.845	1.63318
305.332	1.62044
304.821	1.6079
304.312	1.59531
303.805	1.58269
303.3	1.57033
302.796	1.55864
302.293	1.5479
301.793	1.53808
301.294	1.5289
300.797	1.52007
300.301	1.51156
299.807	1.50362
299.314	1.4966
298.824	1.49073
298.335	1.4859
297.847	1.48173
297.361	1.47784
296.877	1.4741
296.394	1.4707
295.912	1.46796
295.433	1.46608
294.955	1.46489
294.478	1.46389
294.003	1.46251
293.529	1.46041
293.057	1.45764
292.587	1.45457
292.118	1.45161
291.65	1.44887
291.184	1.44612
290.72	1.44288
290.257	1.43869
289.795	1.43333
289.335	1.42685
288.877	1.41944
288.419	1.4112
287.964	1.40198
287.509	1.39145
287.057	1.37927
286.605	1.36525
286.155	1.34953
285.706	1.33245
285.259	1.31437
284.813	1.29538
284.369	1.27529
283.926	1.25377
283.484	1.23087
283.044	1.20772
282.605	1.18691
282.168	1.17254
281.731	1.16937
281.297	1.18138
280.863	1.21012
280.431	1.25353
280	1.30589
