1200	99.2629
1192.15	99.2702
1184.4	99.2747
1176.75	99.2782
1169.21	99.2832
1161.75	99.2909
1154.39	99.2998
1147.13	99.3072
1139.95	99.3118
1132.86	99.315
1125.87	99.3195
1118.95	99.3266
1112.13	99.3353
1105.38	99.3428
1098.72	99.3477
1092.13	99.3508
1085.63	99.3547
1079.2	99.3613
1072.84	99.3697
1066.56	99.3774
1060.36	99.3825
1054.23	99.3856
1048.16	99.3891
1042.17	99.3951
1036.24	99.4032
1030.38	99.4111
1024.59	99.4165
1018.86	99.4197
1013.2	99.4228
1007.6	99.4283
1002.06	99.4361
996.576	99.4441
991.156	99.4499
985.795	99.4532
980.491	99.4561
975.244	99.461
970.053	99.4684
964.917	99.4766
959.835	99.4828
954.806	99.4864
949.83	99.489
944.905	99.4933
940.031	99.5004
935.207	99.5086
930.433	99.5153
925.707	99.5192
921.028	99.5216
916.397	99.5254
911.812	99.5319
907.273	99.5401
902.778	99.5473
898.328	99.5517
893.922	99.5541
889.559	99.5572
885.238	99.5631
880.958	99.5712
876.72	99.5788
872.523	99.5837
868.365	99.5861
864.247	99.5886
860.168	99.5936
856.127	99.6014
852.124	99.6094
848.159	99.615
844.23	99.6176
840.337	99.6194
836.48	99.6234
832.658	99.6306
828.871	99.639
825.118	99.6455
821.399	99.6485
817.714	99.6496
814.061	99.6522
810.441	99.6584
806.853	99.6672
803.296	99.675
799.771	99.6788
796.277	99.679
792.813	99.6791
789.379	99.6834
785.974	99.6928
782.599	99.7042
779.253	99.7117
775.935	99.7115
772.645	99.7044
769.383	99.6957
766.149	99.6919
762.941	99.6963
759.761	99.707
756.606	99.7181
753.478	99.7239
750.376	99.7231
747.299	99.7194
744.247	99.719
741.22	99.7257
738.218	99.7381
735.239	99.7506
732.285	99.7575
729.354	99.7576
726.447	99.7554
723.563	99.7575
720.702	99.7674
717.863	99.782
715.046	99.7942
712.251	99.7983
709.479	99.7955
706.727	99.7929
703.997	99.798
701.288	99.8123
698.6	99.8293
695.932	99.84
693.285	99.8405
690.657	99.8357
688.05	99.8357
685.462	99.8471
682.893	99.8667
680.344	99.8839
677.814	99.8896
675.302	99.8847
672.809	99.8797
670.334	99.8858
667.878	99.9049
665.439	99.9269
663.018	99.9383
660.615	99.9339
658.229	99.9225
655.86	99.9198
653.508	99.9341
651.173	99.9583
648.854	99.9744
646.553	99.9692
644.267	99.9471
641.997	99.9277
639.744	99.9298
637.506	99.9536
635.283	99.978
633.077	99.9758
630.885	99.9361
628.709	99.8753
626.547	99.8255
624.4	99.8098
622.268	99.8235
620.151	99.8373
618.048	99.8205
615.959	99.7651
613.884	99.6919
611.823	99.6324
609.776	99.6032
607.742	99.5929
605.723	99.5735
603.716	99.5256
601.723	99.4551
599.742	99.3881
597.775	99.3466
595.821	99.3274
593.879	99.3014
591.95	99.2353
590.034	99.1173
588.13	98.9664
586.238	98.8169
584.358	98.6929
582.49	98.5931
580.634	98.4986
578.79	98.3947
576.958	98.2881
575.137	98.2019
573.328	98.1557
571.53	98.1464
569.743	98.1488
567.967	98.1355
566.203	98.0983
564.449	98.0543
562.706	98.0298
560.974	98.0364
559.253	98.0604
557.542	98.074
555.841	98.0588
554.151	98.0219
552.471	97.9894
550.802	97.9852
549.142	98.0108
547.492	98.0451
545.852	98.0625
544.222	98.0545
542.602	98.0355
540.991	98.0293
539.39	98.0481
537.798	98.0827
536.216	98.1107
534.643	98.1169
533.079	98.1053
531.524	98.0949
529.979	98.1025
528.442	98.1284
526.914	98.1567
525.395	98.1702
523.885	98.1655
522.383	98.1553
520.89	98.1564
519.405	98.1749
517.929	98.2011
516.461	98.2189
515.002	98.2204
513.551	98.2126
512.108	98.2106
510.673	98.2238
509.246	98.2477
507.827	98.2682
506.415	98.2746
505.012	98.2694
503.616	98.2652
502.229	98.2736
500.848	98.2943
499.476	98.3159
498.111	98.3262
496.753	98.3236
495.402	98.318
494.059	98.322
492.724	98.3391
491.395	98.3607
490.074	98.3744
488.759	98.375
487.452	98.3693
486.152	98.37
484.858	98.3837
483.572	98.4054
482.292	98.4225
481.019	98.4269
479.753	98.4224
478.493	98.421
477.24	98.4321
475.994	98.4538
474.754	98.4747
473.52	98.4841
472.293	98.4823
471.072	98.4799
469.858	98.4888
468.649	98.5108
467.447	98.536
466.251	98.5517
465.062	98.5544
463.878	98.5526
462.7	98.5599
461.528	98.5822
460.362	98.6123
459.202	98.6361
458.048	98.6456
456.9	98.6466
455.757	98.6534
454.62	98.6763
453.489	98.7118
452.363	98.7455
451.243	98.7649
450.129	98.7711
449.02	98.7784
447.916	98.8014
446.818	98.8418
445.725	98.8859
444.638	98.9162
443.556	98.9273
442.479	98.9309
441.407	98.9459
440.34	98.981
439.279	99.0252
438.223	99.0554
437.171	99.0549
436.125	99.0274
435.084	98.9929
434.048	98.9696
433.017	98.9555
431.99	98.9273
430.969	98.857
429.952	98.734
428.94	98.5741
427.933	98.4071
426.93	98.2546
425.932	98.1145
424.939	97.9678
423.951	97.7983
422.967	97.6119
421.987	97.4355
421.012	97.2989
420.042	97.2127
419.076	97.1618
418.115	97.1188
417.158	97.0661
416.205	97.0087
415.257	96.9668
414.313	96.9559
413.373	96.972
412.437	96.9931
411.506	96.9973
410.579	96.98
409.656	96.9565
408.737	96.9485
407.823	96.9649
406.912	96.9949
406.005	97.0177
405.103	97.02
404.204	97.0071
403.31	96.9972
402.419	97.0058
401.533	97.0324
400.65	97.0617
399.771	97.0771
398.896	97.075
398.025	97.067
397.157	97.0697
396.294	97.09
395.434	97.1196
394.578	97.1426
393.725	97.1493
392.877	97.1443
392.031	97.1421
391.19	97.1543
390.352	97.1799
389.518	97.2062
388.687	97.2203
387.86	97.2197
387.036	97.214
386.216	97.2163
385.399	97.2321
384.586	97.2548
383.776	97.2723
382.969	97.2773
382.166	97.2736
381.367	97.2719
380.57	97.281
379.777	97.3
378.987	97.32
378.201	97.3318
377.418	97.3339
376.638	97.3329
375.861	97.3371
375.087	97.3492
374.317	97.3644
373.55	97.3751
372.785	97.3781
372.024	97.3773
371.267	97.3798
370.512	97.3897
369.76	97.4042
369.011	97.4167
368.266	97.4226
367.523	97.4237
366.783	97.4263
366.047	97.4355
365.313	97.4507
364.582	97.4659
363.854	97.4755
363.129	97.4793
362.407	97.4822
361.688	97.4903
360.971	97.5049
360.258	97.5214
359.547	97.5338
358.839	97.5398
358.134	97.5432
357.432	97.5503
356.732	97.5643
356.035	97.5826
355.341	97.5993
354.649	97.611
353.96	97.6201
353.274	97.6333
352.591	97.6553
351.91	97.6852
351.232	97.7171
350.556	97.745
349.883	97.7683
349.213	97.7916
348.545	97.8194
347.879	97.8507
347.217	97.8787
346.556	97.8953
345.899	97.8987
345.243	97.8948
344.591	97.8933
343.94	97.9001
343.292	97.9129
342.647	97.924
342.004	97.9275
341.363	97.9245
340.725	97.9228
340.089	97.9294
339.456	97.9445
338.825	97.9612
338.196	97.9712
337.569	97.9725
336.945	97.9713
336.324	97.9764
335.704	97.9918
335.087	98.0125
334.472	98.029
333.859	98.0356
333.249	98.0353
332.64	98.0379
332.034	98.0513
331.43	98.0744
330.829	98.0978
330.229	98.1114
329.632	98.113
329.037	98.11
328.444	98.1134
327.853	98.1287
327.264	98.1517
326.678	98.1723
326.093	98.1835
325.511	98.1864
324.93	98.189
324.352	98.1989
323.776	98.2167
323.201	98.2363
322.629	98.2506
322.059	98.2577
321.491	98.2611
320.925	98.2659
320.361	98.273
319.799	98.279
319.238	98.2805
318.68	98.2792
318.124	98.2809
317.57	98.2905
317.017	98.3056
316.467	98.3173
315.918	98.3169
315.371	98.3045
314.826	98.2908
314.284	98.2895
313.743	98.3057
313.203	98.3312
312.666	98.3497
312.13	98.3505
311.597	98.3373
311.065	98.3258
310.535	98.3309
310.007	98.3536
309.48	98.3793
308.956	98.3894
308.433	98.3761
307.912	98.3486
307.392	98.3258
306.875	98.3209
306.359	98.3315
305.845	98.3434
305.332	98.3434
304.821	98.3311
304.312	98.3185
303.805	98.3184
303.3	98.3327
302.796	98.3505
302.293	98.3574
301.793	98.3487
301.294	98.3332
300.797	98.3249
300.301	98.3302
299.807	98.3422
299.314	98.3474
298.824	98.3385
298.335	98.3219
297.847	98.3123
297.361	98.3192
296.877	98.3374
296.394	98.3507
295.912	98.346
295.433	98.3246
294.955	98.3019
294.478	98.2936
294.003	98.301
293.529	98.3093
293.057	98.2998
292.587	98.2661
292.118	98.2204
291.65	98.1834
291.184	98.1666
290.72	98.1634
290.257	98.1556
289.795	98.1309
289.335	98.095
288.877	98.067
288.419	98.0626
287.964	98.079
287.509	98.0964
287.057	98.0943
286.605	98.07
286.155	98.0407
285.706	98.0291
285.259	98.0429
284.813	98.0679
284.369	98.0799
283.926	98.0658
283.484	98.0359
283.044	98.0146
282.605	98.0194
282.168	98.0452
281.731	98.0684
281.297	98.0677
280.863	98.043
280.431	98.0155
280	98.0094
