1200	2.00544
1192.15	2.00395
1184.4	2.00255
1176.75	2.00126
1169.21	2.00007
1161.75	1.99899
1154.39	1.998
1147.13	1.99712
1139.95	1.99634
1132.86	1.99566
1125.87	1.99507
1118.95	1.99459
1112.13	1.99421
1105.38	1.99393
1098.72	1.99375
1092.13	1.99367
1085.63	1.99368
1079.2	1.9938
1072.84	1.99401
1066.56	1.99432
1060.36	1.99473
1054.23	1.99523
1048.16	1.99584
1042.17	1.99653
1036.24	1.99733
1030.38	1.99822
1024.59	1.9992
1018.86	2.00028
1013.2	2.00145
1007.6	2.00272
1002.06	2.00408
996.576	2.00553
991.156	2.00708
985.795	2.00871
980.491	2.01044
975.244	2.01227
970.053	2.01418
964.917	2.01618
959.835	2.01827
954.806	2.02045
949.83	2.02272
944.905	2.02508
940.031	2.02753
935.207	2.03006
930.433	2.03268
925.707	2.03539
921.028	2.03818
916.397	2.04106
911.812	2.04402
907.273	2.04707
902.778	2.0502
898.328	2.05342
893.922	2.05672
889.559	2.0601
885.238	2.06356
880.958	2.0671
876.72	2.07073
872.523	2.07443
868.365	2.07821
864.247	2.08208
860.168	2.08602
856.127	2.09003
852.124	2.09413
848.159	2.0983
844.23	2.10255
840.337	2.10688
836.48	2.11127
832.658	2.11575
828.871	2.12029
825.118	2.12491
821.399	2.12961
817.714	2.13437
814.061	2.13921
810.441	2.14412
806.853	2.14909
803.296	2.15414
799.771	2.15925
796.277	2.16444
792.813	2.16969
789.379	2.17501
785.974	2.18039
782.599	2.18584
779.253	2.19136
775.935	2.19694
772.645	2.20259
769.383	2.20829
766.149	2.21406
762.941	2.21989
759.761	2.22579
756.606	2.23174
753.478	2.23775
750.376	2.24383
747.299	2.24996
744.247	2.25615
741.22	2.26239
738.218	2.2687
735.239	2.27505
732.285	2.28147
729.354	2.28793
726.447	2.29445
723.563	2.30103
720.702	2.30765
717.863	2.31433
715.046	2.32106
712.251	2.32783
709.479	2.33466
706.727	2.34153
703.997	2.34846
701.288	2.35542
698.6	2.36244
695.932	2.3695
693.285	2.3766
690.657	2.38375
688.05	2.39094
685.462	2.39817
682.893	2.40544
680.344	2.41275
677.814	2.4201
675.302	2.42749
672.809	2.43492
670.334	2.44238
667.878	2.44988
665.439	2.45741
663.018	2.46498
660.615	2.47258
658.229	2.48022
655.86	2.48788
653.508	2.49557
651.173	2.5033
648.854	2.51105
646.553	2.51883
644.267	2.52663
641.997	2.53446
639.744	2.54232
637.506	2.5502
635.283	2.5581
633.077	2.56602
630.885	2.57396
628.709	2.58193
626.547	2.58991
624.4	2.59791
622.268	2.60592
620.151	2.61395
618.048	2.622
615.959	2.63006
613.884	2.63813
611.823	2.64621
609.776	2.6543
607.742	2.6624
605.723	2.67051
603.716	2.67863
601.723	2.68675
599.742	2.69488
597.775	2.70301
595.821	2.71115
593.879	2.71928
591.95	2.72742
590.034	2.73556
588.13	2.7437
586.238	2.75183
584.358	2.75996
582.49	2.76809
580.634	2.77621
578.79	2.78432
576.958	2.79243
575.137	2.80052
573.328	2.80861
571.53	2.81669
569.743	2.82476
567.967	2.83281
566.203	2.84085
564.449	2.84887
562.706	2.85688
560.974	2.86487
559.253	2.87284
557.542	2.8808
555.841	2.88873
554.151	2.89664
552.471	2.90454
550.802	2.9124
549.142	2.92025
547.492	2.92807
545.852	2.93586
544.222	2.94363
542.602	2.95136
540.991	2.95907
539.39	2.96675
537.798	2.9744
536.216	2.98202
534.643	2.9896
533.079	2.99715
531.524	3.00467
529.979	3.01215
528.442	3.0196
526.914	3.027
525.395	3.03437
523.885	3.0417
522.383	3.04899
520.89	3.05624
519.405	3.06345
517.929	3.07061
516.461	3.07773
515.002	3.08481
513.551	3.09184
512.108	3.09883
510.673	3.10576
509.246	3.11265
507.827	3.1195
506.415	3.12629
505.012	3.13303
503.616	3.13972
502.229	3.14636
500.848	3.15295
499.476	3.15948
498.111	3.16596
496.753	3.17239
495.402	3.17875
494.059	3.18507
492.724	3.19132
491.395	3.19752
490.074	3.20365
488.759	3.20973
487.452	3.21575
486.152	3.22171
484.858	3.2276
483.572	3.23343
482.292	3.2392
481.019	3.24491
479.753	3.25055
478.493	3.25612
477.24	3.26163
475.994	3.26707
474.754	3.27244
473.52	3.27775
472.293	3.28298
471.072	3.28815
469.858	3.29325
468.649	3.29827
467.447	3.30322
466.251	3.3081
465.062	3.31291
463.878	3.31765
462.7	3.3223
461.528	3.32689
460.362	3.3314
459.202	3.33583
458.048	3.34018
456.9	3.34446
455.757	3.34866
454.62	3.35278
453.489	3.35682
452.363	3.36078
451.243	3.36466
450.129	3.36845
449.02	3.37217
447.916	3.3758
446.818	3.37935
445.725	3.38282
444.638	3.3862
443.556	3.38949
442.479	3.3927
441.407	3.39583
440.34	3.39887
439.279	3.40182
438.223	3.40468
437.171	3.40745
436.125	3.41014
435.084	3.41274
434.048	3.41524
433.017	3.41766
431.99	3.41998
430.969	3.42222
429.952	3.42436
428.94	3.42641
427.933	3.42837
426.93	3.43023
425.932	3.432
424.939	3.43368
423.951	3.43526
422.967	3.43675
421.987	3.43814
421.012	3.43944
420.042	3.44064
419.076	3.44174
418.115	3.44275
417.158	3.44366
416.205	3.44447
415.257	3.44519
414.313	3.44581
413.373	3.44633
412.437	3.44675
411.506	3.44707
410.579	3.44729
409.656	3.44742
408.737	3.44744
407.823	3.44737
406.912	3.44719
406.005	3.44692
405.103	3.44654
404.204	3.44607
403.31	3.44549
402.419	3.44481
401.533	3.44403
400.65	3.44316
399.771	3.44218
398.896	3.4411
398.025	3.43991
397.157	3.43863
396.294	3.43725
395.434	3.43576
394.578	3.43417
393.725	3.43249
392.877	3.4307
392.031	3.42881
391.19	3.42681
390.352	3.42472
389.518	3.42253
388.687	3.42023
387.86	3.41784
387.036	3.41534
386.216	3.41274
385.399	3.41005
384.586	3.40725
383.776	3.40435
382.969	3.40135
382.166	3.39825
381.367	3.39505
380.57	3.39176
379.777	3.38836
378.987	3.38487
378.201	3.38127
377.418	3.37758
376.638	3.37379
375.861	3.3699
375.087	3.36591
374.317	3.36183
373.55	3.35765
372.785	3.35337
372.024	3.349
371.267	3.34453
370.512	3.33997
369.76	3.33531
369.011	3.33055
368.266	3.3257
367.523	3.32076
366.783	3.31572
366.047	3.31059
365.313	3.30537
364.582	3.30005
363.854	3.29464
363.129	3.28915
362.407	3.28356
361.688	3.27788
360.971	3.27211
360.258	3.26625
359.547	3.2603
358.839	3.25426
358.134	3.24813
357.432	3.24192
356.732	3.23562
356.035	3.22923
355.341	3.22276
354.649	3.2162
353.96	3.20956
353.274	3.20283
352.591	3.19602
351.91	3.18913
351.232	3.18215
350.556	3.1751
349.883	3.16796
349.213	3.16074
348.545	3.15344
347.879	3.14606
347.217	3.1386
346.556	3.13106
345.899	3.12345
345.243	3.11576
344.591	3.10799
343.94	3.10015
343.292	3.09223
342.647	3.08424
342.004	3.07617
341.363	3.06803
340.725	3.05982
340.089	3.05153
339.456	3.04318
338.825	3.03476
338.196	3.02626
337.569	3.0177
336.945	3.00906
336.324	3.00037
335.704	2.9916
335.087	2.98277
334.472	2.97387
333.859	2.96491
333.249	2.95588
332.64	2.94679
332.034	2.93764
331.43	2.92842
330.829	2.91915
330.229	2.90981
329.632	2.90042
329.037	2.89096
328.444	2.88145
327.853	2.87188
327.264	2.86225
326.678	2.85257
326.093	2.84283
325.511	2.83304
324.93	2.8232
324.352	2.8133
323.776	2.80335
323.201	2.79335
322.629	2.7833
322.059	2.7732
321.491	2.76305
320.925	2.75285
320.361	2.7426
319.799	2.73231
319.238	2.72197
318.68	2.71159
318.124	2.70116
317.57	2.69069
317.017	2.68018
316.467	2.66963
315.918	2.65903
315.371	2.64839
314.826	2.63772
314.284	2.62701
313.743	2.61625
313.203	2.60547
312.666	2.59464
312.13	2.58378
311.597	2.57289
311.065	2.56196
310.535	2.551
310.007	2.54001
309.48	2.52899
308.956	2.51793
308.433	2.50685
307.912	2.49574
307.392	2.4846
306.875	2.47343
306.359	2.46224
305.845	2.45102
305.332	2.43978
304.821	2.42851
304.312	2.41722
303.805	2.40591
303.3	2.39458
302.796	2.38322
302.293	2.37185
301.793	2.36046
301.294	2.34905
300.797	2.33762
300.301	2.32618
299.807	2.31472
299.314	2.30325
298.824	2.29176
298.335	2.28026
297.847	2.26875
297.361	2.25723
296.877	2.24569
296.394	2.23415
295.912	2.2226
295.433	2.21104
294.955	2.19947
294.478	2.18789
294.003	2.17631
293.529	2.16473
293.057	2.15314
292.587	2.14154
292.118	2.12995
291.65	2.11835
291.184	2.10675
290.72	2.09515
290.257	2.08355
289.795	2.07196
289.335	2.06036
288.877	2.04877
288.419	2.03718
287.964	2.0256
287.509	2.01402
287.057	2.00244
286.605	1.99088
286.155	1.97932
285.706	1.96777
285.259	1.95622
284.813	1.94469
284.369	1.93317
283.926	1.92166
283.484	1.91016
283.044	1.89867
282.605	1.88719
282.168	1.87573
281.731	1.86429
281.297	1.85285
280.863	1.84144
280.431	1.83004
280	1.81866
