1200	98.3183
1192.15	98.3365
1184.4	98.3547
1176.75	98.3728
1169.21	98.3908
1161.75	98.4088
1154.39	98.4267
1147.13	98.4445
1139.95	98.4622
1132.86	98.4798
1125.87	98.4974
1118.95	98.5148
1112.13	98.5322
1105.38	98.5494
1098.72	98.5666
1092.13	98.5837
1085.63	98.6006
1079.2	98.6175
1072.84	98.6342
1066.56	98.6509
1060.36	98.6674
1054.23	98.6838
1048.16	98.7002
1042.17	98.7164
1036.24	98.7325
1030.38	98.7485
1024.59	98.7644
1018.86	98.7802
1013.2	98.7959
1007.6	98.8115
1002.06	98.827
996.576	98.8423
991.156	98.8576
985.795	98.8728
980.491	98.8879
975.244	98.9029
970.053	98.9178
964.917	98.9326
959.835	98.9473
954.806	98.962
949.83	98.9765
944.905	98.991
940.031	99.0053
935.207	99.0196
930.433	99.0338
925.707	99.048
921.028	99.062
916.397	99.076
911.812	99.0899
907.273	99.1037
902.778	99.1175
898.328	99.1311
893.922	99.1448
889.559	99.1583
885.238	99.1718
880.958	99.1852
876.72	99.1985
872.523	99.2118
868.365	99.225
864.247	99.2382
860.168	99.2512
856.127	99.2643
852.124	99.2772
848.159	99.2901
844.23	99.3029
840.337	99.3156
836.48	99.3283
832.658	99.3409
828.871	99.3534
825.118	99.3659
821.399	99.3783
817.714	99.3906
814.061	99.4028
810.441	99.4149
806.853	99.427
803.296	99.439
799.771	99.4509
796.277	99.4626
792.813	99.4743
789.379	99.4859
785.974	99.4974
782.599	99.5088
779.253	99.5201
775.935	99.5313
772.645	99.5423
769.383	99.5532
766.149	99.5641
762.941	99.5747
759.761	99.5853
756.606	99.5957
753.478	99.606
750.376	99.6161
747.299	99.626
744.247	99.6359
741.22	99.6455
738.218	99.655
735.239	99.6643
732.285	99.6735
729.354	99.6825
726.447	99.6913
723.563	99.6999
720.702	99.7083
717.863	99.7165
715.046	99.7245
712.251	99.7323
709.479	99.7399
706.727	99.7473
703.997	99.7545
701.288	99.7614
698.6	99.7681
695.932	99.7746
693.285	99.7809
690.657	99.7869
688.05	99.7926
685.462	99.7982
682.893	99.8034
680.344	99.8085
677.814	99.8132
675.302	99.8177
672.809	99.822
670.334	99.826
667.878	99.8297
665.439	99.8331
663.018	99.8363
660.615	99.8392
658.229	99.8418
655.86	99.8441
653.508	99.8462
651.173	99.8479
648.854	99.8494
646.553	99.8506
644.267	99.8516
641.997	99.8522
639.744	99.8525
637.506	99.8526
635.283	99.8524
633.077	99.8518
630.885	99.851
628.709	99.8499
626.547	99.8486
624.4	99.8469
622.268	99.8449
620.151	99.8427
618.048	99.8402
615.959	99.8374
613.884	99.8343
611.823	99.8309
609.776	99.8273
607.742	99.8234
605.723	99.8192
603.716	99.8147
601.723	99.8099
599.742	99.8049
597.775	99.7996
595.821	99.7941
593.879	99.7883
591.95	99.7822
590.034	99.7759
588.13	99.7694
586.238	99.7625
584.358	99.7555
582.49	99.7482
580.634	99.7406
578.79	99.7328
576.958	99.7248
575.137	99.7165
573.328	99.7081
571.53	99.6994
569.743	99.6904
567.967	99.6813
566.203	99.6719
564.449	99.6624
562.706	99.6526
560.974	99.6426
559.253	99.6325
557.542	99.6221
555.841	99.6115
554.151	99.6008
552.471	99.5899
550.802	99.5788
549.142	99.5675
547.492	99.556
545.852	99.5444
544.222	99.5326
542.602	99.5206
540.991	99.5085
539.39	99.4962
537.798	99.4838
536.216	99.4712
534.643	99.4585
533.079	99.4457
531.524	99.4326
529.979	99.4195
528.442	99.4062
526.914	99.3928
525.395	99.3793
523.885	99.3656
522.383	99.3518
520.89	99.3379
519.405	99.3239
517.929	99.3097
516.461	99.2955
515.002	99.2811
513.551	99.2666
512.108	99.2521
510.673	99.2374
509.246	99.2226
507.827	99.2077
506.415	99.1927
505.012	99.1776
503.616	99.1624
502.229	99.1472
500.848	99.1318
499.476	99.1164
498.111	99.1008
496.753	99.0852
495.402	99.0695
494.059	99.0537
492.724	99.0378
491.395	99.0218
490.074	99.0058
488.759	98.9896
487.452	98.9734
486.152	98.9571
484.858	98.9408
483.572	98.9243
482.292	98.9078
481.019	98.8912
479.753	98.8746
478.493	98.8578
477.24	98.841
475.994	98.8241
474.754	98.8071
473.52	98.7901
472.293	98.773
471.072	98.7558
469.858	98.7386
468.649	98.7212
467.447	98.7039
466.251	98.6864
465.062	98.6689
463.878	98.6513
462.7	98.6336
461.528	98.6159
460.362	98.598
459.202	98.5802
458.048	98.5622
456.9	98.5442
455.757	98.5261
454.62	98.508
453.489	98.4898
452.363	98.4715
451.243	98.4532
450.129	98.4347
449.02	98.4163
447.916	98.3977
446.818	98.3791
445.725	98.3605
444.638	98.3417
443.556	98.3229
442.479	98.3041
441.407	98.2852
440.34	98.2662
439.279	98.2471
438.223	98.228
437.171	98.2089
436.125	98.1896
435.084	98.1704
434.048	98.151
433.017	98.1316
431.99	98.1122
430.969	98.0927
429.952	98.0731
428.94	98.0535
427.933	98.0338
426.93	98.0141
425.932	97.9944
424.939	97.9746
423.951	97.9547
422.967	97.9348
421.987	97.9149
421.012	97.8949
420.042	97.8748
419.076	97.8548
418.115	97.8346
417.158	97.8145
416.205	97.7943
415.257	97.7741
414.313	97.7538
413.373	97.7336
412.437	97.7132
411.506	97.6929
410.579	97.6725
409.656	97.6521
408.737	97.6317
407.823	97.6113
406.912	97.5908
406.005	97.5704
405.103	97.5499
404.204	97.5294
403.31	97.5089
402.419	97.4884
401.533	97.4679
400.65	97.4474
399.771	97.4268
398.896	97.4063
398.025	97.3858
397.157	97.3653
396.294	97.3448
395.434	97.3243
394.578	97.3038
393.725	97.2834
392.877	97.2629
392.031	97.2425
391.19	97.2221
390.352	97.2017
389.518	97.1813
388.687	97.161
387.86	97.1407
387.036	97.1205
386.216	97.1003
385.399	97.0801
384.586	97.06
383.776	97.0399
382.969	97.0198
382.166	96.9998
381.367	96.9799
380.57	96.96
379.777	96.9402
378.987	96.9204
378.201	96.9007
377.418	96.8811
376.638	96.8616
375.861	96.8421
375.087	96.8227
374.317	96.8033
373.55	96.7841
372.785	96.7649
372.024	96.7458
371.267	96.7268
370.512	96.7079
369.76	96.6891
369.011	96.6703
368.266	96.6517
367.523	96.6332
366.783	96.6148
366.047	96.5965
365.313	96.5783
364.582	96.5602
363.854	96.5422
363.129	96.5243
362.407	96.5066
361.688	96.4889
360.971	96.4714
360.258	96.4541
359.547	96.4368
358.839	96.4197
358.134	96.4027
357.432	96.3859
356.732	96.3692
356.035	96.3526
355.341	96.3362
354.649	96.3199
353.96	96.3038
353.274	96.2878
352.591	96.272
351.91	96.2563
351.232	96.2408
350.556	96.2254
349.883	96.2103
349.213	96.1952
348.545	96.1804
347.879	96.1657
347.217	96.1511
346.556	96.1368
345.899	96.1226
345.243	96.1086
344.591	96.0948
343.94	96.0811
343.292	96.0677
342.647	96.0544
342.004	96.0413
341.363	96.0284
340.725	96.0157
340.089	96.0032
339.456	95.9908
338.825	95.9787
338.196	95.9667
337.569	95.955
336.945	95.9435
336.324	95.9321
335.704	95.921
335.087	95.9101
334.472	95.8994
333.859	95.8888
333.249	95.8785
332.64	95.8684
332.034	95.8586
331.43	95.8489
330.829	95.8395
330.229	95.8302
329.632	95.8212
329.037	95.8124
328.444	95.8039
327.853	95.7955
327.264	95.7874
326.678	95.7795
326.093	95.7718
325.511	95.7644
324.93	95.7572
324.352	95.7502
323.776	95.7434
323.201	95.7369
322.629	95.7306
322.059	95.7246
321.491	95.7187
320.925	95.7131
320.361	95.7078
319.799	95.7027
319.238	95.6978
318.68	95.6932
318.124	95.6888
317.57	95.6846
317.017	95.6807
316.467	95.677
315.918	95.6736
315.371	95.6704
314.826	95.6675
314.284	95.6648
313.743	95.6623
313.203	95.6601
312.666	95.6581
312.13	95.6564
311.597	95.6549
311.065	95.6537
310.535	95.6527
310.007	95.652
309.48	95.6515
308.956	95.6512
308.433	95.6512
307.912	95.6515
307.392	95.652
306.875	95.6527
306.359	95.6537
305.845	95.655
305.332	95.6564
304.821	95.6582
304.312	95.6601
303.805	95.6624
303.3	95.6648
302.796	95.6675
302.293	95.6705
301.793	95.6737
301.294	95.6772
300.797	95.6809
300.301	95.6848
299.807	95.689
299.314	95.6934
298.824	95.698
298.335	95.703
297.847	95.7081
297.361	95.7135
296.877	95.7191
296.394	95.725
295.912	95.7311
295.433	95.7374
294.955	95.7439
294.478	95.7507
294.003	95.7578
293.529	95.765
293.057	95.7725
292.587	95.7803
292.118	95.7882
291.65	95.7964
291.184	95.8048
290.72	95.8134
290.257	95.8223
289.795	95.8313
289.335	95.8406
288.877	95.8502
288.419	95.8599
287.964	95.8698
287.509	95.88
287.057	95.8903
286.605	95.9009
286.155	95.9117
285.706	95.9227
285.259	95.9339
284.813	95.9453
284.369	95.9569
283.926	95.9687
283.484	95.9807
283.044	95.9929
282.605	96.0052
282.168	96.0178
281.731	96.0306
281.297	96.0435
280.863	96.0566
280.431	96.0699
280	96.0834
