1200	98.4277
1192.15	98.4297
1184.4	98.4324
1176.75	98.4357
1169.21	98.4395
1161.75	98.4438
1154.39	98.4487
1147.13	98.4541
1139.95	98.4599
1132.86	98.4662
1125.87	98.473
1118.95	98.4802
1112.13	98.4877
1105.38	98.4957
1098.72	98.504
1092.13	98.5125
1085.63	98.5214
1079.2	98.5306
1072.84	98.54
1066.56	98.5496
1060.36	98.5594
1054.23	98.5693
1048.16	98.5794
1042.17	98.5896
1036.24	98.5998
1030.38	98.6101
1024.59	98.6205
1018.86	98.6308
1013.2	98.6412
1007.6	98.6514
1002.06	98.6616
996.576	98.6718
991.156	98.6817
985.795	98.6916
980.491	98.7013
975.244	98.7108
970.053	98.7201
964.917	98.7291
959.835	98.738
954.806	98.7465
949.83	98.7548
944.905	98.7628
940.031	98.7705
935.207	98.7778
930.433	98.7848
925.707	98.7915
921.028	98.7978
916.397	98.8037
911.812	98.8093
907.273	98.8144
902.778	98.8192
898.328	98.8236
893.922	98.8275
889.559	98.831
885.238	98.8341
880.958	98.8368
876.72	98.8391
872.523	98.841
868.365	98.8424
864.247	98.8434
860.168	98.844
856.127	98.8442
852.124	98.844
848.159	98.8434
844.23	98.8424
840.337	98.841
836.48	98.8392
832.658	98.837
828.871	98.8345
825.118	98.8316
821.399	98.8284
817.714	98.8249
814.061	98.821
810.441	98.8168
806.853	98.8124
803.296	98.8076
799.771	98.8026
796.277	98.7974
792.813	98.7919
789.379	98.7862
785.974	98.7803
782.599	98.7742
779.253	98.7679
775.935	98.7615
772.645	98.755
769.383	98.7483
766.149	98.7415
762.941	98.7346
759.761	98.7277
756.606	98.7207
753.478	98.7137
750.376	98.7067
747.299	98.6996
744.247	98.6926
741.22	98.6856
738.218	98.6787
735.239	98.6718
732.285	98.665
729.354	98.6583
726.447	98.6518
723.563	98.6453
720.702	98.639
717.863	98.6329
715.046	98.6269
712.251	98.6211
709.479	98.6155
706.727	98.6101
703.997	98.6049
701.288	98.6
698.6	98.5953
695.932	98.5908
693.285	98.5866
690.657	98.5827
688.05	98.5791
685.462	98.5758
682.893	98.5727
680.344	98.57
677.814	98.5675
675.302	98.5654
672.809	98.5636
670.334	98.5621
667.878	98.561
665.439	98.5602
663.018	98.5597
660.615	98.5595
658.229	98.5597
655.86	98.5602
653.508	98.561
651.173	98.5622
648.854	98.5637
646.553	98.5655
644.267	98.5677
641.997	98.5701
639.744	98.5729
637.506	98.5761
635.283	98.5795
633.077	98.5832
630.885	98.5872
628.709	98.5915
626.547	98.5961
624.4	98.601
622.268	98.6062
620.151	98.6116
618.048	98.6172
615.959	98.6231
613.884	98.6293
611.823	98.6357
609.776	98.6422
607.742	98.649
605.723	98.656
603.716	98.6631
601.723	98.6705
599.742	98.678
597.775	98.6856
595.821	98.6934
593.879	98.7013
591.95	98.7093
590.034	98.7174
588.13	98.7256
586.238	98.7339
584.358	98.7423
582.49	98.7507
580.634	98.7591
578.79	98.7676
576.958	98.7761
575.137	98.7846
573.328	98.7931
571.53	98.8016
569.743	98.81
567.967	98.8184
566.203	98.8268
564.449	98.8351
562.706	98.8433
560.974	98.8515
559.253	98.8595
557.542	98.8674
555.841	98.8753
554.151	98.883
552.471	98.8905
550.802	98.898
549.142	98.9053
547.492	98.9124
545.852	98.9193
544.222	98.9261
542.602	98.9327
540.991	98.9392
539.39	98.9454
537.798	98.9514
536.216	98.9573
534.643	98.9629
533.079	98.9683
531.524	98.9735
529.979	98.9785
528.442	98.9832
526.914	98.9878
525.395	98.9921
523.885	98.9961
522.383	99
520.89	99.0036
519.405	99.007
517.929	99.0101
516.461	99.013
515.002	99.0157
513.551	99.0182
512.108	99.0204
510.673	99.0224
509.246	99.0242
507.827	99.0258
506.415	99.0271
505.012	99.0282
503.616	99.0292
502.229	99.0299
500.848	99.0304
499.476	99.0308
498.111	99.0309
496.753	99.0309
495.402	99.0307
494.059	99.0303
492.724	99.0297
491.395	99.029
490.074	99.0282
488.759	99.0272
487.452	99.0261
486.152	99.0248
484.858	99.0235
483.572	99.022
482.292	99.0204
481.019	99.0188
479.753	99.017
478.493	99.0152
477.24	99.0134
475.994	99.0114
474.754	99.0095
473.52	99.0075
472.293	99.0054
471.072	99.0034
469.858	99.0013
468.649	98.9993
467.447	98.9973
466.251	98.9953
465.062	98.9933
463.878	98.9914
462.7	98.9895
461.528	98.9877
460.362	98.986
459.202	98.9843
458.048	98.9827
456.9	98.9813
455.757	98.9799
454.62	98.9787
453.489	98.9776
452.363	98.9766
451.243	98.9757
450.129	98.975
449.02	98.9745
447.916	98.9741
446.818	98.9739
445.725	98.9739
444.638	98.9741
443.556	98.9744
442.479	98.975
441.407	98.9758
440.34	98.9767
439.279	98.9779
438.223	98.9793
437.171	98.981
436.125	98.9828
435.084	98.9849
434.048	98.9873
433.017	98.9899
431.99	98.9927
430.969	98.9958
429.952	98.9991
428.94	99.0027
427.933	99.0065
426.93	99.0106
425.932	99.0149
424.939	99.0195
423.951	99.0244
422.967	99.0295
421.987	99.0349
421.012	99.0405
420.042	99.0464
419.076	99.0525
418.115	99.0589
417.158	99.0656
416.205	99.0725
415.257	99.0796
414.313	99.087
413.373	99.0947
412.437	99.1025
411.506	99.1106
410.579	99.119
409.656	99.1276
408.737	99.1364
407.823	99.1454
406.912	99.1546
406.005	99.1641
405.103	99.1737
404.204	99.1835
403.31	99.1936
402.419	99.2038
401.533	99.2142
400.65	99.2248
399.771	99.2355
398.896	99.2464
398.025	99.2575
397.157	99.2687
396.294	99.28
395.434	99.2915
394.578	99.3031
393.725	99.3149
392.877	99.3267
392.031	99.3386
391.19	99.3507
390.352	99.3628
389.518	99.375
388.687	99.3873
387.86	99.3996
387.036	99.412
386.216	99.4245
385.399	99.4369
384.586	99.4495
383.776	99.462
382.969	99.4746
382.166	99.4871
381.367	99.4997
380.57	99.5123
379.777	99.5248
378.987	99.5373
378.201	99.5498
377.418	99.5623
376.638	99.5747
375.861	99.587
375.087	99.5993
374.317	99.6116
373.55	99.6237
372.785	99.6358
372.024	99.6478
371.267	99.6597
370.512	99.6715
369.76	99.6832
369.011	99.6948
368.266	99.7062
367.523	99.7176
366.783	99.7288
366.047	99.7398
365.313	99.7508
364.582	99.7615
363.854	99.7722
363.129	99.7826
362.407	99.793
361.688	99.8031
360.971	99.8131
360.258	99.8229
359.547	99.8325
358.839	99.842
358.134	99.8513
357.432	99.8603
356.732	99.8692
356.035	99.8779
355.341	99.8865
354.649	99.8948
353.96	99.9029
353.274	99.9108
352.591	99.9185
351.91	99.926
351.232	99.9333
350.556	99.9405
349.883	99.9474
349.213	99.954
348.545	99.9605
347.879	99.9668
347.217	99.9729
346.556	99.9788
345.899	99.9844
345.243	99.9899
344.591	99.9952
343.94	100
343.292	100.005
342.647	100.01
342.004	100.014
341.363	100.018
340.725	100.023
340.089	100.026
339.456	100.03
338.825	100.034
338.196	100.037
337.569	100.04
336.945	100.043
336.324	100.046
335.704	100.049
335.087	100.051
334.472	100.053
333.859	100.056
333.249	100.058
332.64	100.059
332.034	100.061
331.43	100.063
330.829	100.064
330.229	100.065
329.632	100.067
329.037	100.068
328.444	100.069
327.853	100.07
327.264	100.07
326.678	100.071
326.093	100.071
325.511	100.072
324.93	100.072
324.352	100.073
323.776	100.073
323.201	100.073
322.629	100.073
322.059	100.073
321.491	100.073
320.925	100.073
320.361	100.073
319.799	100.073
319.238	100.073
318.68	100.073
318.124	100.073
317.57	100.073
317.017	100.073
316.467	100.073
315.918	100.072
315.371	100.072
314.826	100.072
314.284	100.072
313.743	100.072
313.203	100.073
312.666	100.073
312.13	100.073
311.597	100.073
311.065	100.074
310.535	100.074
310.007	100.075
309.48	100.075
308.956	100.076
308.433	100.077
307.912	100.078
307.392	100.079
306.875	100.08
306.359	100.082
305.845	100.083
305.332	100.085
304.821	100.087
304.312	100.089
303.805	100.091
303.3	100.093
302.796	100.096
302.293	100.098
301.793	100.101
301.294	100.104
300.797	100.108
300.301	100.111
299.807	100.115
299.314	100.118
298.824	100.123
298.335	100.127
297.847	100.131
297.361	100.136
296.877	100.141
296.394	100.146
295.912	100.152
295.433	100.158
294.955	100.164
294.478	100.17
294.003	100.176
293.529	100.183
293.057	100.19
292.587	100.197
292.118	100.205
291.65	100.213
291.184	100.221
290.72	100.229
290.257	100.238
289.795	100.247
289.335	100.256
288.877	100.266
288.419	100.276
287.964	100.286
287.509	100.296
287.057	100.307
286.605	100.318
286.155	100.329
285.706	100.341
285.259	100.353
284.813	100.365
284.369	100.378
283.926	100.391
283.484	100.404
283.044	100.417
282.605	100.431
282.168	100.445
281.731	100.46
281.297	100.475
280.863	100.49
280.431	100.505
280	100.521
