1200	67.8167
1192.15	67.9082
1184.4	68.0133
1176.75	68.1296
1169.21	68.2492
1161.75	68.3628
1154.39	68.464
1147.13	68.5532
1139.95	68.6371
1132.86	68.7256
1125.87	68.8267
1118.95	68.9422
1112.13	69.0669
1105.38	69.1911
1098.72	69.3051
1092.13	69.4049
1085.63	69.4936
1079.2	69.5805
1072.84	69.6764
1066.56	69.7878
1060.36	69.9138
1054.23	70.0461
1048.16	70.1731
1042.17	70.2857
1036.24	70.3824
1030.38	70.4699
1024.59	70.5604
1018.86	70.6651
1013.2	70.7886
1007.6	70.9262
1002.06	71.0658
996.576	71.1938
991.156	71.3021
985.795	71.3928
980.491	71.4776
975.244	71.5725
970.053	71.6897
964.917	71.831
959.835	71.9854
954.806	72.1334
949.83	72.2553
944.905	72.3402
940.031	72.3912
935.207	72.4251
930.433	72.4647
925.707	72.5291
921.028	72.6251
916.397	72.7445
911.812	72.8682
907.273	72.9756
902.778	73.0548
898.328	73.1087
893.922	73.1536
889.559	73.2121
885.238	73.3015
880.958	73.4258
876.72	73.5727
872.523	73.7189
868.365	73.8408
864.247	73.9253
860.168	73.9767
856.127	74.0143
852.124	74.0644
848.159	74.1476
844.23	74.2695
840.337	74.4177
836.48	74.5677
832.658	74.6946
828.871	74.7846
825.118	74.8427
821.399	74.8899
817.714	74.9538
814.061	75.0554
810.441	75.1975
806.853	75.3629
803.296	75.5198
799.771	75.6364
796.277	75.6947
792.813	75.6998
789.379	75.679
785.974	75.6718
782.599	75.7137
779.253	75.8216
775.935	75.9867
772.645	76.178
769.383	76.354
766.149	76.4791
762.941	76.5367
759.761	76.5341
756.606	76.4988
753.478	76.466
750.376	76.4656
747.299	76.5125
744.247	76.6034
741.22	76.7225
738.218	76.85
735.239	76.972
732.285	77.0848
729.354	77.1944
726.447	77.3108
723.563	77.4414
720.702	77.5862
717.863	77.7377
715.046	77.8849
712.251	78.0189
709.479	78.1375
706.727	78.2465
703.997	78.3562
701.288	78.4766
698.6	78.6119
695.932	78.759
693.285	78.9085
690.657	79.0502
688.05	79.1775
685.462	79.2912
682.893	79.3984
680.344	79.5095
677.814	79.6324
675.302	79.7691
672.809	79.9144
670.334	80.059
667.878	80.1939
665.439	80.3147
663.018	80.4242
660.615	80.5304
658.229	80.6425
655.86	80.7669
653.508	80.9032
651.173	81.0453
648.854	81.1841
646.553	81.312
644.267	81.4268
641.997	81.5325
639.744	81.6376
637.506	81.7503
635.283	81.8748
633.077	82.0095
630.885	82.1472
628.709	82.2794
626.547	82.4002
624.4	82.509
622.268	82.6111
620.151	82.7147
618.048	82.827
615.959	82.9506
613.884	83.0821
611.823	83.2141
609.776	83.3389
607.742	83.452
605.723	83.5544
603.716	83.6522
601.723	83.7534
599.742	83.8635
597.775	83.9835
595.821	84.109
593.879	84.2325
591.95	84.3474
590.034	84.4513
588.13	84.5473
586.238	84.6424
584.358	84.7441
582.49	84.8566
580.634	84.9784
578.79	85.1035
576.958	85.2235
575.137	85.3324
573.328	85.429
571.53	85.5179
569.743	85.6071
567.967	85.7041
566.203	85.8123
564.449	85.9291
562.706	86.0475
560.974	86.159
559.253	86.2583
557.542	86.3454
555.841	86.426
554.151	86.5084
552.471	86.5997
550.802	86.7022
549.142	86.8122
547.492	86.9219
545.852	87.0231
544.222	87.1114
542.602	87.188
540.991	87.2594
539.39	87.3343
537.798	87.4188
536.216	87.514
534.643	87.615
533.079	87.7134
531.524	87.8016
529.979	87.8762
528.442	87.94
526.914	88.0006
525.395	88.0664
523.885	88.1425
522.383	88.2282
520.89	88.317
519.405	88.4
517.929	88.4702
516.461	88.5261
515.002	88.5727
513.551	88.619
512.108	88.6732
510.673	88.7388
509.246	88.8115
507.827	88.8809
506.415	88.9353
505.012	88.9665
503.616	88.975
502.229	88.9698
500.848	88.9657
499.476	88.9775
498.111	89.0132
496.753	89.0717
495.402	89.1427
494.059	89.2121
492.724	89.2678
491.395	89.3051
490.074	89.3283
488.759	89.3483
487.452	89.3772
486.152	89.4222
484.858	89.4823
483.572	89.5488
482.292	89.6094
481.019	89.6542
479.753	89.6802
478.493	89.6927
477.24	89.7028
475.994	89.722
474.754	89.7561
473.52	89.8026
472.293	89.8513
471.072	89.8888
469.858	89.9052
468.649	89.8983
467.447	89.8755
466.251	89.8504
465.062	89.8371
463.878	89.8439
462.7	89.8698
461.528	89.9048
460.362	89.935
459.202	89.9485
458.048	89.9414
456.9	89.9194
455.757	89.8952
454.62	89.8832
453.489	89.8924
452.363	89.9223
451.243	89.9625
450.129	89.9969
449.02	90.0102
447.916	89.9936
446.818	89.9489
445.725	89.887
444.638	89.8234
443.556	89.7727
442.479	89.7431
441.407	89.7341
440.34	89.7385
439.279	89.7457
438.223	89.7468
437.171	89.7377
436.125	89.7197
435.084	89.6975
434.048	89.6767
433.017	89.6605
431.99	89.6488
430.969	89.6391
429.952	89.628
428.94	89.6132
427.933	89.5948
426.93	89.574
425.932	89.5526
424.939	89.5309
423.951	89.5076
422.967	89.4807
421.987	89.449
421.012	89.4131
420.042	89.3761
419.076	89.3421
418.115	89.3138
417.158	89.2906
416.205	89.2682
415.257	89.2396
414.313	89.1988
413.373	89.1436
412.437	89.0785
411.506	89.0133
410.579	88.96
409.656	88.928
408.737	88.9198
407.823	88.9288
406.912	88.9418
406.005	88.9436
405.103	88.9235
404.204	88.8794
403.31	88.8191
402.419	88.7573
401.533	88.7096
400.65	88.6856
399.771	88.6851
398.896	88.6982
398.025	88.7095
397.157	88.7048
396.294	88.6771
395.434	88.6301
394.578	88.5765
393.725	88.5327
392.877	88.5119
392.031	88.5187
391.19	88.5471
390.352	88.5831
389.518	88.6105
388.687	88.6173
387.86	88.6004
387.036	88.5669
386.216	88.5309
385.399	88.5091
384.586	88.5147
383.776	88.5546
382.969	88.6283
382.166	88.7294
381.367	88.8477
380.57	88.9709
379.777	89.0848
378.987	89.1734
378.201	89.2186
377.418	89.2025
376.638	89.1118
375.861	88.9436
375.087	88.7095
374.317	88.4372
373.55	88.1659
372.785	87.938
372.024	87.7872
371.267	87.7286
370.512	87.7541
369.76	87.8352
369.011	87.9314
368.266	88.0045
367.523	88.0294
366.783	88.0021
366.047	87.9379
365.313	87.8638
364.582	87.8072
363.854	87.785
363.129	87.7976
362.407	87.8312
361.688	87.8641
360.971	87.877
360.258	87.8614
359.547	87.8218
358.839	87.7737
358.134	87.7354
357.432	87.7198
356.732	87.7287
356.035	87.7524
355.341	87.7746
354.649	87.7797
353.96	87.7599
353.274	87.7187
352.591	87.6687
351.91	87.6259
351.232	87.6021
350.556	87.5998
349.883	87.611
349.213	87.6212
348.545	87.6159
347.879	87.5874
347.217	87.5382
346.556	87.4797
345.899	87.4269
345.243	87.3916
344.591	87.3771
343.94	87.3765
343.292	87.3759
342.647	87.3608
342.004	87.3227
341.363	87.2626
340.725	87.1913
340.089	87.1236
339.456	87.0724
338.825	87.0425
338.196	87.0283
337.569	87.0166
336.945	86.9921
336.324	86.9446
335.704	86.8733
335.087	86.7877
334.472	86.7031
333.859	86.6344
333.249	86.5893
332.64	86.5652
332.034	86.5505
331.43	86.5293
330.829	86.4886
330.229	86.4236
329.632	86.3393
329.037	86.2483
328.444	86.1646
327.853	86.0968
327.264	86.0441
326.678	85.9961
326.093	85.9368
325.511	85.8507
324.93	85.7296
324.352	85.5756
323.776	85.4002
323.201	85.2197
322.629	85.0491
322.059	84.8971
321.491	84.7638
320.925	84.6422
320.361	84.5234
319.799	84.401
319.238	84.2746
318.68	84.1501
318.124	84.0364
317.57	83.941
317.017	83.8659
316.467	83.8062
315.918	83.7514
315.371	83.6898
314.826	83.6132
314.284	83.5202
313.743	83.4165
313.203	83.3122
312.666	83.2175
312.13	83.1382
311.597	83.0737
311.065	83.0178
310.535	82.9615
310.007	82.8978
309.48	82.8242
308.956	82.7437
308.433	82.6631
307.912	82.589
307.392	82.525
306.875	82.4691
306.359	82.4156
305.845	82.357
305.332	82.2887
304.821	82.2108
304.312	82.1287
303.805	82.0508
303.3	81.9844
302.796	81.9322
302.293	81.891
301.793	81.8525
301.294	81.8073
300.797	81.749
300.301	81.6773
299.807	81.5982
299.314	81.5219
298.824	81.4578
298.335	81.4105
297.847	81.3777
297.361	81.3514
296.877	81.3214
296.394	81.2807
295.912	81.2288
295.433	81.1728
294.955	81.1244
294.478	81.0946
294.003	81.0884
293.529	81.1017
293.057	81.1222
292.587	81.1336
292.118	81.1228
291.65	81.085
291.184	81.0265
290.72	80.9625
290.257	80.9111
289.795	80.8859
289.335	80.8906
288.877	80.9169
288.419	80.9482
287.964	80.966
287.509	80.9578
287.057	80.9222
286.605	80.8692
286.155	80.8162
285.706	80.7806
285.259	80.7727
284.813	80.7912
284.369	80.8244
283.926	80.8551
283.484	80.8679
283.044	80.8562
282.605	80.8242
282.168	80.7858
281.731	80.7577
281.297	80.7528
280.863	80.7747
280.431	80.8158
280	80.8613
