1200	3.13555
1192.15	3.0965
1184.4	3.05843
1176.75	3.02106
1169.21	2.98316
1161.75	2.94429
1154.39	2.90538
1147.13	2.86748
1139.95	2.83026
1132.86	2.79253
1125.87	2.75391
1118.95	2.71533
1112.13	2.67777
1105.38	2.6409
1098.72	2.60354
1092.13	2.56535
1085.63	2.52729
1079.2	2.49029
1072.84	2.45395
1066.56	2.41716
1060.36	2.37961
1054.23	2.34227
1048.16	2.30601
1042.17	2.27042
1036.24	2.23439
1030.38	2.19767
1024.59	2.16124
1018.86	2.12592
1013.2	2.09127
1007.6	2.05619
1002.06	2.02049
996.576	1.98514
991.156	1.95095
985.795	1.91741
980.491	1.88345
975.244	1.84892
970.053	1.81482
964.917	1.78191
959.835	1.74965
954.806	1.71695
949.83	1.68372
944.905	1.65099
940.031	1.6195
935.207	1.58864
930.433	1.5573
925.707	1.52546
921.028	1.4942
916.397	1.46422
911.812	1.43484
907.273	1.40492
902.778	1.3745
898.328	1.34476
893.922	1.31635
889.559	1.28849
885.238	1.26001
880.958	1.231
876.72	1.20276
872.523	1.17596
868.365	1.14965
864.247	1.12255
860.168	1.09488
856.127	1.06813
852.124	1.04296
848.159	1.01821
844.23	0.992411
840.337	0.965951
836.48	0.940649
832.658	0.917219
828.871	0.89406
825.118	0.869332
821.399	0.843696
817.714	0.81972
814.061	0.798242
810.441	0.77654
806.853	0.751601
803.296	0.725252
799.771	0.704541
796.277	0.69548
792.813	0.696208
789.379	0.69722
785.974	0.68909
782.599	0.670084
779.253	0.646292
775.935	0.62498
772.645	0.608512
769.383	0.594412
766.149	0.579861
762.941	0.564841
759.761	0.551049
756.606	0.539107
753.478	0.527837
750.376	0.51599
747.299	0.503726
744.247	0.492009
741.22	0.481094
738.218	0.470226
735.239	0.458755
732.285	0.446974
729.354	0.435592
726.447	0.42474
723.563	0.413893
720.702	0.402706
717.863	0.391511
715.046	0.380826
712.251	0.370649
709.479	0.360535
706.727	0.350273
703.997	0.340171
701.288	0.330577
698.6	0.32136
695.932	0.3121
693.285	0.30266
690.657	0.293323
688.05	0.284297
685.462	0.275339
682.893	0.266023
680.344	0.256268
677.814	0.246332
675.302	0.236304
672.809	0.225813
670.334	0.214398
667.878	0.202001
665.439	0.188851
663.018	0.174895
660.615	0.159575
658.229	0.142317
655.86	0.123024
653.508	0.101848
651.173	0.078494
648.854	0.0520565
646.553	0.0216785
644.267	-0.0128642
641.997	-0.051541
639.744	-0.0949478
637.506	-0.144358
635.283	-0.200566
633.077	-0.262786
630.885	-0.328818
628.709	-0.395632
626.547	-0.458111
624.4	-0.50552
622.268	-0.519109
620.151	-0.475664
618.048	-0.357933
615.959	-0.166271
613.884	0.0770911
611.823	0.335519
609.776	0.573017
607.742	0.767289
605.723	0.91344
603.716	1.01844
601.723	1.09259
599.742	1.14419
597.775	1.179
595.821	1.20179
593.879	1.21692
591.95	1.22757
590.034	1.23523
588.13	1.24036
586.238	1.24362
584.358	1.24611
582.49	1.24872
580.634	1.25149
578.79	1.25401
576.958	1.25621
575.137	1.25862
573.328	1.26177
571.53	1.26553
569.743	1.26928
567.967	1.27262
566.203	1.27566
564.449	1.27878
562.706	1.2822
560.974	1.28596
559.253	1.29008
557.542	1.29444
555.841	1.29841
554.151	1.30099
552.471	1.30165
550.802	1.30094
549.142	1.30012
547.492	1.30002
545.852	1.30049
544.222	1.30113
542.602	1.30229
540.991	1.30499
539.39	1.30969
537.798	1.31552
536.216	1.32124
534.643	1.32677
533.079	1.33327
531.524	1.3415
529.979	1.35025
528.442	1.35713
526.914	1.36107
525.395	1.36369
523.885	1.36787
522.383	1.37487
520.89	1.38326
519.405	1.39053
517.929	1.39559
516.461	1.39946
515.002	1.40395
513.551	1.4101
512.108	1.41793
510.673	1.42716
509.246	1.43753
507.827	1.4486
506.415	1.45984
505.012	1.47117
503.616	1.48308
502.229	1.49595
500.848	1.50926
499.476	1.52213
498.111	1.53451
496.753	1.5475
495.402	1.56191
494.059	1.57683
492.724	1.59057
491.395	1.60306
490.074	1.61654
488.759	1.63258
487.452	1.64852
486.152	1.6582
484.858	1.65768
483.572	1.65069
482.292	1.64722
481.019	1.65565
479.753	1.67565
478.493	1.69874
477.24	1.71601
475.994	1.72514
474.754	1.73047
473.52	1.73721
472.293	1.74658
471.072	1.75605
469.858	1.76333
468.649	1.76885
467.447	1.77489
466.251	1.78305
465.062	1.79344
463.878	1.80564
462.7	1.81971
461.528	1.83581
460.362	1.85345
459.202	1.87159
458.048	1.8896
456.9	1.90769
455.757	1.92642
454.62	1.94583
453.489	1.96546
452.363	1.98501
451.243	2.00463
450.129	2.02463
449.02	2.04496
447.916	2.06525
446.818	2.08533
445.725	2.10534
444.638	2.12549
443.556	2.14569
442.479	2.16576
441.407	2.18564
440.34	2.20548
439.279	2.22538
438.223	2.24522
437.171	2.26487
436.125	2.28436
435.084	2.3038
434.048	2.32317
433.017	2.34227
431.99	2.36104
430.969	2.37958
429.952	2.39799
428.94	2.41615
427.933	2.43384
426.93	2.45106
425.932	2.46801
424.939	2.48481
423.951	2.50128
422.967	2.51715
421.987	2.53251
421.012	2.54768
420.042	2.56277
419.076	2.57751
418.115	2.59163
417.158	2.60528
416.205	2.61887
415.257	2.63252
414.313	2.64585
413.373	2.65852
412.437	2.67081
411.506	2.68324
410.579	2.6959
409.656	2.70825
408.737	2.7199
407.823	2.73128
406.912	2.74313
406.005	2.75549
405.103	2.76753
404.204	2.77878
403.31	2.79005
402.419	2.80264
401.533	2.81655
400.65	2.83022
399.771	2.84264
398.896	2.85553
398.025	2.87283
397.157	2.89755
396.294	2.92931
395.434	2.96534
394.578	3.00361
393.725	3.04441
392.877	3.08862
392.031	3.13507
391.19	3.18021
390.352	3.22041
389.518	3.2542
388.687	3.28205
387.86	3.30478
387.036	3.32277
386.216	3.33672
385.399	3.34803
384.586	3.35797
383.776	3.36648
382.969	3.37264
382.166	3.37629
381.367	3.37855
380.57	3.38052
379.777	3.38172
378.987	3.38069
378.201	3.37701
377.418	3.37197
376.638	3.36692
375.861	3.36137
375.087	3.35355
374.317	3.34285
373.55	3.33082
372.785	3.31924
372.024	3.30775
371.267	3.29437
370.512	3.2784
369.76	3.26177
369.011	3.24692
368.266	3.23389
367.523	3.22071
366.783	3.20681
366.047	3.19489
365.313	3.18853
364.582	3.18855
363.854	3.19323
363.129	3.20219
362.407	3.21881
361.688	3.24743
360.971	3.28866
360.258	3.33906
359.547	3.39583
358.839	3.46018
358.134	3.53434
357.432	3.61585
356.732	3.69728
356.035	3.77255
355.341	3.84221
354.649	3.91007
353.96	3.97506
353.274	4.0296
352.591	4.06798
351.91	4.0947
351.232	4.12066
350.556	4.14998
349.883	4.17348
349.213	4.17908
348.545	4.16781
347.879	4.15465
347.217	4.15017
346.556	4.14347
345.899	4.11018
345.243	4.04156
344.591	3.96375
343.94	3.92234
343.292	3.94326
342.647	4.00818
342.004	4.06983
341.363	4.09203
340.725	4.07544
340.089	4.04709
339.456	4.02956
338.825	4.02309
338.196	4.01478
337.569	3.99845
336.945	3.98144
336.324	3.97393
335.704	3.97675
335.087	3.98247
334.472	3.98586
333.859	3.98957
333.249	3.99887
332.64	4.0136
332.034	4.02791
331.43	4.03731
330.829	4.04329
330.229	4.05027
329.632	4.05938
329.037	4.06753
328.444	4.07204
327.853	4.07435
327.264	4.07775
326.678	4.08253
326.093	4.08506
325.511	4.08179
324.93	4.07299
324.352	4.06164
323.776	4.04935
323.201	4.03472
322.629	4.01591
322.059	3.99354
321.491	3.97011
320.925	3.94694
320.361	3.92276
319.799	3.89584
319.238	3.86651
318.68	3.83683
318.124	3.80805
317.57	3.77923
317.017	3.74882
316.467	3.71689
315.918	3.68504
315.371	3.65434
314.826	3.62402
314.284	3.59269
313.743	3.56027
313.203	3.5281
312.666	3.49721
312.13	3.46713
311.597	3.43678
311.065	3.40616
310.535	3.3766
310.007	3.3493
309.48	3.3243
308.956	3.3012
308.433	3.28053
307.912	3.26406
307.392	3.25342
306.875	3.24883
306.359	3.24915
305.845	3.2529
305.332	3.25871
304.821	3.26488
304.312	3.26917
303.805	3.26955
303.3	3.26541
302.796	3.25765
302.293	3.24775
301.793	3.23655
301.294	3.22423
300.797	3.21083
300.301	3.19668
299.807	3.18214
299.314	3.16729
298.824	3.15203
298.335	3.13647
297.847	3.12089
297.361	3.10548
296.877	3.0902
296.394	3.07493
295.912	3.05968
295.433	3.04453
294.955	3.02953
294.478	3.01475
294.003	3.00038
293.529	2.98654
293.057	2.97293
292.587	2.95908
292.118	2.94509
291.65	2.93187
291.184	2.91998
290.72	2.90831
290.257	2.89464
289.795	2.87839
289.335	2.86282
288.877	2.85338
288.419	2.85274
287.964	2.85728
287.509	2.85945
287.057	2.85418
286.605	2.8434
286.155	2.83386
285.706	2.83067
285.259	2.83318
284.813	2.8369
284.369	2.83886
283.926	2.84031
283.484	2.84464
283.044	2.85361
282.605	2.86623
282.168	2.88083
281.731	2.89704
281.297	2.91575
280.863	2.93759
280.431	2.96245
280	2.99024
