1200	6.10578
1192.15	6.05087
1184.4	5.99445
1176.75	5.93625
1169.21	5.87721
1161.75	5.81877
1154.39	5.76191
1147.13	5.70644
1139.95	5.65117
1132.86	5.59476
1125.87	5.53662
1118.95	5.47738
1112.13	5.41841
1105.38	5.36088
1098.72	5.30493
1092.13	5.24963
1085.63	5.19359
1079.2	5.13598
1072.84	5.07708
1066.56	5.01809
1060.36	4.9603
1054.23	4.90421
1048.16	4.84916
1042.17	4.79385
1036.24	4.73721
1030.38	4.67916
1024.59	4.62068
1018.86	4.56311
1013.2	4.50724
1007.6	4.45277
1002.06	4.39853
996.576	4.34328
991.156	4.28659
985.795	4.22913
980.491	4.17223
975.244	4.11693
970.053	4.06333
964.917	4.01048
959.835	3.95705
954.806	3.90223
949.83	3.84628
944.905	3.79039
940.031	3.73584
935.207	3.6832
930.433	3.63192
925.707	3.5807
921.028	3.52836
916.397	3.47456
911.812	3.42008
907.273	3.36627
902.778	3.31425
898.328	3.2642
893.922	3.21532
889.559	3.16627
885.238	3.11601
880.958	3.06435
876.72	3.01203
872.523	2.96047
868.365	2.91129
864.247	2.86599
860.168	2.82575
856.127	2.79121
852.124	2.76226
848.159	2.73762
844.23	2.71483
840.337	2.69064
836.48	2.66212
832.658	2.62786
828.871	2.58877
825.118	2.54772
821.399	2.50825
817.714	2.47266
814.061	2.44077
810.441	2.41006
806.853	2.37711
803.296	2.33977
799.771	2.29855
796.277	2.25648
792.813	2.21733
789.379	2.18333
785.974	2.15376
782.599	2.12536
779.253	2.09447
775.935	2.05951
772.645	2.02219
769.383	1.98653
766.149	1.95628
762.941	1.93213
759.761	1.91086
756.606	1.88693
753.478	1.8559
750.376	1.81735
747.299	1.77544
744.247	1.73638
741.22	1.70431
738.218	1.67819
735.239	1.65196
732.285	1.61833
729.354	1.57397
726.447	1.52279
723.563	1.47482
720.702	1.44076
717.863	1.42544
715.046	1.4243
712.251	1.42582
709.479	1.419
706.727	1.4015
703.997	1.38291
701.288	1.37986
698.6	1.40455
695.932	1.45312
693.285	1.50142
690.657	1.51279
688.05	1.45586
685.462	1.32409
682.893	1.14611
680.344	0.979919
677.814	0.891284
675.302	0.925796
672.809	1.08769
670.334	1.33625
667.878	1.60203
665.439	1.81554
663.018	1.93453
660.615	1.95744
658.229	1.91738
655.86	1.86146
653.508	1.82682
651.173	1.82558
648.854	1.84508
646.553	1.8609
644.267	1.8539
641.997	1.82127
639.744	1.77612
637.506	1.73752
635.283	1.71804
633.077	1.7167
630.885	1.72102
628.709	1.71605
626.547	1.69411
624.4	1.6591
622.268	1.62314
620.151	1.59821
618.048	1.58847
615.959	1.58818
613.884	1.58605
611.823	1.57287
609.776	1.54741
607.742	1.51673
605.723	1.49116
603.716	1.47738
601.723	1.4743
599.742	1.47414
597.775	1.46787
595.821	1.45117
593.879	1.42707
591.95	1.40361
590.034	1.38837
588.13	1.38348
586.238	1.38448
584.358	1.3835
582.49	1.3746
580.634	1.35764
578.79	1.33814
576.958	1.32343
575.137	1.31775
573.328	1.31952
571.53	1.3226
569.743	1.32056
567.967	1.31096
566.203	1.29694
564.449	1.28493
562.706	1.2803
560.974	1.28375
559.253	1.29084
557.542	1.29499
555.841	1.29175
554.151	1.28164
552.471	1.26958
550.802	1.26155
549.142	1.26055
547.492	1.26473
545.852	1.26871
544.222	1.26723
542.602	1.25855
540.991	1.24555
539.39	1.23366
537.798	1.22728
536.216	1.22704
534.643	1.22961
533.079	1.2302
531.524	1.22587
529.979	1.21751
528.442	1.2091
526.914	1.20497
525.395	1.20687
523.885	1.21282
522.383	1.21856
520.89	1.22045
519.405	1.21787
517.929	1.21358
516.461	1.21174
515.002	1.21507
513.551	1.22308
512.108	1.23246
510.673	1.23939
509.246	1.24213
507.827	1.24214
506.415	1.24301
505.012	1.24798
503.616	1.25777
502.229	1.2702
500.848	1.28167
499.476	1.2897
498.111	1.29454
496.753	1.29895
495.402	1.30629
494.059	1.31825
492.724	1.33373
491.395	1.34966
490.074	1.36304
488.759	1.3729
487.452	1.38076
486.152	1.3894
484.858	1.40086
483.572	1.41504
482.292	1.42981
481.019	1.4427
479.753	1.45265
478.493	1.46092
477.24	1.47027
475.994	1.48312
474.754	1.49999
473.52	1.51917
472.293	1.53795
471.072	1.55451
469.858	1.56907
468.649	1.58368
467.447	1.60068
466.251	1.62105
465.062	1.64373
463.878	1.6664
462.7	1.68722
461.528	1.7061
460.362	1.72474
459.202	1.74539
458.048	1.7691
456.9	1.79497
455.757	1.82074
454.62	1.84454
453.489	1.86639
452.363	1.8884
451.243	1.91325
450.129	1.94201
449.02	1.97275
447.916	2.00098
446.818	2.02194
445.725	2.03339
444.638	2.03715
443.556	2.03842
442.479	2.04311
441.407	2.05499
440.34	2.07407
439.279	2.09722
438.223	2.12053
437.171	2.14164
436.125	2.16073
435.084	2.17963
434.048	2.19999
433.017	2.22179
431.99	2.24351
430.969	2.26358
429.952	2.28197
428.94	2.30049
427.933	2.32127
426.93	2.34444
425.932	2.36664
424.939	2.38216
423.951	2.38635
422.967	2.37983
421.987	2.37068
421.012	2.37281
420.042	2.40065
419.076	2.46253
418.115	2.55616
417.158	2.66865
416.205	2.78139
415.257	2.87744
414.313	2.94779
413.373	2.99364
412.437	3.02391
411.506	3.04973
410.579	3.079
409.656	3.11366
408.737	3.15064
407.823	3.18528
406.912	3.21476
406.005	3.23977
405.103	3.26353
404.204	3.28944
403.31	3.31885
402.419	3.3505
401.533	3.38162
400.65	3.40998
399.771	3.43519
398.896	3.45881
398.025	3.48308
397.157	3.5094
396.294	3.53754
395.434	3.56593
394.578	3.59287
393.725	3.61759
392.877	3.64069
392.031	3.66352
391.19	3.68725
390.352	3.71211
389.518	3.73734
388.687	3.76187
387.86	3.785
387.036	3.80683
386.216	3.82803
385.399	3.84927
384.586	3.87077
383.776	3.89222
382.969	3.91316
382.166	3.93334
381.367	3.95295
380.57	3.97226
379.777	3.99128
378.987	4.00944
378.201	4.02581
377.418	4.03965
376.638	4.05092
375.861	4.06047
375.087	4.06966
374.317	4.07962
373.55	4.09075
372.785	4.10256
372.024	4.11417
371.267	4.12489
370.512	4.13467
369.76	4.14403
369.011	4.15358
368.266	4.16354
367.523	4.17356
366.783	4.18305
366.047	4.19163
365.313	4.19951
364.582	4.20738
363.854	4.21595
363.129	4.22539
362.407	4.23522
361.688	4.24458
360.971	4.2529
360.258	4.2604
359.547	4.26801
358.839	4.27683
358.134	4.2874
357.432	4.29925
356.732	4.31123
356.035	4.32221
355.341	4.33194
354.649	4.34129
353.96	4.35178
353.274	4.36459
352.591	4.37972
351.91	4.39593
351.232	4.41144
350.556	4.42507
349.883	4.43708
349.213	4.44902
348.545	4.46273
347.879	4.47902
347.217	4.49683
346.556	4.51365
345.899	4.52692
345.243	4.53558
344.591	4.54091
343.94	4.54576
343.292	4.55267
342.647	4.56176
342.004	4.56986
341.363	4.57169
340.725	4.56295
340.089	4.54389
339.456	4.52161
338.825	4.50946
338.196	4.52336
337.569	4.57617
336.945	4.67225
336.324	4.80471
335.704	4.95652
335.087	5.1054
334.472	5.23057
333.859	5.31884
333.249	5.36773
332.64	5.38456
332.034	5.38223
331.43	5.37368
330.829	5.36724
330.229	5.36489
329.632	5.36342
329.037	5.35769
328.444	5.34395
327.853	5.32177
327.264	5.29368
326.678	5.26321
326.093	5.23264
325.511	5.20173
324.93	5.1681
324.352	5.12899
323.776	5.08306
323.201	5.03152
322.629	4.97781
322.059	4.92667
321.491	4.88306
320.925	4.85202
320.361	4.83938
319.799	4.85246
319.238	4.89983
318.68	4.98957
318.124	5.12627
317.57	5.30815
317.017	5.52581
316.467	5.76357
315.918	6.00315
315.371	6.22813
314.826	6.42755
314.284	6.59715
313.743	6.73808
313.203	6.85419
312.666	6.94939
312.13	7.02629
311.597	7.08642
311.065	7.13137
310.535	7.16371
310.007	7.18696
309.48	7.20467
308.956	7.21921
308.433	7.23119
307.912	7.23987
307.392	7.24432
306.875	7.24443
306.359	7.24134
305.845	7.23682
305.332	7.23222
304.821	7.22777
304.312	7.22256
303.805	7.21535
303.3	7.20554
302.796	7.1936
302.293	7.18078
301.793	7.16821
301.294	7.15617
300.797	7.14391
300.301	7.13028
299.807	7.11459
299.314	7.09713
298.824	7.07897
298.335	7.06119
297.847	7.04404
297.361	7.02679
296.877	7.00825
296.394	6.98767
295.912	6.96538
295.433	6.94252
294.955	6.92023
294.478	6.89868
294.003	6.87679
293.529	6.85294
293.057	6.82616
292.587	6.79693
292.118	6.76703
291.65	6.7383
291.184	6.71115
290.72	6.68398
290.257	6.65397
289.795	6.61906
289.335	6.57963
288.877	6.53872
288.419	6.50026
287.964	6.46611
287.509	6.4338
287.057	6.3967
286.605	6.34713
286.155	6.2809
285.706	6.2009
285.259	6.11744
284.813	6.0445
284.369	5.99361
283.926	5.9684
283.484	5.96263
283.044	5.96295
282.605	5.955
282.168	5.92977
281.731	5.88698
281.297	5.83397
280.863	5.78107
280.431	5.7361
280	5.70104
