1200	72.5448
1192.15	72.6346
1184.4	72.7263
1176.75	72.8205
1169.21	72.9169
1161.75	73.0152
1154.39	73.1144
1147.13	73.2134
1139.95	73.3114
1132.86	73.408
1125.87	73.5033
1118.95	73.5977
1112.13	73.6923
1105.38	73.788
1098.72	73.8856
1092.13	73.9854
1085.63	74.0874
1079.2	74.1909
1072.84	74.295
1066.56	74.3988
1060.36	74.5015
1054.23	74.6028
1048.16	74.7029
1042.17	74.8025
1036.24	74.9024
1030.38	75.0035
1024.59	75.1064
1018.86	75.2114
1013.2	75.3183
1007.6	75.4263
1002.06	75.5347
996.576	75.6426
991.156	75.7494
985.795	75.8551
980.491	75.9598
975.244	76.0642
970.053	76.1691
964.917	76.2752
959.835	76.3829
954.806	76.4923
949.83	76.6031
944.905	76.7146
940.031	76.8263
935.207	76.9374
930.433	77.0477
925.707	77.1572
921.028	77.2663
916.397	77.3755
911.812	77.4853
907.273	77.596
902.778	77.7078
898.328	77.8205
893.922	77.9334
889.559	78.0464
885.238	78.159
880.958	78.2714
876.72	78.384
872.523	78.4972
868.365	78.6118
864.247	78.728
860.168	78.8455
856.127	78.963
852.124	79.079
848.159	79.1913
844.23	79.2976
840.337	79.3964
836.48	79.4872
832.658	79.5709
828.871	79.6496
825.118	79.7266
821.399	79.8058
817.714	79.8905
814.061	79.9835
810.441	80.0854
806.853	80.1954
803.296	80.311
799.771	80.4283
796.277	80.5433
792.813	80.6528
789.379	80.7547
785.974	80.8491
782.599	80.9381
779.253	81.0252
775.935	81.1146
772.645	81.2102
769.383	81.3147
766.149	81.4288
762.941	81.5509
759.761	81.6777
756.606	81.8046
753.478	81.9271
750.376	82.0417
747.299	82.1469
744.247	82.2434
741.22	82.3342
738.218	82.4239
735.239	82.5175
732.285	82.6193
729.354	82.7317
726.447	82.8549
723.563	82.9863
720.702	83.1214
717.863	83.2548
715.046	83.381
712.251	83.496
709.479	83.598
706.727	83.6879
703.997	83.7687
701.288	83.8451
698.6	83.9221
695.932	84.004
693.285	84.0934
690.657	84.1905
688.05	84.2939
685.462	84.4002
682.893	84.5062
680.344	84.609
677.814	84.7076
675.302	84.8031
672.809	84.8987
670.334	84.9991
667.878	85.109
665.439	85.2321
663.018	85.3698
660.615	85.5201
658.229	85.678
655.86	85.8354
653.508	85.9829
651.173	86.111
648.854	86.2116
646.553	86.2801
644.267	86.3154
641.997	86.3207
639.744	86.3025
637.506	86.2701
635.283	86.2333
633.077	86.2014
630.885	86.1819
628.709	86.1796
626.547	86.1961
624.4	86.2307
622.268	86.2806
620.151	86.3421
618.048	86.4114
615.959	86.4856
613.884	86.5627
611.823	86.6418
609.776	86.7228
607.742	86.8061
605.723	86.892
603.716	86.9805
601.723	87.071
599.742	87.1624
597.775	87.2537
595.821	87.3438
593.879	87.4322
591.95	87.5189
590.034	87.6045
588.13	87.69
586.238	87.7763
584.358	87.8643
582.49	87.9541
580.634	88.0454
578.79	88.1372
576.958	88.2282
575.137	88.3172
573.328	88.4032
571.53	88.486
569.743	88.566
567.967	88.644
566.203	88.7214
564.449	88.7995
562.706	88.8793
560.974	88.961
559.253	89.0444
557.542	89.1283
555.841	89.2115
554.151	89.2924
552.471	89.3699
550.802	89.4434
549.142	89.5129
547.492	89.5792
545.852	89.6432
544.222	89.7061
542.602	89.7688
540.991	89.8319
539.39	89.8953
537.798	89.9586
536.216	90.021
534.643	90.0819
533.079	90.1407
531.524	90.1975
529.979	90.2528
528.442	90.3075
526.914	90.3626
525.395	90.419
523.885	90.4772
522.383	90.537
520.89	90.5979
519.405	90.6588
517.929	90.7185
516.461	90.776
515.002	90.8309
513.551	90.8833
512.108	90.9342
510.673	90.9846
509.246	91.0362
507.827	91.0899
506.415	91.1463
505.012	91.2051
503.616	91.2653
502.229	91.3252
500.848	91.3829
499.476	91.4369
498.111	91.4861
496.753	91.5307
495.402	91.5716
494.059	91.6106
492.724	91.6499
491.395	91.6914
490.074	91.7364
488.759	91.785
487.452	91.8359
486.152	91.8869
484.858	91.9347
483.572	91.9761
482.292	92.0081
481.019	92.0291
479.753	92.0388
478.493	92.0386
477.24	92.0314
475.994	92.0208
474.754	92.011
473.52	92.0054
472.293	92.0067
471.072	92.0158
469.858	92.0319
468.649	92.0528
467.447	92.0751
466.251	92.0944
465.062	92.1067
463.878	92.108
462.7	92.0955
461.528	92.0673
460.362	92.0229
459.202	91.9631
458.048	91.8896
456.9	91.805
455.757	91.7127
454.62	91.6164
453.489	91.5201
452.363	91.4279
451.243	91.3435
450.129	91.2699
449.02	91.2095
447.916	91.1634
446.818	91.1315
445.725	91.1126
444.638	91.1041
443.556	91.1028
442.479	91.1051
441.407	91.1076
440.34	91.1076
439.279	91.1033
438.223	91.0944
437.171	91.0816
436.125	91.0665
435.084	91.0512
434.048	91.0379
433.017	91.0283
431.99	91.023
430.969	91.0219
429.952	91.0237
428.94	91.0265
427.933	91.0283
426.93	91.0268
425.932	91.0208
424.939	91.0093
423.951	90.9927
422.967	90.9718
421.987	90.9481
421.012	90.9234
420.042	90.8993
419.076	90.8773
418.115	90.8584
417.158	90.8435
416.205	90.8327
415.257	90.8262
414.313	90.824
413.373	90.8257
412.437	90.8309
411.506	90.8388
410.579	90.8482
409.656	90.8574
408.737	90.8645
407.823	90.8672
406.912	90.8638
406.005	90.8528
405.103	90.834
404.204	90.8082
403.31	90.7775
402.419	90.7451
401.533	90.7145
400.65	90.6892
399.771	90.6716
398.896	90.6629
398.025	90.6623
397.157	90.6676
396.294	90.6747
395.434	90.6791
394.578	90.6767
393.725	90.6642
392.877	90.6403
392.031	90.6061
391.19	90.5645
390.352	90.5205
389.518	90.4793
388.687	90.446
387.86	90.4242
387.036	90.4154
386.216	90.4183
385.399	90.4294
384.586	90.4435
383.776	90.4548
382.969	90.4579
382.166	90.4492
381.367	90.4273
380.57	90.3935
379.777	90.3516
378.987	90.3067
378.201	90.2647
377.418	90.2304
376.638	90.2073
375.861	90.1961
375.087	90.1951
374.317	90.2005
373.55	90.2073
372.785	90.2101
372.024	90.2046
371.267	90.1884
370.512	90.1613
369.76	90.1255
369.011	90.0851
368.266	90.0451
367.523	90.0104
366.783	89.9847
366.047	89.9697
365.313	89.9651
364.582	89.9683
363.854	89.9753
363.129	89.9813
362.407	89.9822
361.688	89.975
360.971	89.9586
360.258	89.934
359.547	89.9043
358.839	89.8735
358.134	89.8464
357.432	89.8268
356.732	89.8176
356.035	89.8197
355.341	89.8321
354.649	89.852
353.96	89.8752
353.274	89.8975
352.591	89.9148
351.91	89.9238
351.232	89.923
350.556	89.9124
349.883	89.8935
349.213	89.8687
348.545	89.8414
347.879	89.8145
347.217	89.7906
346.556	89.7716
345.899	89.7577
345.243	89.7486
344.591	89.7425
343.94	89.7372
343.292	89.7298
342.647	89.7176
342.004	89.6977
341.363	89.668
340.725	89.6265
340.089	89.5721
339.456	89.5044
338.825	89.4238
338.196	89.3314
337.569	89.229
336.945	89.1191
336.324	89.0045
335.704	88.8884
335.087	88.7737
334.472	88.6631
333.859	88.5587
333.249	88.4617
332.64	88.3726
332.034	88.2909
331.43	88.2152
330.829	88.144
330.229	88.0752
329.632	88.007
329.037	87.938
328.444	87.8672
327.853	87.7942
327.264	87.7194
326.678	87.6432
326.093	87.5664
325.511	87.4897
324.93	87.4136
324.352	87.3382
323.776	87.2634
323.201	87.1886
322.629	87.1129
322.059	87.0358
321.491	86.9564
320.925	86.8746
320.361	86.7903
319.799	86.704
319.238	86.6164
318.68	86.5283
318.124	86.4406
317.57	86.3543
317.017	86.2698
316.467	86.1874
315.918	86.1068
315.371	86.0278
314.826	85.9495
314.284	85.8711
313.743	85.7919
313.203	85.7113
312.666	85.629
312.13	85.5451
311.597	85.46
311.065	85.3744
310.535	85.2895
310.007	85.2062
309.48	85.1255
308.956	85.0481
308.433	84.9741
307.912	84.9034
307.392	84.8352
306.875	84.7683
306.359	84.7014
305.845	84.633
305.332	84.5619
304.821	84.4873
304.312	84.4088
303.805	84.3269
303.3	84.2425
302.796	84.1569
302.293	84.0714
301.793	83.9874
301.294	83.9057
300.797	83.8267
300.301	83.7502
299.807	83.6752
299.314	83.6006
298.824	83.5252
298.335	83.448
297.847	83.3685
297.361	83.2871
296.877	83.2046
296.394	83.1224
295.912	83.0423
295.433	82.9658
294.955	82.8938
294.478	82.8268
294.003	82.7639
293.529	82.7035
293.057	82.6437
292.587	82.582
292.118	82.5165
291.65	82.4461
291.184	82.3708
290.72	82.2917
290.257	82.2112
289.795	82.1325
289.335	82.0589
288.877	81.9931
288.419	81.9371
287.964	81.8912
287.509	81.8543
287.057	81.8237
286.605	81.7959
286.155	81.7671
285.706	81.7338
285.259	81.6935
284.813	81.6455
284.369	81.5905
283.926	81.531
283.484	81.4704
283.044	81.4124
282.605	81.3607
282.168	81.3176
281.731	81.284
281.297	81.2594
280.863	81.2416
280.431	81.2274
280	81.2134
