1200	6.12173
1192.15	6.06585
1184.4	6.00966
1176.75	5.95282
1169.21	5.89538
1161.75	5.83777
1154.39	5.78047
1147.13	5.72371
1139.95	5.66729
1132.86	5.61074
1125.87	5.55367
1118.95	5.49603
1112.13	5.4382
1105.38	5.38066
1098.72	5.32368
1092.13	5.26715
1085.63	5.21064
1079.2	5.15373
1072.84	5.09633
1066.56	5.03871
1060.36	4.98135
1054.23	4.92457
1048.16	4.86833
1042.17	4.81224
1036.24	4.7559
1030.38	4.69913
1024.59	4.64213
1018.86	4.58536
1013.2	4.52917
1007.6	4.47359
1002.06	4.4183
996.576	4.36288
991.156	4.30711
985.795	4.25111
980.491	4.1953
975.244	4.14006
970.053	4.0855
964.917	4.03134
959.835	3.97717
954.806	3.92273
949.83	3.86807
944.905	3.81356
940.031	3.75962
935.207	3.70638
930.433	3.65367
925.707	3.60106
921.028	3.54825
916.397	3.49524
911.812	3.44235
907.273	3.39001
902.778	3.33841
898.328	3.28743
893.922	3.23667
889.559	3.18578
885.238	3.13471
880.958	3.08373
876.72	3.03328
872.523	2.98363
868.365	2.93467
864.247	2.88605
860.168	2.83737
856.127	2.78851
852.124	2.73973
848.159	2.69146
844.23	2.64402
840.337	2.59739
836.48	2.55118
832.658	2.50497
828.871	2.45857
825.118	2.4122
821.399	2.36636
817.714	2.32144
814.061	2.27745
810.441	2.234
806.853	2.19058
803.296	2.1469
799.771	2.1032
796.277	2.06005
792.813	2.01796
789.379	1.97696
785.974	1.93651
782.599	1.89581
779.253	1.85447
775.935	1.81299
772.645	1.77276
769.383	1.73554
766.149	1.70256
762.941	1.6738
759.761	1.64792
756.606	1.62279
753.478	1.59641
750.376	1.56778
747.299	1.53715
744.247	1.50558
741.22	1.47421
738.218	1.44359
735.239	1.4135
732.285	1.3833
729.354	1.35259
726.447	1.32162
723.563	1.29134
720.702	1.26295
717.863	1.23722
715.046	1.21414
712.251	1.19288
709.479	1.17223
706.727	1.15115
703.997	1.12914
701.288	1.10623
698.6	1.08276
695.932	1.05902
693.285	1.03511
690.657	1.01096
688.05	0.98655
685.462	0.962024
682.893	0.93766
680.344	0.913705
677.814	0.890198
675.302	0.866942
672.809	0.843651
670.334	0.820171
667.878	0.796614
665.439	0.773305
663.018	0.750561
660.615	0.728472
658.229	0.706829
655.86	0.68528
653.508	0.663598
651.173	0.641874
648.854	0.620503
646.553	0.599941
644.267	0.580405
641.997	0.561727
639.744	0.54347
637.506	0.525244
635.283	0.507006
633.077	0.489128
630.885	0.472166
628.709	0.456467
626.547	0.441882
624.4	0.427802
622.268	0.413507
620.151	0.398625
618.048	0.383363
615.959	0.368335
613.884	0.354066
611.823	0.340469
609.776	0.326676
607.742	0.311368
605.723	0.293444
603.716	0.272615
601.723	0.249501
599.742	0.225136
597.775	0.200161
595.821	0.174252
593.879	0.14627
591.95	0.115179
590.034	0.0813231
588.13	0.0472972
586.238	0.0178245
584.358	-0.00149018
582.49	-0.00600028
580.634	0.00644213
578.79	0.0350332
576.958	0.0768756
575.137	0.12866
573.328	0.188219
571.53	0.255088
569.743	0.329755
567.967	0.412059
566.203	0.499701
564.449	0.587802
562.706	0.669882
560.974	0.739871
559.253	0.794168
557.542	0.832759
555.841	0.858845
554.151	0.877238
552.471	0.892323
550.802	0.906572
549.142	0.920193
547.492	0.931905
545.852	0.940238
544.222	0.944634
542.602	0.945793
540.991	0.945245
539.39	0.944514
537.798	0.94442
536.216	0.944923
534.643	0.945522
533.079	0.945962
531.524	0.946814
529.979	0.949647
528.442	0.956718
526.914	0.970362
525.395	0.992375
523.885	1.02362
522.383	1.06396
520.89	1.1125
519.405	1.16789
517.929	1.22859
516.461	1.29306
515.002	1.35969
513.551	1.42676
512.108	1.49242
510.673	1.55485
509.246	1.61257
507.827	1.66474
506.415	1.71139
505.012	1.75322
503.616	1.79116
502.229	1.82583
500.848	1.85717
499.476	1.88455
498.111	1.90744
496.753	1.92619
495.402	1.94243
494.059	1.95876
492.724	1.97747
491.395	1.99907
490.074	2.02142
488.759	2.04009
487.452	2.05041
486.152	2.0501
484.858	2.04143
483.572	2.03151
482.292	2.03021
481.019	2.04636
479.753	2.08397
478.493	2.14023
477.24	2.20637
475.994	2.27114
474.754	2.32526
473.52	2.36482
472.293	2.392
471.072	2.41313
469.858	2.43506
468.649	2.46193
467.447	2.49376
466.251	2.52748
465.062	2.55931
463.878	2.58725
462.7	2.61203
461.528	2.63634
460.362	2.66299
459.202	2.69314
458.048	2.72579
456.9	2.75861
455.757	2.78953
454.62	2.81805
453.489	2.8454
452.363	2.87364
451.243	2.90428
450.129	2.93738
449.02	2.97159
447.916	3.00516
446.818	3.03704
445.725	3.06754
444.638	3.09805
443.556	3.13002
442.479	3.1641
441.407	3.19969
440.34	3.23548
439.279	3.27028
438.223	3.30383
437.171	3.33688
436.125	3.37065
435.084	3.406
434.048	3.4429
433.017	3.48052
431.99	3.51777
430.969	3.55408
429.952	3.58969
428.94	3.62547
427.933	3.6623
426.93	3.70048
425.932	3.7396
424.939	3.77883
423.951	3.8175
422.967	3.85551
421.987	3.89335
421.012	3.93176
420.042	3.97119
419.076	4.01157
418.115	4.05235
417.158	4.09293
416.205	4.13302
415.257	4.17282
414.313	4.21283
413.373	4.25351
412.437	4.29495
411.506	4.3369
410.579	4.37892
409.656	4.4207
408.737	4.46223
407.823	4.50377
406.912	4.54563
406.005	4.588
405.103	4.63081
404.204	4.67383
403.31	4.71685
402.419	4.75977
401.533	4.80265
400.65	4.84561
399.771	4.88876
398.896	4.93214
398.025	4.97575
397.157	5.01955
396.294	5.06348
395.434	5.10745
394.578	5.15135
393.725	5.1951
392.877	5.23877
392.031	5.28253
391.19	5.32665
390.352	5.37122
389.518	5.41608
388.687	5.46077
387.86	5.50485
387.036	5.54826
386.216	5.59149
385.399	5.63543
384.586	5.68072
383.776	5.7271
382.969	5.77303
382.166	5.81613
381.367	5.85417
380.57	5.88626
379.777	5.91357
378.987	5.93894
378.201	5.96569
377.418	5.99605
376.638	6.03017
375.861	6.06634
375.087	6.10213
374.317	6.13595
373.55	6.16792
372.785	6.19958
372.024	6.23255
371.267	6.26715
370.512	6.30172
369.76	6.33331
369.011	6.3594
368.266	6.3794
367.523	6.39529
366.783	6.41062
366.047	6.42871
365.313	6.4509
364.582	6.47611
363.854	6.50181
363.129	6.52576
362.407	6.54748
361.688	6.56838
360.971	6.59061
360.258	6.61533
359.547	6.64174
358.839	6.66739
358.134	6.68979
357.432	6.70804
356.732	6.72351
356.035	6.73903
355.341	6.75704
354.649	6.77798
353.96	6.80002
353.274	6.82036
352.591	6.83725
351.91	6.85129
351.232	6.86517
350.556	6.88175
349.883	6.90192
349.213	6.92357
348.545	6.94274
347.879	6.95614
347.217	6.96368
346.556	6.969
345.899	6.97741
345.243	6.99229
344.591	7.012
343.94	7.02939
343.292	7.03479
342.647	7.02088
342.004	6.98718
341.363	6.9413
340.725	6.89621
340.089	6.86484
339.456	6.85451
338.825	6.86423
338.196	6.88596
337.569	6.90895
336.945	6.92474
336.324	6.9302
335.704	6.92756
335.087	6.92167
334.472	6.91667
333.859	6.91391
333.249	6.91201
332.64	6.90858
332.034	6.90227
331.43	6.89368
330.829	6.88492
330.229	6.87821
329.632	6.8747
329.037	6.87413
328.444	6.87546
327.853	6.8776
327.264	6.87988
326.678	6.88177
326.093	6.88256
325.511	6.88132
324.93	6.87758
324.352	6.8721
323.776	6.86698
323.201	6.86453
322.629	6.86527
322.059	6.86626
321.491	6.86119
320.925	6.8428
320.361	6.8068
319.799	6.75521
319.238	6.69712
318.68	6.64587
318.124	6.6136
317.57	6.60588
317.017	6.61916
316.467	6.64238
315.918	6.66214
315.371	6.66873
314.826	6.65991
314.284	6.64075
313.743	6.61992
313.203	6.60469
312.666	6.59749
312.13	6.59558
311.597	6.59378
311.065	6.58816
310.535	6.57842
310.007	6.56769
309.48	6.56018
308.956	6.55829
308.433	6.56114
307.912	6.56529
307.392	6.56708
306.875	6.56492
306.359	6.56014
305.845	6.55582
305.332	6.55463
304.821	6.55705
304.312	6.56103
303.805	6.56342
303.3	6.56201
302.796	6.55682
302.293	6.54992
301.793	6.54394
301.294	6.54031
300.797	6.53834
300.301	6.53588
299.807	6.53083
299.314	6.52266
298.824	6.5128
298.335	6.50378
297.847	6.49758
297.361	6.49444
296.877	6.49275
296.394	6.49018
295.912	6.4851
295.433	6.47752
294.955	6.46891
294.478	6.46103
294.003	6.45474
293.529	6.44939
293.057	6.44335
292.587	6.43512
292.118	6.42437
291.65	6.41213
291.184	6.4001
290.72	6.38952
290.257	6.38036
289.795	6.37136
289.335	6.36079
288.877	6.34754
288.419	6.33171
287.964	6.3145
287.509	6.29759
287.057	6.28232
286.605	6.26943
286.155	6.25907
285.706	6.25127
285.259	6.24602
284.813	6.24314
284.369	6.24191
283.926	6.24085
283.484	6.23812
283.044	6.23227
282.605	6.22298
282.168	6.21138
281.731	6.19943
281.297	6.18887
280.863	6.18021
280.431	6.17247
280	6.16378
