1200	23.3646
1192.15	23.281
1184.4	23.1966
1176.75	23.1095
1169.21	23.0192
1161.75	22.9264
1154.39	22.8329
1147.13	22.7406
1139.95	22.65
1132.86	22.5604
1125.87	22.4698
1118.95	22.3765
1112.13	22.2799
1105.38	22.181
1098.72	22.0816
1092.13	21.9836
1085.63	21.8875
1079.2	21.7924
1072.84	21.6964
1066.56	21.5976
1060.36	21.4956
1054.23	21.3912
1048.16	21.2864
1042.17	21.1832
1036.24	21.0821
1030.38	20.9823
1024.59	20.8818
1018.86	20.7785
1013.2	20.6717
1007.6	20.5622
1002.06	20.452
996.576	20.3432
991.156	20.237
985.795	20.1328
980.491	20.0287
975.244	19.9223
970.053	19.8119
964.917	19.6973
959.835	19.5802
954.806	19.4635
949.83	19.351
944.905	19.2465
940.031	19.1529
935.207	19.072
930.433	19.0038
925.707	18.9458
921.028	18.8936
916.397	18.8409
911.812	18.7816
907.273	18.7111
902.778	18.6283
898.328	18.536
893.922	18.4398
889.559	18.3457
885.238	18.2576
880.958	18.1756
876.72	18.096
872.523	18.0135
868.365	17.9241
864.247	17.8276
860.168	17.7281
856.127	17.6322
852.124	17.5454
848.159	17.4692
844.23	17.3998
840.337	17.3293
836.48	17.2497
832.658	17.1569
828.871	17.0525
825.118	16.9434
821.399	16.8381
817.714	16.7419
814.061	16.6541
810.441	16.5683
806.853	16.4768
803.296	16.3756
799.771	16.2692
796.277	16.17
792.813	16.0939
789.379	16.0523
785.974	16.0446
782.599	16.0553
779.253	16.0575
775.935	16.0233
772.645	15.9349
769.383	15.7939
766.149	15.6229
762.941	15.4587
759.761	15.3386
756.606	15.2865
753.478	15.3034
750.376	15.3666
747.299	15.4381
744.247	15.4787
741.22	15.4617
738.218	15.3809
735.239	15.2504
732.285	15.0963
729.354	14.9452
726.447	14.8139
723.563	14.7047
720.702	14.6081
717.863	14.5096
715.046	14.398
712.251	14.2706
709.479	14.1332
706.727	13.9965
703.997	13.8695
701.288	13.7554
698.6	13.6503
695.932	13.5462
693.285	13.4355
690.657	13.3149
688.05	13.1871
685.462	13.0587
682.893	12.9363
680.344	12.823
677.814	12.7172
675.302	12.6134
672.809	12.5057
670.334	12.3911
667.878	12.2707
665.439	12.149
663.018	12.0314
660.615	11.9209
658.229	11.8169
655.86	11.7154
653.508	11.6116
651.173	11.5027
648.854	11.3888
646.553	11.2734
644.267	11.1609
641.997	11.0543
639.744	10.9535
637.506	10.8554
635.283	10.7562
633.077	10.6528
630.885	10.5453
628.709	10.4361
626.547	10.3291
624.4	10.2272
622.268	10.1305
620.151	10.0368
618.048	9.94254
615.959	9.84507
613.884	9.74393
611.823	9.64119
609.776	9.54014
607.742	9.44349
605.723	9.35178
603.716	9.2632
601.723	9.17463
599.742	9.08348
597.775	8.9891
595.821	8.89314
593.879	8.79856
591.95	8.70794
590.034	8.62201
588.13	8.53932
586.238	8.45709
584.358	8.37281
582.49	8.28565
580.634	8.19694
578.79	8.10935
576.958	8.02539
575.137	7.94597
573.328	7.86996
571.53	7.79485
569.743	7.71818
567.967	7.639
566.203	7.55833
564.449	7.4786
562.706	7.40225
560.974	7.33036
559.253	7.26211
557.542	7.19525
555.841	7.12748
554.151	7.05779
552.471	6.98706
550.802	6.91761
549.142	6.85195
547.492	6.79131
545.852	6.73499
544.222	6.68061
542.602	6.62535
540.991	6.56726
539.39	6.50615
537.798	6.44345
536.216	6.38122
534.643	6.32101
533.079	6.26303
531.524	6.20627
529.979	6.14931
528.442	6.09138
526.914	6.03293
525.395	5.97551
523.885	5.92089
522.383	5.87003
520.89	5.82247
519.405	5.77655
517.929	5.73034
516.461	5.68268
515.002	5.63391
513.551	5.58562
512.108	5.53981
510.673	5.49773
509.246	5.4592
507.827	5.4227
506.415	5.38622
505.012	5.34844
503.616	5.30948
502.229	5.27082
500.848	5.23452
499.476	5.20201
498.111	5.17333
496.753	5.14705
495.402	5.12111
494.059	5.09399
492.724	5.06558
491.395	5.03727
490.074	5.01121
488.759	4.98907
487.452	4.97111
486.152	4.956
484.858	4.94154
483.572	4.92592
482.292	4.90879
481.019	4.89152
479.753	4.8765
478.493	4.86581
477.24	4.85999
475.994	4.85768
474.754	4.85626
473.52	4.85333
472.293	4.84819
471.072	4.84251
469.858	4.83981
468.649	4.84385
467.447	4.85677
466.251	4.87798
465.062	4.90423
463.878	4.93113
462.7	4.95515
461.528	4.97533
460.362	4.99361
459.202	5.01376
458.048	5.03924
456.9	5.07127
455.757	5.10801
454.62	5.14546
453.489	5.1797
452.363	5.20933
451.243	5.23694
450.129	5.26853
449.02	5.31109
447.916	5.36911
446.818	5.44174
445.725	5.52188
444.638	5.59789
443.556	5.65738
442.479	5.69158
441.407	5.69854
440.34	5.68379
439.279	5.65824
438.223	5.63415
437.171	5.62091
436.125	5.62224
435.084	5.63586
434.048	5.65551
433.017	5.6742
431.99	5.68713
430.969	5.69325
429.952	5.69478
428.94	5.69537
427.933	5.69798
426.93	5.70349
425.932	5.7107
424.939	5.71735
423.951	5.72167
422.967	5.7233
421.987	5.72336
421.012	5.72359
420.042	5.72524
419.076	5.72841
418.115	5.73218
417.158	5.73532
416.205	5.73728
415.257	5.73851
414.313	5.74016
413.373	5.74323
412.437	5.74782
411.506	5.75293
410.579	5.75719
409.656	5.75987
408.737	5.76157
407.823	5.7641
406.912	5.76932
406.005	5.77768
405.103	5.7874
404.204	5.795
403.31	5.79705
402.419	5.79236
401.533	5.78298
400.65	5.77318
399.771	5.76627
398.896	5.76093
398.025	5.74919
397.157	5.71805
396.294	5.65515
395.434	5.5566
394.578	5.43357
393.725	5.31383
392.877	5.23618
392.031	5.23875
391.19	5.34502
390.352	5.55344
389.518	5.83527
388.687	6.14251
387.86	6.42341
387.036	6.63943
386.216	6.77697
385.399	6.84873
384.586	6.88428
383.776	6.91417
382.969	6.95477
382.166	7.00081
381.367	7.02925
380.57	7.01267
379.777	6.93614
378.987	6.80943
378.201	6.66856
377.418	6.56526
376.638	6.54836
375.861	6.64497
375.087	6.84931
374.317	7.12408
373.55	7.41367
372.785	7.66374
372.024	7.83909
371.267	7.93292
370.512	7.96458
369.76	7.96779
369.011	7.97526
368.266	8.00633
367.523	8.06239
366.783	8.13077
366.047	8.19414
365.313	8.24024
364.582	8.26745
363.854	8.28417
363.129	8.30323
362.407	8.33476
361.688	8.38129
360.971	8.43733
360.258	8.49304
359.547	8.53989
358.839	8.57493
358.134	8.60188
357.432	8.62858
356.732	8.66255
356.035	8.70703
355.341	8.75972
354.649	8.81436
353.96	8.86441
353.274	8.90649
352.591	8.94195
351.91	8.97585
351.232	9.01398
350.556	9.05978
349.883	9.11269
349.213	9.16871
348.545	9.22276
347.879	9.27148
347.217	9.31486
346.556	9.35611
345.899	9.39969
345.243	9.4489
344.591	9.50421
343.94	9.56315
343.292	9.62185
342.647	9.67718
342.004	9.72838
341.363	9.77734
340.725	9.82744
340.089	9.88166
339.456	9.94104
338.825	10.0042
338.196	10.0683
337.569	10.1305
336.945	10.1896
336.324	10.2468
335.704	10.3043
335.087	10.3649
334.472	10.4297
333.859	10.4983
333.249	10.5684
332.64	10.6377
332.034	10.705
331.43	10.7705
330.829	10.836
330.229	10.9036
329.632	10.9747
329.037	11.0491
328.444	11.1253
327.853	11.2014
327.264	11.2761
326.678	11.3493
326.093	11.4222
325.511	11.4963
324.93	11.5731
324.352	11.6524
323.776	11.7336
323.201	11.8149
322.629	11.8952
322.059	11.9742
321.491	12.0526
320.925	12.1316
320.361	12.2123
319.799	12.2951
319.238	12.3793
318.68	12.4639
318.124	12.548
317.57	12.6311
317.017	12.7137
316.467	12.7966
315.918	12.8806
315.371	12.9662
314.826	13.0531
314.284	13.1407
313.743	13.2285
313.203	13.3164
312.666	13.4047
312.13	13.494
311.597	13.5849
311.065	13.6774
310.535	13.7711
310.007	13.865
309.48	13.9586
308.956	14.0511
308.433	14.1424
307.912	14.2327
307.392	14.3222
306.875	14.4112
306.359	14.5004
305.845	14.5911
305.332	14.685
304.821	14.7843
304.312	14.8906
303.805	15.0045
303.3	15.1249
302.796	15.2489
302.293	15.3725
301.793	15.4919
301.294	15.6046
300.797	15.7103
300.301	15.8105
299.807	15.9081
299.314	16.0058
298.824	16.1056
298.335	16.2075
297.847	16.3105
297.361	16.4131
296.877	16.5139
296.394	16.6129
295.912	16.7106
295.433	16.8082
294.955	16.9066
294.478	17.0059
294.003	17.1056
293.529	17.2049
293.057	17.3031
292.587	17.4003
292.118	17.4968
291.65	17.5934
291.184	17.6903
290.72	17.7875
290.257	17.8843
289.795	17.98
289.335	18.0744
288.877	18.1681
288.419	18.2621
287.964	18.3571
287.509	18.4534
287.057	18.55
286.605	18.6449
286.155	18.7353
285.706	18.8191
285.259	18.895
284.813	18.9633
284.369	19.0257
283.926	19.0846
283.484	19.1423
283.044	19.2005
282.605	19.2604
282.168	19.3219
281.731	19.3848
281.297	19.4483
280.863	19.5119
280.431	19.5748
280	19.6366
