1200	4.84304
1192.15	4.79253
1184.4	4.74306
1176.75	4.69407
1169.21	4.64421
1161.75	4.59316
1154.39	4.54201
1147.13	4.49187
1139.95	4.44246
1132.86	4.39243
1125.87	4.34117
1118.95	4.28963
1112.13	4.23905
1105.38	4.18942
1098.72	4.13944
1092.13	4.08827
1085.63	4.03662
1079.2	3.98586
1072.84	3.93624
1066.56	3.88658
1060.36	3.8358
1054.23	3.78437
1048.16	3.73371
1042.17	3.68437
1036.24	3.6353
1030.38	3.58523
1024.59	3.53435
1018.86	3.48409
1013.2	3.43531
1007.6	3.38713
1002.06	3.3381
996.576	3.28811
991.156	3.23855
985.795	3.19058
980.491	3.14356
975.244	3.09589
970.053	3.04709
964.917	2.99849
959.835	2.95155
954.806	2.90594
949.83	2.8599
944.905	2.81256
940.031	2.76512
935.207	2.71936
930.433	2.67533
925.707	2.63116
921.028	2.58548
916.397	2.53929
911.812	2.49477
907.273	2.45246
902.778	2.41039
898.328	2.36653
893.922	2.32156
889.559	2.27822
885.238	2.23778
880.958	2.19812
876.72	2.15619
872.523	2.11208
868.365	2.06945
864.247	2.03098
860.168	1.99419
856.127	1.95349
852.124	1.90748
848.159	1.86353
844.23	1.83327
840.337	1.82198
836.48	1.82213
832.658	1.818
828.871	1.79784
825.118	1.76219
821.399	1.72142
817.714	1.68573
814.061	1.65771
810.441	1.63326
806.853	1.60804
803.296	1.5818
799.771	1.55711
796.277	1.53535
792.813	1.51511
789.379	1.49414
785.974	1.47199
782.599	1.44995
779.253	1.42909
775.935	1.40884
772.645	1.38795
769.383	1.36604
766.149	1.34399
762.941	1.32263
759.761	1.30179
756.606	1.28068
753.478	1.25901
750.376	1.23729
747.299	1.21611
744.247	1.19534
741.22	1.1744
738.218	1.15302
735.239	1.13148
732.285	1.1101
729.354	1.08866
726.447	1.06662
723.563	1.04378
720.702	1.02029
717.863	0.996203
715.046	0.971074
712.251	0.944302
709.479	0.915693
706.727	0.88537
703.997	0.853094
701.288	0.81796
698.6	0.779018
695.932	0.73601
693.285	0.689078
690.657	0.637644
688.05	0.580045
685.462	0.51476
682.893	0.441975
680.344	0.363477
677.814	0.281172
675.302	0.197309
672.809	0.118658
670.334	0.0619648
667.878	0.0539022
665.439	0.121092
663.018	0.27425
660.615	0.497522
658.229	0.752166
655.86	0.993435
653.508	1.18945
651.173	1.33006
648.854	1.42244
646.553	1.47987
644.267	1.5133
641.997	1.52952
639.744	1.53343
637.506	1.52964
635.283	1.52182
633.077	1.5117
630.885	1.49954
628.709	1.48569
626.547	1.47125
624.4	1.45733
622.268	1.44405
620.151	1.4308
618.048	1.41728
615.959	1.40401
613.884	1.39174
611.823	1.38047
609.776	1.36956
607.742	1.35852
605.723	1.34772
603.716	1.33782
601.723	1.32894
599.742	1.32049
597.775	1.31193
595.821	1.30347
593.879	1.29574
591.95	1.289
590.034	1.28278
588.13	1.27647
586.238	1.27012
584.358	1.26436
582.49	1.25956
580.634	1.25536
578.79	1.25114
576.958	1.2468
575.137	1.2429
573.328	1.23994
571.53	1.23771
569.743	1.23553
567.967	1.23318
566.203	1.23115
564.449	1.23006
562.706	1.22981
560.974	1.22974
559.253	1.22947
557.542	1.2294
555.841	1.23027
554.151	1.23215
552.471	1.23434
550.802	1.23629
549.142	1.23834
547.492	1.24136
545.852	1.2456
544.222	1.25032
542.602	1.2547
540.991	1.25899
539.39	1.26435
537.798	1.27132
536.216	1.27884
534.643	1.28518
533.079	1.28995
531.524	1.29473
529.979	1.3014
528.442	1.30961
526.914	1.31651
525.395	1.31922
523.885	1.31767
522.383	1.31473
520.89	1.31353
519.405	1.31468
517.929	1.31634
516.461	1.31669
515.002	1.31598
513.551	1.31597
512.108	1.3178
510.673	1.32092
509.246	1.32432
507.827	1.32823
506.415	1.33407
505.012	1.34255
503.616	1.3524
502.229	1.36149
500.848	1.36927
499.476	1.37754
498.111	1.38846
496.753	1.40179
495.402	1.41457
494.059	1.42384
492.724	1.42933
491.395	1.43339
490.074	1.43829
488.759	1.44423
487.452	1.45033
486.152	1.45716
484.858	1.4671
483.572	1.48143
482.292	1.49714
481.019	1.50774
479.753	1.50842
478.493	1.50113
477.24	1.49423
475.994	1.49633
474.754	1.50971
473.52	1.52905
472.293	1.54633
471.072	1.55712
469.858	1.56278
468.649	1.56745
467.447	1.57376
466.251	1.58137
465.062	1.58892
463.878	1.59639
462.7	1.60524
461.528	1.61654
460.362	1.62966
459.202	1.64303
458.048	1.65581
456.9	1.66859
455.757	1.68241
454.62	1.69742
453.489	1.71287
452.363	1.72813
451.243	1.74355
450.129	1.76006
449.02	1.77809
447.916	1.79717
446.818	1.81656
445.725	1.83619
444.638	1.85659
443.556	1.8782
442.479	1.90074
441.407	1.92348
440.34	1.94605
439.279	1.96875
438.223	1.99204
437.171	2.01592
436.125	2.03986
435.084	2.06337
434.048	2.0865
433.017	2.10969
431.99	2.13321
430.969	2.15681
429.952	2.17999
428.94	2.20246
427.933	2.22444
426.93	2.24637
425.932	2.26849
424.939	2.29047
423.951	2.31152
422.967	2.33098
421.987	2.34897
421.012	2.36656
420.042	2.3853
419.076	2.406
418.115	2.42784
417.158	2.44881
416.205	2.4671
415.257	2.4826
414.313	2.4969
413.373	2.5118
412.437	2.52779
411.506	2.54395
410.579	2.55918
409.656	2.57351
408.737	2.58782
407.823	2.60269
406.912	2.61753
406.005	2.63122
405.103	2.64343
404.204	2.65505
403.31	2.66734
402.419	2.68081
401.533	2.69527
400.65	2.711
399.771	2.72968
398.896	2.75399
398.025	2.78642
397.157	2.82861
396.294	2.88166
395.434	2.94648
394.578	3.02297
393.725	3.10863
392.877	3.19805
392.031	3.28458
391.19	3.3629
390.352	3.43067
389.518	3.48803
388.687	3.53602
387.86	3.57563
387.036	3.60801
386.216	3.63497
385.399	3.65857
384.586	3.6802
383.776	3.70015
382.969	3.71828
382.166	3.7349
381.367	3.75085
380.57	3.76673
379.777	3.78232
378.987	3.79703
378.201	3.81065
377.418	3.82369
376.638	3.83665
375.861	3.84939
375.087	3.86129
374.317	3.87198
373.55	3.8818
372.785	3.8913
372.024	3.90051
371.267	3.90893
370.512	3.91619
369.76	3.92248
369.011	3.92832
368.266	3.93393
367.523	3.93919
366.783	3.94402
366.047	3.94871
365.313	3.9535
364.582	3.95815
363.854	3.96231
363.129	3.96674
362.407	3.97387
361.688	3.98702
360.971	4.00871
360.258	4.03983
359.547	4.08031
358.839	4.13024
358.134	4.18972
357.432	4.25765
356.732	4.33083
356.035	4.40491
355.341	4.4763
354.649	4.54321
353.96	4.60465
353.274	4.65894
352.591	4.7035
351.91	4.73642
351.232	4.75793
350.556	4.77035
349.883	4.77661
349.213	4.77903
348.545	4.77935
347.879	4.77902
347.217	4.77874
346.556	4.77763
345.899	4.77342
345.243	4.76425
344.591	4.75042
343.94	4.73404
343.292	4.71704
342.647	4.69948
342.004	4.68022
341.363	4.65896
340.725	4.63695
340.089	4.61554
339.456	4.59437
338.825	4.57162
338.196	4.54617
337.569	4.51903
336.945	4.49218
336.324	4.46617
335.704	4.43947
335.087	4.41055
334.472	4.38014
333.859	4.35099
333.249	4.3253
332.64	4.3032
332.034	4.28441
331.43	4.27108
330.829	4.26809
330.229	4.27974
329.632	4.30584
329.037	4.34125
328.444	4.37879
327.853	4.41248
327.264	4.43808
326.678	4.45203
326.093	4.45167
325.511	4.43712
324.93	4.4122
324.352	4.38223
323.776	4.35018
323.201	4.31544
322.629	4.27659
322.059	4.23471
321.491	4.19334
320.925	4.1548
320.361	4.11776
319.799	4.07918
319.238	4.03852
318.68	3.99885
318.124	3.96339
317.57	3.9316
317.017	3.8999
316.467	3.86645
315.918	3.83395
315.371	3.80676
314.826	3.7857
314.284	3.76707
313.743	3.74761
313.203	3.7292
312.666	3.71733
312.13	3.71461
311.597	3.71756
311.065	3.72105
310.535	3.72542
310.007	3.73699
309.48	3.76065
308.956	3.79334
308.433	3.82727
307.912	3.85965
307.392	3.89698
306.875	3.94726
306.359	4.00865
305.845	4.06913
305.332	4.11975
304.821	4.16616
304.312	4.2225
303.805	4.29143
303.3	4.35313
302.796	4.38065
302.293	4.37069
301.793	4.35782
301.294	4.39218
300.797	4.49671
300.301	4.64335
299.807	4.77243
299.314	4.83868
298.824	4.84241
298.335	4.8197
297.847	4.80556
297.361	4.80655
296.877	4.80559
296.394	4.78705
295.912	4.75352
295.433	4.71934
294.955	4.69298
294.478	4.6695
294.003	4.63954
293.529	4.60189
293.057	4.5648
292.587	4.53613
292.118	4.51523
291.65	4.4957
291.184	4.47445
290.72	4.45546
290.257	4.4444
289.795	4.44142
289.335	4.44076
288.877	4.43718
288.419	4.43088
287.964	4.42535
287.509	4.42158
287.057	4.41601
286.605	4.40457
286.155	4.38728
285.706	4.36793
285.259	4.34937
284.813	4.33052
284.369	4.30852
283.926	4.28286
283.484	4.25645
283.044	4.23246
282.605	4.21126
282.168	4.1911
281.731	4.17132
281.297	4.15391
280.863	4.14148
280.431	4.13457
280	4.13154
