1200	98.4312
1192.15	98.4509
1184.4	98.4671
1176.75	98.4861
1169.21	98.5106
1161.75	98.5355
1154.39	98.5552
1147.13	98.5711
1139.95	98.5897
1132.86	98.6138
1125.87	98.6384
1118.95	98.658
1112.13	98.6736
1105.38	98.6917
1098.72	98.7152
1092.13	98.7396
1085.63	98.7589
1079.2	98.7742
1072.84	98.7917
1066.56	98.8147
1060.36	98.8387
1054.23	98.8577
1048.16	98.8725
1042.17	98.8894
1036.24	98.9117
1030.38	98.9353
1024.59	98.954
1018.86	98.9683
1013.2	98.9844
1007.6	99.006
1002.06	99.0291
996.576	99.0474
991.156	99.061
985.795	99.0764
980.491	99.0972
975.244	99.1198
970.053	99.1376
964.917	99.1506
959.835	99.165
954.806	99.1851
949.83	99.207
944.905	99.2243
940.031	99.2366
935.207	99.2501
930.433	99.2693
925.707	99.2906
921.028	99.3074
916.397	99.3188
911.812	99.3313
907.273	99.3496
902.778	99.3703
898.328	99.3864
893.922	99.3971
889.559	99.4085
885.238	99.4258
880.958	99.4458
876.72	99.4613
872.523	99.4711
868.365	99.4814
864.247	99.4977
860.168	99.517
856.127	99.5318
852.124	99.5405
848.159	99.5496
844.23	99.5649
840.337	99.5834
836.48	99.5975
832.658	99.6052
828.871	99.613
825.118	99.627
821.399	99.6448
817.714	99.6582
814.061	99.6647
810.441	99.671
806.853	99.6839
803.296	99.7009
799.771	99.7134
796.277	99.7186
792.813	99.7233
789.379	99.7349
785.974	99.751
782.599	99.7627
779.253	99.7665
775.935	99.7694
772.645	99.7795
769.383	99.7949
766.149	99.8057
762.941	99.8078
759.761	99.8087
756.606	99.8173
753.478	99.8319
750.376	99.8418
747.299	99.8421
744.247	99.8407
741.22	99.8477
738.218	99.8616
735.239	99.8705
732.285	99.8688
729.354	99.8647
726.447	99.8701
723.563	99.8834
720.702	99.8915
717.863	99.8873
715.046	99.8802
712.251	99.8839
709.479	99.8972
706.727	99.9045
703.997	99.8969
701.288	99.886
698.6	99.8886
695.932	99.9033
693.285	99.91
690.657	99.8967
688.05	99.879
685.462	99.8821
682.893	99.9056
680.344	99.9183
677.814	99.8942
675.302	99.8493
672.809	99.8292
670.334	99.8569
667.878	99.9029
665.439	99.9165
663.018	99.8836
660.615	99.8423
658.229	99.8368
655.86	99.8648
653.508	99.8832
651.173	99.8628
648.854	99.8241
646.553	99.8104
644.267	99.832
641.997	99.8543
639.744	99.8417
637.506	99.8031
635.283	99.78
633.077	99.7935
630.885	99.8178
628.709	99.8134
626.547	99.7773
624.4	99.7459
622.268	99.7487
620.151	99.7708
618.048	99.7728
615.959	99.7414
613.884	99.7053
611.823	99.698
609.776	99.7151
607.742	99.721
605.723	99.6951
603.716	99.6575
601.723	99.6423
599.742	99.6537
597.775	99.6617
595.821	99.6412
593.879	99.6042
591.95	99.5831
590.034	99.5891
588.13	99.5981
586.238	99.583
584.358	99.5482
582.49	99.5235
580.634	99.5249
578.79	99.5348
576.958	99.5256
575.137	99.4957
573.328	99.4708
571.53	99.4703
569.743	99.4827
567.967	99.4812
566.203	99.4582
564.449	99.4343
562.706	99.4304
560.974	99.4406
559.253	99.4404
557.542	99.419
555.841	99.3924
554.151	99.3819
552.471	99.3869
550.802	99.3868
549.142	99.369
547.492	99.3449
545.852	99.3346
544.222	99.3402
542.602	99.3438
540.991	99.3324
539.39	99.3155
537.798	99.3128
536.216	99.3275
534.643	99.3419
533.079	99.3394
531.524	99.3264
529.979	99.324
528.442	99.3415
526.914	99.3647
525.395	99.3745
523.885	99.3713
522.383	99.3736
520.89	99.3949
519.405	99.4272
517.929	99.4527
516.461	99.4674
515.002	99.4859
513.551	99.5233
512.108	99.5763
510.673	99.6281
509.246	99.6693
507.827	99.7074
506.415	99.7544
505.012	99.8075
503.616	99.8464
502.229	99.8485
500.848	99.8028
499.476	99.7087
498.111	99.5666
496.753	99.3762
495.402	99.1444
494.059	98.8921
492.724	98.649
491.395	98.4387
490.074	98.2701
488.759	98.1384
487.452	98.0347
486.152	97.9524
484.858	97.8891
483.572	97.8445
482.292	97.816
481.019	97.7972
479.753	97.7802
478.493	97.7618
477.24	97.7471
475.994	97.7436
474.754	97.7497
473.52	97.7532
472.293	97.744
471.072	97.7293
469.858	97.7301
468.649	97.7579
467.447	97.7974
466.251	97.8186
465.062	97.8092
463.878	97.7902
462.7	97.7916
461.528	97.8162
460.362	97.8336
459.202	97.816
458.048	97.7739
456.9	97.747
455.757	97.7593
454.62	97.7904
453.489	97.8009
452.363	97.7799
451.243	97.7572
450.129	97.765
449.02	97.7961
447.916	97.8128
446.818	97.795
445.725	97.7666
444.638	97.7654
443.556	97.7938
442.479	97.8135
441.407	97.7933
440.34	97.7499
439.279	97.7291
438.223	97.7486
437.171	97.7753
436.125	97.7655
435.084	97.72
434.048	97.6827
433.017	97.6863
431.99	97.7109
430.969	97.7096
429.952	97.6687
428.94	97.6249
427.933	97.6193
426.93	97.6452
425.932	97.6572
424.939	97.6288
423.951	97.5862
422.967	97.5748
421.987	97.6007
421.012	97.6234
420.042	97.6077
419.076	97.5686
418.115	97.5518
417.158	97.5747
416.205	97.6044
415.257	97.5997
414.313	97.5644
413.373	97.5419
412.437	97.5592
411.506	97.5921
410.579	97.5967
409.656	97.5655
408.737	97.5372
407.823	97.5465
406.912	97.5792
406.005	97.5908
405.103	97.5635
404.204	97.529
403.31	97.5274
402.419	97.5548
401.533	97.5686
400.65	97.542
399.771	97.4979
398.896	97.4788
398.025	97.4915
397.157	97.4979
396.294	97.4647
395.434	97.4064
394.578	97.3668
393.725	97.3634
392.877	97.3658
392.031	97.3368
391.19	97.2816
390.352	97.242
389.518	97.2427
388.687	97.2599
387.86	97.2522
387.036	97.2144
386.216	97.1833
385.399	97.1899
384.586	97.2187
383.776	97.2277
382.969	97.2026
382.166	97.1751
381.367	97.181
380.57	97.2139
379.777	97.2336
378.987	97.2181
378.201	97.1922
377.418	97.1949
376.638	97.2284
375.861	97.2557
375.087	97.2487
374.317	97.2248
373.55	97.2237
372.785	97.2558
372.024	97.2886
371.267	97.2892
370.512	97.2673
369.76	97.262
369.011	97.2905
368.266	97.3257
367.523	97.3312
366.783	97.3092
366.047	97.2969
365.313	97.3174
364.582	97.3483
363.854	97.3509
363.129	97.3205
362.407	97.2921
361.688	97.2936
360.971	97.3072
360.258	97.2913
359.547	97.2356
358.839	97.1761
358.134	97.1495
357.432	97.1438
356.732	97.1113
356.035	97.0295
355.341	96.9334
354.649	96.877
353.96	96.8701
353.274	96.8687
352.591	96.8314
351.91	96.7688
351.232	96.7273
350.556	96.7283
349.883	96.743
349.213	96.731
348.545	96.6926
347.879	96.6665
347.217	96.6781
346.556	96.7065
345.899	96.712
345.243	96.6868
344.591	96.6626
343.94	96.6679
343.292	96.6925
342.647	96.7052
342.004	96.697
341.363	96.6904
340.725	96.7019
340.089	96.7131
339.456	96.6944
338.825	96.6528
338.196	96.6348
337.569	96.6731
336.945	96.7398
336.324	96.772
335.704	96.7444
335.087	96.7006
334.472	96.7006
333.859	96.7484
333.249	96.7883
332.64	96.7762
332.034	96.736
331.43	96.7287
330.829	96.7736
330.229	96.8211
329.632	96.8151
329.037	96.7649
328.444	96.7363
327.853	96.7692
327.264	96.8267
326.678	96.8403
326.093	96.7962
325.511	96.7533
324.93	96.7699
324.352	96.8307
323.776	96.8656
323.201	96.8377
322.629	96.7891
322.059	96.7875
321.491	96.8408
320.925	96.8881
320.361	96.877
319.799	96.829
319.238	96.8118
318.68	96.8529
318.124	96.9056
317.57	96.9091
317.017	96.8651
316.467	96.8349
315.918	96.8609
315.371	96.9132
314.826	96.9288
314.284	96.8913
313.743	96.8515
313.203	96.8614
312.666	96.9092
312.13	96.9348
311.597	96.9069
311.065	96.8618
310.535	96.8565
310.007	96.8962
309.48	96.9293
308.956	96.9136
308.433	96.8691
307.912	96.8513
307.392	96.8805
306.875	96.9178
306.359	96.9157
305.845	96.8779
305.332	96.8523
304.821	96.8694
304.312	96.9057
303.805	96.9159
303.3	96.8911
302.796	96.8658
302.293	96.8713
301.793	96.8959
301.294	96.9051
300.797	96.8898
300.301	96.8778
299.807	96.8938
299.314	96.9236
298.824	96.9322
298.335	96.9123
297.847	96.8966
297.361	96.915
296.877	96.9529
296.394	96.9669
295.912	96.9416
295.433	96.9122
294.955	96.9221
294.478	96.9653
294.003	96.9901
293.529	96.963
293.057	96.9127
292.587	96.8986
292.118	96.9392
291.65	96.9891
291.184	96.9938
290.72	96.9552
290.257	96.9278
289.795	96.9511
289.335	97.0024
288.877	97.0259
288.419	97.0018
287.964	96.9681
287.509	96.9719
287.057	97.012
286.605	97.0422
286.155	97.0298
285.706	96.9933
285.259	96.9769
284.813	96.9959
284.369	97.0216
283.926	97.02
283.484	96.9932
283.044	96.9725
282.605	96.978
282.168	96.9956
281.731	96.9987
281.297	96.9826
280.863	96.9669
280.431	96.9689
280	96.9826
