1200	1.4198
1192.15	1.40037
1184.4	1.38104
1176.75	1.36184
1169.21	1.34265
1161.75	1.32343
1154.39	1.30425
1147.13	1.28519
1139.95	1.26624
1132.86	1.24732
1125.87	1.22839
1118.95	1.20951
1112.13	1.19077
1105.38	1.17214
1098.72	1.15354
1092.13	1.13495
1085.63	1.11644
1079.2	1.09806
1072.84	1.0798
1066.56	1.06158
1060.36	1.04339
1054.23	1.02529
1048.16	1.00734
1042.17	0.989501
1036.24	0.971716
1030.38	0.953976
1024.59	0.936342
1018.86	0.918855
1013.2	0.901486
1007.6	0.884179
1002.06	0.866936
996.576	0.849809
991.156	0.832831
985.795	0.815972
980.491	0.799186
975.244	0.782478
970.053	0.765895
964.917	0.749462
959.835	0.733149
954.806	0.716919
949.83	0.700779
944.905	0.684773
940.031	0.668916
935.207	0.653181
930.433	0.637538
925.707	0.621999
921.028	0.606598
916.397	0.591346
911.812	0.576219
907.273	0.561196
902.778	0.546288
898.328	0.531523
893.922	0.516907
889.559	0.502423
885.238	0.488055
880.958	0.473813
876.72	0.459719
872.523	0.445779
868.365	0.431978
864.247	0.418308
860.168	0.404777
856.127	0.3914
852.124	0.378183
848.159	0.365119
844.23	0.352202
840.337	0.339439
836.48	0.32684
832.658	0.314411
828.871	0.302151
825.118	0.290059
821.399	0.278137
817.714	0.266392
814.061	0.254832
810.441	0.243464
806.853	0.232286
803.296	0.221297
799.771	0.210502
796.277	0.199912
792.813	0.189539
789.379	0.179384
785.974	0.169439
782.599	0.159707
779.253	0.150206
775.935	0.140952
772.645	0.131943
769.383	0.123168
766.149	0.114631
762.941	0.106353
759.761	0.098354
756.606	0.0906292
753.478	0.0831643
750.376	0.0759642
747.299	0.0690556
744.247	0.0624581
741.22	0.0561637
738.218	0.0501557
735.239	0.044442
732.285	0.0390529
729.354	0.0340064
726.447	0.02929
723.563	0.0248869
720.702	0.0208095
717.863	0.0170892
715.046	0.0137392
712.251	0.0107432
709.479	0.00808803
706.727	0.00579099
703.997	0.00388074
701.288	0.00236191
698.6	0.00121703
695.932	0.000442125
693.285	5.93244e-05
690.657	8.71126e-05
688.05	0.000517197
685.462	0.00133709
682.893	0.00256102
680.344	0.00421394
677.814	0.00629115
675.302	0.00876582
672.809	0.0116435
670.334	0.0149724
667.878	0.018774
665.439	0.0229955
663.018	0.0275837
660.615	0.0325909
658.229	0.0381308
655.86	0.044205
653.508	0.0506581
651.173	0.0573973
648.854	0.0645952
646.553	0.0725118
644.267	0.0810825
641.997	0.0898939
639.744	0.0987793
637.506	0.1083
635.283	0.119174
633.077	0.130926
630.885	0.141403
628.709	0.148327
626.547	0.151768
624.4	0.154882
622.268	0.161626
620.151	0.173387
618.048	0.187932
615.959	0.201775
613.884	0.213447
611.823	0.224277
609.776	0.236202
607.742	0.249345
605.723	0.262036
603.716	0.272856
601.723	0.282102
599.742	0.291168
597.775	0.300977
595.821	0.311407
593.879	0.321987
591.95	0.332558
590.034	0.343087
588.13	0.353307
586.238	0.363064
584.358	0.372919
582.49	0.383912
580.634	0.396531
578.79	0.410215
576.958	0.424167
575.137	0.438427
573.328	0.453727
571.53	0.470286
569.743	0.487277
567.967	0.503817
566.203	0.520132
564.449	0.53721
562.706	0.555314
560.974	0.573474
559.253	0.590769
557.542	0.607658
555.841	0.625382
554.151	0.644143
552.471	0.662655
550.802	0.679895
549.142	0.696664
547.492	0.714588
545.852	0.733716
544.222	0.752167
542.602	0.768709
540.991	0.784824
539.39	0.802931
537.798	0.822443
536.216	0.838953
534.643	0.848548
533.079	0.852665
531.524	0.857505
529.979	0.868176
528.442	0.884126
526.914	0.900834
525.395	0.915152
523.885	0.927702
522.383	0.940268
520.89	0.9528
519.405	0.964481
517.929	0.976655
516.461	0.992024
515.002	1.00968
513.551	1.0227
512.108	1.02362
510.673	1.01338
509.246	1.00337
507.827	1.00658
506.415	1.0261
505.012	1.05302
503.616	1.07563
502.229	1.08974
500.848	1.0998
499.476	1.11148
498.111	1.12525
496.753	1.13768
495.402	1.14695
494.059	1.15497
492.724	1.16431
491.395	1.17465
490.074	1.18361
488.759	1.19024
487.452	1.19617
486.152	1.20326
484.858	1.2112
483.572	1.21827
482.292	1.22392
481.019	1.22946
479.753	1.23611
478.493	1.24323
477.24	1.24926
475.994	1.25375
474.754	1.25766
473.52	1.2617
472.293	1.26507
471.072	1.26642
469.858	1.26551
468.649	1.26318
467.447	1.2598
466.251	1.25457
465.062	1.24648
463.878	1.23569
462.7	1.22316
461.528	1.20928
460.362	1.19364
459.202	1.17638
458.048	1.15933
456.9	1.14529
455.757	1.13666
454.62	1.13575
453.489	1.14659
452.363	1.17558
451.243	1.22894
450.129	1.30883
449.02	1.41175
447.916	1.53042
446.818	1.6568
445.725	1.78348
444.638	1.90364
443.556	2.01138
442.479	2.10321
441.407	2.17893
440.34	2.24037
439.279	2.2894
438.223	2.32718
437.171	2.35526
436.125	2.37624
435.084	2.39289
434.048	2.40647
433.017	2.4168
431.99	2.42383
430.969	2.42875
429.952	2.43306
428.94	2.43695
427.933	2.43936
426.93	2.43966
425.932	2.43873
424.939	2.43804
423.951	2.4379
422.967	2.43736
421.987	2.43585
421.012	2.43434
420.042	2.43425
419.076	2.43562
418.115	2.43695
417.158	2.43698
416.205	2.43627
415.257	2.43652
414.313	2.43843
413.373	2.44072
412.437	2.44127
411.506	2.43895
410.579	2.43414
409.656	2.4278
408.737	2.4205
407.823	2.41239
406.912	2.40374
406.005	2.39499
405.103	2.38651
404.204	2.3784
403.31	2.37064
402.419	2.36318
401.533	2.35578
400.65	2.34803
399.771	2.33959
398.896	2.33048
398.025	2.32086
397.157	2.31072
396.294	2.29995
395.434	2.28867
394.578	2.27722
393.725	2.26567
392.877	2.25368
392.031	2.24124
391.19	2.22944
390.352	2.2196
389.518	2.21137
388.687	2.20194
387.86	2.18826
387.036	2.17021
386.216	2.15133
385.399	2.13556
384.586	2.12351
383.776	2.11224
382.969	2.09868
382.166	2.08278
381.367	2.06681
380.57	2.05222
379.777	2.03805
378.987	2.02263
378.201	2.00588
377.418	1.98915
376.638	1.97308
375.861	1.95663
375.087	1.93863
374.317	1.91949
373.55	1.90073
372.785	1.88296
372.024	1.86521
371.267	1.84659
370.512	1.82783
369.76	1.81035
369.011	1.79425
368.266	1.77809
367.523	1.76109
366.783	1.74449
366.047	1.72994
365.313	1.71705
364.582	1.70373
363.854	1.6894
363.129	1.67649
362.407	1.66755
361.688	1.66151
360.971	1.65465
360.258	1.64645
359.547	1.64304
358.839	1.65222
358.134	1.6741
357.432	1.69813
356.732	1.71158
356.035	1.71166
355.341	1.70885
354.649	1.71739
353.96	1.74286
353.274	1.77917
352.591	1.81639
351.91	1.84979
351.232	1.88099
350.556	1.91207
349.883	1.94115
349.213	1.96419
348.545	1.97952
347.879	1.98897
347.217	1.99484
346.556	1.9971
345.899	1.9944
345.243	1.98694
344.591	1.97699
343.94	1.96662
343.292	1.95585
342.647	1.94368
342.004	1.93027
341.363	1.91736
340.725	1.90638
340.089	1.89704
339.456	1.88834
338.825	1.88041
338.196	1.87483
337.569	1.87287
336.945	1.87438
336.324	1.87857
335.704	1.88574
335.087	1.89738
334.472	1.91472
333.859	1.93757
333.249	1.96505
332.64	1.99701
332.034	2.03413
331.43	2.07654
330.829	2.12293
330.229	2.1712
329.632	2.21988
329.037	2.26826
328.444	2.3154
327.853	2.35955
327.264	2.3989
326.678	2.43273
326.093	2.46145
325.511	2.48546
324.93	2.5045
324.352	2.51832
323.776	2.52756
323.201	2.53345
322.629	2.53675
322.059	2.5373
321.491	2.53488
320.925	2.53012
320.361	2.52409
319.799	2.51716
319.238	2.50879
318.68	2.49872
318.124	2.4879
317.57	2.4776
317.017	2.46774
316.467	2.45666
315.918	2.4432
315.371	2.42869
314.826	2.41624
314.284	2.40774
313.743	2.4019
313.203	2.39556
312.666	2.38682
312.13	2.37658
311.597	2.36698
311.065	2.35891
310.535	2.35148
310.007	2.34368
309.48	2.33581
308.956	2.32912
308.433	2.3242
307.912	2.32052
307.392	2.31732
306.875	2.31461
306.359	2.31289
305.845	2.31216
305.332	2.31169
304.821	2.31092
304.312	2.31012
303.805	2.30995
303.3	2.31046
302.796	2.31089
302.293	2.31074
301.793	2.31051
301.294	2.31124
300.797	2.31326
300.301	2.3157
299.807	2.31743
299.314	2.3183
298.824	2.31918
298.335	2.32098
297.847	2.32373
297.361	2.32684
296.877	2.32999
296.394	2.3335
295.912	2.33787
295.433	2.34308
294.955	2.34868
294.478	2.35432
294.003	2.36021
293.529	2.36676
293.057	2.374
292.587	2.3814
292.118	2.38843
291.65	2.39517
291.184	2.40224
290.72	2.41005
290.257	2.41812
289.795	2.42554
289.335	2.43199
288.877	2.43846
288.419	2.44627
287.964	2.45522
287.509	2.46287
287.057	2.46647
286.605	2.46618
286.155	2.46616
285.706	2.47157
285.259	2.48388
284.813	2.49896
284.369	2.51053
283.926	2.51576
283.484	2.51737
283.044	2.52021
282.605	2.52598
282.168	2.53197
281.731	2.53501
281.297	2.53596
280.863	2.53944
280.431	2.54921
280	2.56424
