1200	86.4452
1192.15	86.5097
1184.4	86.5806
1176.75	86.6568
1169.21	86.735
1161.75	86.8108
1154.39	86.8812
1147.13	86.946
1139.95	87.0075
1132.86	87.0699
1125.87	87.137
1118.95	87.2106
1112.13	87.2894
1105.38	87.3698
1098.72	87.4476
1092.13	87.5199
1085.63	87.5864
1079.2	87.6498
1072.84	87.7142
1066.56	87.7836
1060.36	87.8595
1054.23	87.9406
1048.16	88.0232
1042.17	88.1028
1036.24	88.1768
1030.38	88.2448
1024.59	88.3096
1018.86	88.3756
1013.2	88.4467
1007.6	88.5245
1002.06	88.6076
996.576	88.692
991.156	88.7734
985.795	88.8487
980.491	88.9179
975.244	88.9837
970.053	89.0507
964.917	89.123
959.835	89.2023
954.806	89.2872
949.83	89.3735
944.905	89.4566
940.031	89.5331
935.207	89.6029
930.433	89.6688
925.707	89.7358
921.028	89.8083
916.397	89.8885
911.812	89.9749
907.273	90.0635
902.778	90.1487
898.328	90.2268
893.922	90.2968
889.559	90.3617
885.238	90.4267
880.958	90.4973
876.72	90.5769
872.523	90.6649
868.365	90.7574
864.247	90.848
860.168	90.9305
856.127	91.0014
852.124	91.0606
848.159	91.1114
844.23	91.1588
840.337	91.2078
836.48	91.2614
832.658	91.3202
828.871	91.3824
825.118	91.4457
821.399	91.5081
817.714	91.5692
814.061	91.6298
810.441	91.6912
806.853	91.7547
803.296	91.8203
799.771	91.8871
796.277	91.9538
792.813	92.0193
789.379	92.0839
785.974	92.1485
782.599	92.2148
779.253	92.2838
775.935	92.355
772.645	92.427
769.383	92.4973
766.149	92.5639
762.941	92.6266
759.761	92.6869
756.606	92.7476
753.478	92.8119
750.376	92.8817
747.299	92.9562
744.247	93.0329
741.22	93.1077
738.218	93.1775
735.239	93.241
732.285	93.3002
729.354	93.359
726.447	93.4219
723.563	93.4919
720.702	93.5687
717.863	93.6491
715.046	93.7278
712.251	93.7998
709.479	93.8626
706.727	93.9175
703.997	93.9689
701.288	94.0227
698.6	94.0836
695.932	94.1532
693.285	94.2294
690.657	94.3075
688.05	94.3826
685.462	94.4524
682.893	94.5182
680.344	94.5855
677.814	94.6608
675.302	94.7487
672.809	94.8492
670.334	94.9555
667.878	95.0556
665.439	95.1351
663.018	95.1815
660.615	95.1879
658.229	95.1549
655.86	95.0904
653.508	95.0068
651.173	94.9176
648.854	94.834
646.553	94.7629
644.267	94.7074
641.997	94.6675
639.744	94.643
637.506	94.6341
635.283	94.6422
633.077	94.6684
630.885	94.7122
628.709	94.7703
626.547	94.8364
624.4	94.9032
622.268	94.964
620.151	95.015
618.048	95.0571
615.959	95.0945
613.884	95.1333
611.823	95.1791
609.776	95.2339
607.742	95.2961
605.723	95.3611
603.716	95.4229
601.723	95.4775
599.742	95.5238
597.775	95.5645
595.821	95.6043
593.879	95.6482
591.95	95.6987
590.034	95.7554
588.13	95.8147
586.238	95.8718
584.358	95.9228
582.49	95.9667
580.634	96.0052
578.79	96.0426
576.958	96.0832
575.137	96.1294
573.328	96.1808
571.53	96.2344
569.743	96.2859
567.967	96.3316
566.203	96.3705
564.449	96.4043
562.706	96.4368
560.974	96.4722
559.253	96.5129
557.542	96.5587
555.841	96.6063
554.151	96.6516
552.471	96.6909
550.802	96.7231
549.142	96.7497
547.492	96.7748
545.852	96.8025
544.222	96.8356
542.602	96.8739
540.991	96.9144
539.39	96.9528
537.798	96.985
536.216	97.0096
534.643	97.028
533.079	97.0442
531.524	97.0629
529.979	97.0873
528.442	97.1179
526.914	97.1519
525.395	97.1845
523.885	97.2111
522.383	97.2291
520.89	97.2391
519.405	97.2446
517.929	97.2501
516.461	97.2597
515.002	97.2748
513.551	97.2935
512.108	97.312
510.673	97.3258
509.246	97.3322
507.827	97.3314
506.415	97.3264
505.012	97.3218
503.616	97.322
502.229	97.3287
500.848	97.3411
499.476	97.3554
498.111	97.3673
496.753	97.3738
495.402	97.3743
494.059	97.3714
492.724	97.369
491.395	97.3714
490.074	97.3803
488.759	97.3948
487.452	97.411
486.152	97.4242
484.858	97.4305
483.572	97.4288
482.292	97.4211
481.019	97.4119
479.753	97.406
478.493	97.4066
477.24	97.4136
475.994	97.4242
474.754	97.4336
473.52	97.4372
472.293	97.4329
471.072	97.4216
469.858	97.4072
468.649	97.3945
467.447	97.3876
466.251	97.3877
465.062	97.3928
463.878	97.3986
462.7	97.4003
461.528	97.3946
460.362	97.3812
459.202	97.3628
458.048	97.3442
456.9	97.3299
455.757	97.3222
454.62	97.3206
453.489	97.3215
452.363	97.3199
451.243	97.3117
450.129	97.2947
449.02	97.2704
447.916	97.2426
446.818	97.2161
445.725	97.1949
444.638	97.1803
443.556	97.1705
442.479	97.1615
441.407	97.1483
440.34	97.1276
439.279	97.0989
438.223	97.0653
437.171	97.0333
436.125	97.0111
435.084	97.0066
434.048	97.0252
433.017	97.0683
431.99	97.132
430.969	97.2072
429.952	97.2803
428.94	97.3346
427.933	97.3532
426.93	97.3214
425.932	97.2296
424.939	97.0762
423.951	96.8682
422.967	96.621
421.987	96.3562
421.012	96.0973
420.042	95.8652
419.076	95.6743
418.115	95.5293
417.158	95.4254
416.205	95.3507
415.257	95.2898
414.313	95.2288
413.373	95.1587
412.437	95.0779
411.506	94.9909
410.579	94.9063
409.656	94.833
408.737	94.7767
407.823	94.7384
406.912	94.7138
406.005	94.6956
405.103	94.6757
404.204	94.6483
403.31	94.611
402.419	94.5653
401.533	94.5156
400.65	94.4666
399.771	94.422
398.896	94.3833
398.025	94.3494
397.157	94.3179
396.294	94.2859
395.434	94.2518
394.578	94.2153
393.725	94.1777
392.877	94.1409
392.031	94.1068
391.19	94.076
390.352	94.0483
389.518	94.0224
388.687	93.9968
387.86	93.9702
387.036	93.942
386.216	93.9123
385.399	93.8817
384.586	93.8507
383.776	93.8196
382.969	93.7885
382.166	93.7573
381.367	93.726
380.57	93.6946
379.777	93.6636
378.987	93.6334
378.201	93.604
377.418	93.5752
376.638	93.5466
375.861	93.5173
375.087	93.487
374.317	93.4556
373.55	93.4235
372.785	93.3917
372.024	93.3611
371.267	93.3326
370.512	93.3062
369.76	93.2817
369.011	93.2582
368.266	93.2351
367.523	93.2116
366.783	93.1878
366.047	93.1637
365.313	93.1395
364.582	93.1154
363.854	93.0913
363.129	93.0668
362.407	93.0417
361.688	93.0159
360.971	92.9898
360.258	92.9641
359.547	92.9397
358.839	92.9169
358.134	92.8958
357.432	92.8756
356.732	92.8555
356.035	92.8343
355.341	92.8118
354.649	92.7881
353.96	92.7642
353.274	92.7412
352.591	92.7201
351.91	92.7012
351.232	92.6837
350.556	92.6664
349.883	92.648
349.213	92.6275
348.545	92.6051
347.879	92.5814
347.217	92.5579
346.556	92.5359
345.899	92.516
345.243	92.4974
344.591	92.4789
343.94	92.4585
343.292	92.4347
342.647	92.4069
342.004	92.3757
341.363	92.3428
340.725	92.3102
340.089	92.2791
339.456	92.2499
338.825	92.2213
338.196	92.1912
337.569	92.1572
336.945	92.1176
336.324	92.0721
335.704	92.022
335.087	91.9702
334.472	91.92
333.859	91.8744
333.249	91.8351
332.64	91.8019
332.034	91.7728
331.43	91.7441
330.829	91.7113
330.229	91.67
329.632	91.617
329.037	91.5507
328.444	91.4715
327.853	91.3822
327.264	91.2871
326.678	91.1917
326.093	91.1011
325.511	91.0195
324.93	90.9492
324.352	90.8901
323.776	90.84
323.201	90.7957
322.629	90.7539
322.059	90.7121
321.491	90.6697
320.925	90.6275
320.361	90.5876
319.799	90.552
319.238	90.522
318.68	90.4978
318.124	90.4788
317.57	90.4638
317.017	90.4527
316.467	90.4458
315.918	90.4446
315.371	90.4499
314.826	90.4609
314.284	90.4743
313.743	90.4842
313.203	90.4833
312.666	90.4657
312.13	90.4289
311.597	90.3759
311.065	90.3152
310.535	90.2586
310.007	90.2175
309.48	90.1991
308.956	90.2031
308.433	90.2217
307.912	90.2413
307.392	90.2476
306.875	90.2303
306.359	90.1873
305.845	90.1257
305.332	90.0593
304.821	90.004
304.312	89.9713
303.805	89.9643
303.3	89.976
302.796	89.992
302.293	89.996
301.793	89.9758
301.294	89.9285
300.797	89.8615
300.301	89.7899
299.807	89.7308
299.314	89.6963
298.824	89.6889
298.335	89.7005
297.847	89.7156
297.361	89.7171
296.877	89.6939
296.394	89.6445
295.912	89.5784
295.433	89.5116
294.955	89.4606
294.478	89.4355
294.003	89.4359
293.529	89.451
293.057	89.4639
292.587	89.4587
292.118	89.427
291.65	89.3712
291.184	89.3038
290.72	89.2421
290.257	89.2012
289.795	89.1878
289.335	89.1972
288.877	89.2153
288.419	89.2246
287.964	89.211
287.509	89.1702
287.057	89.1091
286.605	89.0437
286.155	88.9921
285.706	88.9678
285.259	88.9741
284.813	89.0029
284.369	89.038
283.926	89.0617
283.484	89.0618
283.044	89.0357
282.605	88.9914
282.168	88.9429
281.731	88.9044
281.297	88.8844
280.863	88.8822
280.431	88.8889
280	88.8924
