1200	48.5898
1192.15	48.5592
1184.4	48.5261
1176.75	48.4906
1169.21	48.4532
1161.75	48.4146
1154.39	48.3755
1147.13	48.3365
1139.95	48.2981
1132.86	48.2602
1125.87	48.2226
1118.95	48.1846
1112.13	48.1455
1105.38	48.1046
1098.72	48.0614
1092.13	48.0156
1085.63	47.9674
1079.2	47.9173
1072.84	47.8661
1066.56	47.8144
1060.36	47.7628
1054.23	47.7119
1048.16	47.6615
1042.17	47.6113
1036.24	47.5607
1030.38	47.5089
1024.59	47.4551
1018.86	47.3989
1013.2	47.34
1007.6	47.2786
1002.06	47.2152
996.576	47.1507
991.156	47.0858
985.795	47.0212
980.491	46.9573
975.244	46.894
970.053	46.831
964.917	46.7676
959.835	46.7029
954.806	46.6361
949.83	46.5665
944.905	46.494
940.031	46.4188
935.207	46.3414
930.433	46.2628
925.707	46.1838
921.028	46.1054
916.397	46.0281
911.812	45.9518
907.273	45.8761
902.778	45.8003
898.328	45.7232
893.922	45.6438
889.559	45.561
885.238	45.4744
880.958	45.3842
876.72	45.2908
872.523	45.1956
868.365	45.1
864.247	45.0057
860.168	44.9142
856.127	44.8268
852.124	44.7441
848.159	44.6662
844.23	44.5926
840.337	44.5223
836.48	44.4541
832.658	44.3866
828.871	44.3184
825.118	44.2484
821.399	44.1759
817.714	44.1005
814.061	44.0219
810.441	43.9402
806.853	43.8558
803.296	43.7688
799.771	43.6795
796.277	43.5884
792.813	43.4954
789.379	43.4009
785.974	43.305
782.599	43.208
779.253	43.11
775.935	43.0111
772.645	42.9116
769.383	42.8115
766.149	42.7107
762.941	42.6091
759.761	42.5063
756.606	42.4022
753.478	42.2963
750.376	42.1884
747.299	42.0784
744.247	41.9664
741.22	41.8525
738.218	41.7369
735.239	41.62
732.285	41.502
729.354	41.3832
726.447	41.2635
723.563	41.1429
720.702	41.0214
717.863	40.8991
715.046	40.7761
712.251	40.6529
709.479	40.5305
706.727	40.4099
703.997	40.2924
701.288	40.1793
698.6	40.0714
695.932	39.9691
693.285	39.872
690.657	39.7785
688.05	39.6862
685.462	39.5921
682.893	39.4923
680.344	39.3835
677.814	39.2624
675.302	39.1271
672.809	38.9771
670.334	38.8139
667.878	38.6406
665.439	38.4621
663.018	38.2847
660.615	38.115
658.229	37.9597
655.86	37.8242
653.508	37.7127
651.173	37.627
648.854	37.5665
646.553	37.5282
644.267	37.5074
641.997	37.4975
639.744	37.4914
637.506	37.4822
635.283	37.4636
633.077	37.4309
630.885	37.3811
628.709	37.3133
626.547	37.2283
624.4	37.1287
622.268	37.0177
620.151	36.8992
618.048	36.7768
615.959	36.6534
613.884	36.5311
611.823	36.4108
609.776	36.2924
607.742	36.175
605.723	36.0571
603.716	35.9372
601.723	35.8142
599.742	35.6872
597.775	35.5561
595.821	35.4215
593.879	35.2844
591.95	35.1463
590.034	35.0086
588.13	34.8723
586.238	34.7384
584.358	34.607
582.49	34.4778
580.634	34.3498
578.79	34.2221
576.958	34.0935
575.137	33.9629
573.328	33.8299
571.53	33.6943
569.743	33.5566
567.967	33.4176
566.203	33.2785
564.449	33.1405
562.706	33.0048
560.974	32.8721
559.253	32.7429
557.542	32.6172
555.841	32.4944
554.151	32.3738
552.471	32.2545
550.802	32.1357
549.142	32.0168
547.492	31.8974
545.852	31.7776
544.222	31.6575
542.602	31.5377
540.991	31.4187
539.39	31.3007
537.798	31.1841
536.216	31.0687
534.643	30.9541
533.079	30.8399
531.524	30.7255
529.979	30.6103
528.442	30.494
526.914	30.3764
525.395	30.2578
523.885	30.1387
522.383	30.0197
520.89	29.9015
519.405	29.7847
517.929	29.6699
516.461	29.5572
515.002	29.4464
513.551	29.3371
512.108	29.2289
510.673	29.1212
509.246	29.0134
507.827	28.9053
506.415	28.7969
505.012	28.6883
503.616	28.5801
502.229	28.4727
500.848	28.3668
499.476	28.2625
498.111	28.1602
496.753	28.0597
495.402	27.9608
494.059	27.8629
492.724	27.7656
491.395	27.6685
490.074	27.5713
488.759	27.4741
487.452	27.3771
486.152	27.2809
484.858	27.1863
483.572	27.094
482.292	27.0048
481.019	26.9193
479.753	26.8382
478.493	26.7618
477.24	26.6904
475.994	26.6244
474.754	26.5638
473.52	26.509
472.293	26.46
471.072	26.4168
469.858	26.3793
468.649	26.3468
467.447	26.3183
466.251	26.2922
465.062	26.2667
463.878	26.2397
462.7	26.2091
461.528	26.1733
460.362	26.1314
459.202	26.0834
458.048	26.0303
456.9	25.9746
455.757	25.9194
454.62	25.8684
453.489	25.8255
452.363	25.7938
451.243	25.7757
450.129	25.772
449.02	25.7819
447.916	25.803
446.818	25.8314
445.725	25.8625
444.638	25.8912
443.556	25.9129
442.479	25.9242
441.407	25.9227
440.34	25.908
439.279	25.8811
438.223	25.8447
437.171	25.8019
436.125	25.7565
435.084	25.7119
434.048	25.6707
433.017	25.6344
431.99	25.6034
430.969	25.577
429.952	25.5534
428.94	25.5307
427.933	25.5069
426.93	25.4804
425.932	25.4501
424.939	25.4158
423.951	25.3782
422.967	25.3381
421.987	25.2968
421.012	25.2555
420.042	25.215
419.076	25.1757
418.115	25.1374
417.158	25.0995
416.205	25.0612
415.257	25.0218
414.313	24.9806
413.373	24.9376
412.437	24.8932
411.506	24.8483
410.579	24.8039
409.656	24.7614
408.737	24.7216
407.823	24.6852
406.912	24.6522
406.005	24.6221
405.103	24.5941
404.204	24.5669
403.31	24.5395
402.419	24.5108
401.533	24.4805
400.65	24.4486
399.771	24.4157
398.896	24.3828
398.025	24.3509
397.157	24.3209
396.294	24.2936
395.434	24.269
394.578	24.2465
393.725	24.2253
392.877	24.204
392.031	24.1814
391.19	24.1564
390.352	24.1284
389.518	24.0975
388.687	24.0644
387.86	24.0302
387.036	23.9965
386.216	23.9646
385.399	23.9358
384.586	23.9106
383.776	23.8891
382.969	23.8704
382.166	23.8534
381.367	23.8364
380.57	23.8181
379.777	23.7972
378.987	23.7733
378.201	23.7463
377.418	23.717
376.638	23.6868
375.861	23.6569
375.087	23.6289
374.317	23.6035
373.55	23.5812
372.785	23.5615
372.024	23.5435
371.267	23.5256
370.512	23.5064
369.76	23.4843
369.011	23.4585
368.266	23.4288
367.523	23.3955
366.783	23.3599
366.047	23.3234
365.313	23.2876
364.582	23.2538
363.854	23.2225
363.129	23.1938
362.407	23.1669
361.688	23.1403
360.971	23.1123
360.258	23.0812
359.547	23.0458
358.839	23.0057
358.134	22.9613
357.432	22.9139
356.732	22.8654
356.035	22.8181
355.341	22.7741
354.649	22.7348
353.96	22.7007
353.274	22.6713
352.591	22.6449
351.91	22.6192
351.232	22.5915
350.556	22.5596
349.883	22.5221
349.213	22.479
348.545	22.4318
347.879	22.3838
347.217	22.3396
346.556	22.3044
345.899	22.2838
345.243	22.2823
344.591	22.3032
343.94	22.3477
343.292	22.4148
342.647	22.5014
342.004	22.6025
341.363	22.7118
340.725	22.8228
340.089	22.9294
339.456	23.0265
338.825	23.1108
338.196	23.1809
337.569	23.2373
336.945	23.2823
336.324	23.3193
335.704	23.3523
335.087	23.385
334.472	23.4209
333.859	23.4621
333.249	23.5098
332.64	23.5639
332.034	23.6235
331.43	23.687
330.829	23.7525
330.229	23.8183
329.632	23.8832
329.037	23.9464
328.444	24.0078
327.853	24.0678
327.264	24.1273
326.678	24.187
326.093	24.248
325.511	24.3108
324.93	24.3759
324.352	24.4434
323.776	24.5131
323.201	24.5845
322.629	24.6572
322.059	24.7307
321.491	24.8048
320.925	24.879
320.361	24.9534
319.799	25.0276
319.238	25.1017
318.68	25.1756
318.124	25.249
317.57	25.3217
317.017	25.3935
316.467	25.4643
315.918	25.5339
315.371	25.6023
314.826	25.6697
314.284	25.7363
313.743	25.8024
313.203	25.8681
312.666	25.9337
312.13	25.9992
311.597	26.0644
311.065	26.129
310.535	26.1928
310.007	26.2556
309.48	26.3171
308.956	26.3774
308.433	26.437
307.912	26.4962
307.392	26.556
306.875	26.6171
306.359	26.6803
305.845	26.7461
305.332	26.8146
304.821	26.8857
304.312	26.9588
303.805	27.0328
303.3	27.1067
302.796	27.1792
302.293	27.2494
301.793	27.3167
301.294	27.3809
300.797	27.4422
300.301	27.5014
299.807	27.5596
299.314	27.6177
298.824	27.6769
298.335	27.7379
297.847	27.801
297.361	27.8661
296.877	27.9326
296.394	27.9995
295.912	28.0658
295.433	28.1302
294.955	28.192
294.478	28.2506
294.003	28.3057
293.529	28.3577
293.057	28.4071
292.587	28.4549
292.118	28.5018
291.65	28.5486
291.184	28.5958
290.72	28.6436
290.257	28.6917
289.795	28.7398
289.335	28.7872
288.877	28.8332
288.419	28.8773
287.964	28.9191
287.509	28.9584
287.057	28.9955
286.605	29.0306
286.155	29.0643
285.706	29.0968
285.259	29.1286
284.813	29.1598
284.369	29.1902
283.926	29.2196
283.484	29.2474
283.044	29.2731
282.605	29.2961
282.168	29.316
281.731	29.3325
281.297	29.3459
280.863	29.3562
280.431	29.3639
280	29.3698
