1200	15.4014
1192.15	15.3279
1184.4	15.2505
1176.75	15.1666
1169.21	15.077
1161.75	14.9862
1154.39	14.8988
1147.13	14.8172
1139.95	14.7396
1132.86	14.6615
1125.87	14.5783
1118.95	14.4884
1112.13	14.394
1105.38	14.3001
1098.72	14.2111
1092.13	14.1279
1085.63	14.0476
1079.2	13.9652
1072.84	13.8766
1066.56	13.7815
1060.36	13.6834
1054.23	13.5875
1048.16	13.4977
1042.17	13.4137
1036.24	13.3313
1030.38	13.2451
1024.59	13.1517
1018.86	13.0522
1013.2	12.9512
1007.6	12.8544
1002.06	12.7648
996.576	12.6807
991.156	12.5967
985.795	12.5071
980.491	12.4092
975.244	12.3053
970.053	12.2017
964.917	12.1044
959.835	12.0159
954.806	11.9331
949.83	11.8488
944.905	11.756
940.031	11.6528
935.207	11.5435
930.433	11.4378
925.707	11.346
921.028	11.2742
916.397	11.2209
911.812	11.1783
907.273	11.1361
902.778	11.0861
898.328	11.0256
893.922	10.9573
889.559	10.8866
885.238	10.8177
880.958	10.7512
876.72	10.6843
872.523	10.6131
868.365	10.5358
864.247	10.454
860.168	10.372
856.127	10.2944
852.124	10.2229
848.159	10.1556
844.23	10.088
840.337	10.0163
836.48	9.93979
832.658	9.86192
828.871	9.7881
825.118	9.7223
821.399	9.664
817.714	9.60764
814.061	9.54511
810.441	9.47008
806.853	9.38176
803.296	9.28577
799.771	9.1915
796.277	9.10703
792.813	9.03474
789.379	8.97001
785.974	8.9043
782.599	8.83116
779.253	8.75179
775.935	8.67675
772.645	8.62198
769.383	8.60044
766.149	8.61313
762.941	8.64463
759.761	8.66612
756.606	8.64596
753.478	8.56367
750.376	8.42114
747.299	8.24542
744.247	8.08088
741.22	7.97321
738.218	7.95162
735.239	8.01683
732.285	8.14018
729.354	8.2743
726.447	8.37098
723.563	8.39861
720.702	8.35187
717.863	8.25029
715.046	8.12691
712.251	8.0129
709.479	7.92524
706.727	7.86247
703.997	7.80952
701.288	7.74814
698.6	7.66717
695.932	7.56765
693.285	7.46083
690.657	7.36087
688.05	7.2768
685.462	7.20805
682.893	7.14567
680.344	7.07808
677.814	6.99784
675.302	6.90557
672.809	6.80902
670.334	6.71821
667.878	6.63952
665.439	6.57232
663.018	6.5097
660.615	6.44284
658.229	6.36619
655.86	6.28058
653.508	6.19234
651.173	6.10945
648.854	6.03675
646.553	5.97329
644.267	5.91313
641.997	5.84901
639.744	5.77671
637.506	5.69738
635.283	5.61667
633.077	5.54125
630.885	5.4748
628.709	5.41601
626.547	5.35945
624.4	5.29899
622.268	5.23143
620.151	5.15832
618.048	5.08487
615.959	5.01676
613.884	4.95675
611.823	4.90312
609.776	4.85081
607.742	4.79459
605.723	4.73212
603.716	4.66533
601.723	4.59911
599.742	4.53833
597.775	4.48491
595.821	4.43677
593.879	4.38918
591.95	4.33764
590.034	4.28061
588.13	4.22033
586.238	4.16142
584.358	4.10801
582.49	4.06131
580.634	4.01895
578.79	3.97649
576.958	3.93013
575.137	3.87901
573.328	3.82563
571.53	3.77427
569.743	3.72841
567.967	3.68862
566.203	3.65233
564.449	3.61542
562.706	3.57478
560.974	3.53011
559.253	3.4841
557.542	3.4407
555.841	3.40276
554.151	3.37034
552.471	3.3408
550.802	3.31046
549.142	3.27691
547.492	3.24046
545.852	3.20388
544.222	3.17071
542.602	3.14302
540.991	3.1201
539.39	3.0988
537.798	3.07529
536.216	3.04719
534.643	3.01479
533.079	2.98073
531.524	2.94832
529.979	2.91966
528.442	2.89455
526.914	2.87091
525.395	2.8463
523.885	2.81951
522.383	2.79143
520.89	2.76439
519.405	2.74078
517.929	2.72148
516.461	2.70539
515.002	2.69007
513.551	2.67323
512.108	2.65412
510.673	2.6339
509.246	2.61491
507.827	2.59921
506.415	2.58738
505.012	2.57821
503.616	2.56951
502.229	2.55947
500.848	2.54771
499.476	2.53547
498.111	2.52479
496.753	2.51726
495.402	2.5131
494.059	2.51112
492.724	2.5095
491.395	2.50692
490.074	2.5033
488.759	2.49979
487.452	2.49797
486.152	2.49893
484.858	2.50266
483.572	2.50819
482.292	2.51425
481.019	2.52006
479.753	2.52571
478.493	2.53201
477.24	2.53986
475.994	2.54981
474.754	2.56179
473.52	2.57544
472.293	2.59042
471.072	2.60663
469.858	2.6241
468.649	2.64271
467.447	2.66209
466.251	2.68194
465.062	2.70269
463.878	2.72591
462.7	2.75418
461.528	2.78983
460.362	2.83337
459.202	2.88205
458.048	2.9299
456.9	2.96924
455.757	2.99359
454.62	3.00046
453.489	2.99272
452.363	2.97783
451.243	2.96492
450.129	2.96116
449.02	2.96914
447.916	2.98629
446.818	3.00678
445.725	3.02465
444.638	3.03665
443.556	3.04346
442.479	3.04868
441.407	3.05648
440.34	3.06922
439.279	3.0863
438.223	3.10486
437.171	3.12163
436.125	3.1349
435.084	3.14533
434.048	3.15543
433.017	3.16786
431.99	3.18386
430.969	3.20261
429.952	3.22182
428.94	3.23923
427.933	3.25393
426.93	3.26675
425.932	3.27965
424.939	3.29437
423.951	3.31142
422.967	3.32977
421.987	3.34767
421.012	3.36373
420.042	3.37776
419.076	3.39082
418.115	3.40443
417.158	3.41957
416.205	3.43612
415.257	3.45305
414.313	3.46924
413.373	3.4843
412.437	3.49886
411.506	3.51406
410.579	3.53073
409.656	3.54878
408.737	3.56726
407.823	3.58512
406.912	3.60212
406.005	3.61918
405.103	3.63776
404.204	3.65866
403.31	3.681
402.419	3.70227
401.533	3.7196
400.65	3.73157
399.771	3.7394
398.896	3.74631
398.025	3.75491
397.157	3.76398
396.294	3.7666
395.434	3.75156
394.578	3.70844
393.725	3.63476
392.877	3.54179
392.031	3.45575
391.19	3.41241
390.352	3.44612
389.518	3.57715
388.687	3.80245
387.86	4.09409
387.036	4.40676
386.216	4.69173
385.399	4.91217
384.586	5.05361
383.776	5.12575
382.969	5.15518
382.166	5.17261
381.367	5.20026
380.57	5.2447
379.777	5.29772
378.987	5.34408
378.201	5.3717
377.418	5.37924
376.638	5.3772
375.861	5.38219
375.087	5.40717
374.317	5.45293
373.55	5.50514
372.785	5.53923
372.024	5.53135
371.267	5.47098
370.512	5.36923
369.76	5.25889
369.011	5.18519
368.266	5.19059
367.523	5.29921
366.783	5.50726
366.047	5.7833
365.313	6.0784
364.582	6.34232
363.854	6.53945
363.129	6.65851
362.407	6.71278
361.688	6.73148
360.971	6.74645
360.258	6.77986
359.547	6.83784
358.839	6.91178
358.134	6.98579
357.432	7.04606
356.732	7.08772
356.035	7.1162
355.341	7.14321
354.649	7.17996
353.96	7.23133
353.274	7.29392
352.591	7.35863
351.91	7.41601
351.232	7.46139
350.556	7.49706
349.883	7.53055
349.213	7.57021
348.545	7.62058
347.879	7.6802
347.217	7.74273
346.556	7.80077
345.899	7.84999
345.243	7.89138
344.591	7.93042
343.94	7.97382
343.292	8.02573
342.647	8.08556
342.004	8.14852
341.363	8.20854
340.725	8.26171
340.089	8.3084
339.456	8.35285
338.825	8.40061
338.196	8.45538
337.569	8.51696
336.945	8.58159
336.324	8.64418
335.704	8.70129
335.087	8.75303
334.472	8.80279
333.859	8.85522
333.249	8.91351
332.64	8.97762
332.034	9.04444
331.43	9.10973
330.829	9.17054
330.229	9.22689
329.632	9.28158
329.037	9.33849
328.444	9.40027
327.853	9.46687
327.264	9.53568
326.678	9.60314
326.093	9.6668
325.511	9.72671
324.93	9.78523
324.352	9.84554
323.776	9.90975
323.201	9.97769
322.629	10.0471
322.059	10.1151
321.491	10.1796
320.925	10.241
320.361	10.3012
319.799	10.3629
319.238	10.4275
318.68	10.4947
318.124	10.5626
317.57	10.6287
317.017	10.6918
316.467	10.7522
315.918	10.8118
315.371	10.8725
314.826	10.9355
314.284	11.0002
313.743	11.0648
313.203	11.1274
312.666	11.1874
312.13	11.2456
311.597	11.3035
311.065	11.3629
310.535	11.4241
310.007	11.4864
309.48	11.5479
308.956	11.6077
308.433	11.6656
307.912	11.7231
307.392	11.7819
306.875	11.8432
306.359	11.9068
305.845	11.9711
305.332	12.0342
304.821	12.095
304.312	12.1537
303.805	12.2121
303.3	12.2718
302.796	12.3335
302.293	12.3961
301.793	12.4576
301.294	12.5162
300.797	12.5721
300.301	12.6285
299.807	12.6904
299.314	12.763
298.824	12.8491
298.335	12.9474
297.847	13.053
297.361	13.1585
296.877	13.2568
296.394	13.3437
295.912	13.4185
295.433	13.484
294.955	13.5447
294.478	13.6044
294.003	13.6655
293.529	13.7279
293.057	13.7904
292.587	13.8515
292.118	13.91
291.65	13.966
291.184	14.0201
290.72	14.0731
290.257	14.1253
289.795	14.1768
289.335	14.2273
288.877	14.2766
288.419	14.3244
287.964	14.3709
287.509	14.4161
287.057	14.46
286.605	14.5024
286.155	14.5433
285.706	14.5825
285.259	14.6202
284.813	14.6563
284.369	14.6908
283.926	14.7236
283.484	14.7546
283.044	14.784
282.605	14.8122
282.168	14.8392
281.731	14.8643
281.297	14.8862
280.863	14.9028
280.431	14.9124
280	14.9141
