1200	48.6132
1192.15	48.5833
1184.4	48.5505
1176.75	48.5148
1169.21	48.4767
1161.75	48.4369
1154.39	48.3963
1147.13	48.3558
1139.95	48.316
1132.86	48.2772
1125.87	48.2394
1118.95	48.2021
1112.13	48.1647
1105.38	48.1262
1098.72	48.0858
1092.13	48.0427
1085.63	47.9968
1079.2	47.9478
1072.84	47.8964
1066.56	47.8431
1060.36	47.7889
1054.23	47.7347
1048.16	47.6811
1042.17	47.6285
1036.24	47.5768
1030.38	47.5259
1024.59	47.4747
1018.86	47.4226
1013.2	47.3686
1007.6	47.312
1002.06	47.2524
996.576	47.1896
991.156	47.1242
985.795	47.0569
980.491	46.9884
975.244	46.9198
970.053	46.8519
964.917	46.785
959.835	46.7191
954.806	46.6541
949.83	46.589
944.905	46.523
940.031	46.4551
935.207	46.3845
930.433	46.3106
925.707	46.2335
921.028	46.1536
916.397	46.0714
911.812	45.988
907.273	45.9045
902.778	45.8217
898.328	45.7402
893.922	45.66
889.559	45.5808
885.238	45.5019
880.958	45.4221
876.72	45.3404
872.523	45.2558
868.365	45.1676
864.247	45.0758
860.168	44.9806
856.127	44.883
852.124	44.784
848.159	44.6851
844.23	44.5873
840.337	44.4914
836.48	44.3976
832.658	44.3055
828.871	44.214
825.118	44.1218
821.399	44.0273
817.714	43.9289
814.061	43.8256
810.441	43.7169
806.853	43.6034
803.296	43.4864
799.771	43.3677
796.277	43.2501
792.813	43.1362
789.379	43.0286
785.974	42.9292
782.599	42.8393
779.253	42.7591
775.935	42.6878
772.645	42.6235
769.383	42.5641
766.149	42.5066
762.941	42.4484
759.761	42.3871
756.606	42.3208
753.478	42.2485
750.376	42.17
747.299	42.0857
744.247	41.9964
741.22	41.9036
738.218	41.8083
735.239	41.7117
732.285	41.6144
729.354	41.5167
726.447	41.4185
723.563	41.3194
720.702	41.2187
717.863	41.116
715.046	41.0108
712.251	40.903
709.479	40.7929
706.727	40.6809
703.997	40.5676
701.288	40.4537
698.6	40.3398
695.932	40.2262
693.285	40.1128
690.657	39.9995
688.05	39.8855
685.462	39.7704
682.893	39.6533
680.344	39.5336
677.814	39.4112
675.302	39.2858
672.809	39.1579
670.334	39.0279
667.878	38.8963
665.439	38.7638
663.018	38.6308
660.615	38.4973
658.229	38.3633
655.86	38.2281
653.508	38.0913
651.173	37.952
648.854	37.8098
646.553	37.6644
644.267	37.516
641.997	37.3649
639.744	37.2121
637.506	37.0587
635.283	36.9057
633.077	36.7542
630.885	36.6044
628.709	36.4566
626.547	36.31
624.4	36.1637
622.268	36.0163
620.151	35.8662
618.048	35.7123
615.959	35.5536
613.884	35.39
611.823	35.2218
609.776	35.05
607.742	34.8759
605.723	34.7008
603.716	34.5258
601.723	34.3509
599.742	34.1754
597.775	33.9974
595.821	33.8141
593.879	33.6218
591.95	33.4172
590.034	33.1973
588.13	32.9606
586.238	32.7075
584.358	32.4412
582.49	32.1675
580.634	31.8946
578.79	31.6333
576.958	31.3951
575.137	31.192
573.328	31.0349
571.53	30.9322
569.743	30.8892
567.967	30.9069
566.203	30.982
564.449	31.1072
562.706	31.2714
560.974	31.4609
559.253	31.6609
557.542	31.8567
555.841	32.0349
554.151	32.1849
552.471	32.2996
550.802	32.3756
549.142	32.4131
547.492	32.4157
545.852	32.3893
544.222	32.3411
542.602	32.2787
540.991	32.2089
539.39	32.137
537.798	32.0666
536.216	31.9989
534.643	31.9334
533.079	31.8683
531.524	31.8007
529.979	31.7279
528.442	31.6475
526.914	31.5581
525.395	31.4595
523.885	31.3529
522.383	31.2404
520.89	31.1247
519.405	31.0089
517.929	30.8956
516.461	30.7868
515.002	30.6835
513.551	30.5857
512.108	30.4923
510.673	30.4016
509.246	30.3115
507.827	30.2198
506.415	30.1249
505.012	30.0257
503.616	29.9221
502.229	29.8148
500.848	29.705
499.476	29.5945
498.111	29.4853
496.753	29.379
495.402	29.2768
494.059	29.1792
492.724	29.086
491.395	28.9963
490.074	28.9089
488.759	28.822
487.452	28.7343
486.152	28.6446
484.858	28.5521
483.572	28.4568
482.292	28.3593
481.019	28.2606
479.753	28.162
478.493	28.065
477.24	27.9707
475.994	27.88
474.754	27.7932
473.52	27.7101
472.293	27.6299
471.072	27.5515
469.858	27.4739
468.649	27.3957
467.447	27.3162
466.251	27.2348
465.062	27.1517
463.878	27.0672
462.7	26.9821
461.528	26.8977
460.362	26.8149
459.202	26.7347
458.048	26.6576
456.9	26.584
455.757	26.5136
454.62	26.4458
453.489	26.3797
452.363	26.3145
451.243	26.2491
450.129	26.1828
449.02	26.1154
447.916	26.0469
446.818	25.9775
445.725	25.9081
444.638	25.8393
443.556	25.7723
442.479	25.7075
441.407	25.6457
440.34	25.587
439.279	25.5312
438.223	25.4779
437.171	25.4265
436.125	25.3761
435.084	25.326
434.048	25.2756
433.017	25.2247
431.99	25.1731
430.969	25.1211
429.952	25.0692
428.94	25.0181
427.933	24.9685
426.93	24.9211
425.932	24.8765
424.939	24.8349
423.951	24.7965
422.967	24.7612
421.987	24.7285
421.012	24.6981
420.042	24.6694
419.076	24.6418
418.115	24.615
417.158	24.5886
416.205	24.5623
415.257	24.5358
414.313	24.5091
413.373	24.482
412.437	24.4543
411.506	24.4258
410.579	24.3962
409.656	24.3653
408.737	24.3328
407.823	24.2986
406.912	24.2627
406.005	24.2253
405.103	24.1867
404.204	24.1476
403.31	24.1087
402.419	24.0706
401.533	24.0341
400.65	23.9997
399.771	23.9679
398.896	23.9387
398.025	23.912
397.157	23.8871
396.294	23.8635
395.434	23.8403
394.578	23.8166
393.725	23.7916
392.877	23.7648
392.031	23.7359
391.19	23.7049
390.352	23.672
389.518	23.6378
388.687	23.6031
387.86	23.5686
387.036	23.5352
386.216	23.5034
385.399	23.4738
384.586	23.4464
383.776	23.4213
382.969	23.3982
382.166	23.3767
381.367	23.3563
380.57	23.3365
379.777	23.317
378.987	23.2974
378.201	23.2778
377.418	23.2582
376.638	23.2388
375.861	23.2199
375.087	23.2017
374.317	23.1845
373.55	23.1683
372.785	23.1532
372.024	23.1389
371.267	23.1251
370.512	23.1115
369.76	23.0976
369.011	23.0832
368.266	23.068
367.523	23.052
366.783	23.0351
366.047	23.0176
365.313	22.9998
364.582	22.9821
363.854	22.9649
363.129	22.9483
362.407	22.9325
361.688	22.9175
360.971	22.9031
360.258	22.8889
359.547	22.8745
358.839	22.8595
358.134	22.8435
357.432	22.8262
356.732	22.8076
356.035	22.7877
355.341	22.7669
354.649	22.7455
353.96	22.7242
353.274	22.7034
352.591	22.6835
351.91	22.6651
351.232	22.6481
350.556	22.6326
349.883	22.6183
349.213	22.6049
348.545	22.592
347.879	22.5791
347.217	22.5662
346.556	22.553
345.899	22.5399
345.243	22.5274
344.591	22.5162
343.94	22.5074
343.292	22.5021
342.647	22.5013
342.004	22.5062
341.363	22.5175
340.725	22.5357
340.089	22.5609
339.456	22.5931
338.825	22.6317
338.196	22.676
337.569	22.7253
336.945	22.7788
336.324	22.8359
335.704	22.8961
335.087	22.9594
334.472	23.026
333.859	23.0961
333.249	23.1703
332.64	23.2492
332.034	23.3332
331.43	23.4226
330.829	23.5171
330.229	23.6163
329.632	23.7191
329.037	23.8243
328.444	23.9302
327.853	24.035
327.264	24.137
326.678	24.2346
326.093	24.3267
325.511	24.4123
324.93	24.4912
324.352	24.5637
323.776	24.6305
323.201	24.6928
322.629	24.7517
322.059	24.8089
321.491	24.8655
320.925	24.9228
320.361	24.9815
319.799	25.0422
319.238	25.1048
318.68	25.1693
318.124	25.235
317.57	25.3015
317.017	25.3682
316.467	25.4344
315.918	25.4998
315.371	25.5643
314.826	25.6277
314.284	25.6904
313.743	25.7525
313.203	25.8144
312.666	25.8765
312.13	25.939
311.597	26.002
311.065	26.0656
310.535	26.1298
310.007	26.1943
309.48	26.259
308.956	26.3237
308.433	26.3885
307.912	26.4532
307.392	26.5179
306.875	26.5826
306.359	26.6475
305.845	26.7125
305.332	26.7774
304.821	26.8421
304.312	26.9061
303.805	26.9688
303.3	27.0296
302.796	27.088
302.293	27.1433
301.793	27.1954
301.294	27.2442
300.797	27.2901
300.301	27.3338
299.807	27.3762
299.314	27.4184
298.824	27.4618
298.335	27.5073
297.847	27.5561
297.361	27.6085
296.877	27.6647
296.394	27.7244
295.912	27.7868
295.433	27.8508
294.955	27.9154
294.478	27.9792
294.003	28.0412
293.529	28.1009
293.057	28.1578
292.587	28.2123
292.118	28.2648
291.65	28.3163
291.184	28.3676
290.72	28.4198
290.257	28.4733
289.795	28.5285
289.335	28.5851
288.877	28.6423
288.419	28.6989
287.964	28.7535
287.509	28.8046
287.057	28.8508
286.605	28.8912
286.155	28.9252
285.706	28.953
285.259	28.975
284.813	28.9922
284.369	29.0058
283.926	29.0168
283.484	29.0259
283.044	29.033
282.605	29.0376
282.168	29.0382
281.731	29.0326
281.297	29.0183
280.863	28.9929
280.431	28.9543
280	28.9013
