1200	97.8618
1192.15	97.8871
1184.4	97.9149
1176.75	97.9413
1169.21	97.9644
1161.75	97.987
1154.39	98.0123
1147.13	98.0398
1139.95	98.0657
1132.86	98.0885
1125.87	98.1109
1118.95	98.1362
1112.13	98.1634
1105.38	98.1888
1098.72	98.2111
1092.13	98.2334
1085.63	98.2585
1079.2	98.2853
1072.84	98.3101
1066.56	98.3319
1060.36	98.354
1054.23	98.3789
1048.16	98.4052
1042.17	98.4293
1036.24	98.4507
1030.38	98.4724
1024.59	98.497
1018.86	98.5228
1013.2	98.5462
1007.6	98.567
1002.06	98.5884
996.576	98.6126
991.156	98.6376
985.795	98.6603
980.491	98.6805
975.244	98.7015
970.053	98.7252
964.917	98.7496
959.835	98.7715
954.806	98.791
949.83	98.8115
944.905	98.8347
940.031	98.8583
935.207	98.8794
930.433	98.8983
925.707	98.9182
921.028	98.9407
916.397	98.9636
911.812	98.9838
907.273	99.002
902.778	99.0214
898.328	99.0432
893.922	99.0653
889.559	99.0847
885.238	99.1021
880.958	99.1208
876.72	99.142
872.523	99.1632
868.365	99.1818
864.247	99.1985
860.168	99.2164
856.127	99.2368
852.124	99.2573
848.159	99.275
844.23	99.2908
840.337	99.308
836.48	99.3276
832.658	99.3472
828.871	99.3641
825.118	99.379
821.399	99.3953
817.714	99.4141
814.061	99.4329
810.441	99.4488
806.853	99.4628
803.296	99.478
799.771	99.496
796.277	99.5139
792.813	99.529
789.379	99.5418
785.974	99.5559
782.599	99.5728
779.253	99.59
775.935	99.6041
772.645	99.6155
769.383	99.6283
766.149	99.6443
762.941	99.6607
759.761	99.6737
756.606	99.6835
753.478	99.6946
750.376	99.7096
747.299	99.7255
744.247	99.7373
741.22	99.745
738.218	99.754
735.239	99.7683
732.285	99.7842
729.354	99.7946
726.447	99.7986
723.563	99.8042
720.702	99.8187
717.863	99.838
715.046	99.8485
712.251	99.8427
709.479	99.8306
706.727	99.8303
703.997	99.8489
701.288	99.8732
698.6	99.8842
695.932	99.8785
693.285	99.8711
690.657	99.8773
688.05	99.8942
685.462	99.9053
682.893	99.9016
680.344	99.8933
677.814	99.8961
675.302	99.9111
672.809	99.9229
670.334	99.9198
667.878	99.9089
665.439	99.9076
663.018	99.9209
660.615	99.934
658.229	99.9314
655.86	99.9169
653.508	99.9095
651.173	99.9189
648.854	99.9334
646.553	99.9346
644.267	99.9211
641.997	99.9101
639.744	99.9146
637.506	99.927
635.283	99.9291
633.077	99.9166
630.885	99.9046
628.709	99.907
626.547	99.9183
624.4	99.9206
622.268	99.9078
620.151	99.8937
618.048	99.893
615.959	99.9022
613.884	99.9039
611.823	99.8905
609.776	99.8744
607.742	99.8711
605.723	99.8784
603.716	99.8794
601.723	99.8654
599.742	99.8477
597.775	99.8422
595.821	99.848
593.879	99.8482
591.95	99.8336
590.034	99.8145
588.13	99.8072
586.238	99.8115
584.358	99.8109
582.49	99.7954
580.634	99.7748
578.79	99.7658
576.958	99.7685
575.137	99.7668
573.328	99.7501
571.53	99.7278
569.743	99.7168
567.967	99.718
566.203	99.7149
564.449	99.6967
562.706	99.6727
560.974	99.6602
559.253	99.6603
557.542	99.6566
555.841	99.6376
554.151	99.6131
552.471	99.601
550.802	99.6028
549.142	99.6013
547.492	99.5847
545.852	99.5633
544.222	99.5563
542.602	99.5649
540.991	99.5701
539.39	99.5582
537.798	99.5395
536.216	99.5339
534.643	99.5398
533.079	99.5299
531.524	99.4809
529.979	99.3989
528.442	99.3088
526.914	99.2214
525.395	99.1227
523.885	98.9985
522.383	98.8622
520.89	98.7456
519.405	98.665
517.929	98.6049
516.461	98.5411
515.002	98.4716
513.551	98.4157
512.108	98.3845
510.673	98.3639
509.246	98.3315
507.827	98.2852
506.415	98.2436
505.012	98.2197
503.616	98.203
502.229	98.1741
500.848	98.1307
499.476	98.0898
498.111	98.0637
496.753	98.0439
495.402	98.0136
494.059	97.9706
492.724	97.9302
491.395	97.9029
490.074	97.8811
488.759	97.8497
487.452	97.8078
486.152	97.769
484.858	97.7425
483.572	97.7203
482.292	97.6889
481.019	97.6488
479.753	97.613
478.493	97.5888
477.24	97.5673
475.994	97.5365
474.754	97.4985
473.52	97.4663
472.293	97.4452
471.072	97.4248
469.858	97.3942
468.649	97.3578
467.447	97.3293
466.251	97.3121
465.062	97.2936
463.878	97.2637
462.7	97.2295
461.528	97.2064
460.362	97.1955
459.202	97.181
458.048	97.1519
456.9	97.1194
455.757	97.1021
454.62	97.0992
453.489	97.0891
452.363	97.0586
451.243	97.0238
450.129	97.0122
449.02	97.0262
447.916	97.038
446.818	97.0254
445.725	97.0014
444.638	96.9979
443.556	97.0211
442.479	97.0383
441.407	97.016
440.34	96.9626
439.279	96.9204
438.223	96.9158
437.171	96.9306
436.125	96.9294
435.084	96.9052
434.048	96.8851
433.017	96.8903
431.99	96.9072
430.969	96.9069
429.952	96.8849
428.94	96.8674
427.933	96.8744
426.93	96.8926
425.932	96.8937
424.939	96.8723
423.951	96.8526
422.967	96.8544
421.987	96.8665
421.012	96.8636
420.042	96.8417
419.076	96.8217
418.115	96.8188
417.158	96.8209
416.205	96.809
415.257	96.789
414.313	96.7873
413.373	96.8129
412.437	96.8399
411.506	96.8387
410.579	96.8167
409.656	96.8092
408.737	96.8287
407.823	96.841
406.912	96.8058
406.005	96.7342
405.103	96.6831
404.204	96.689
403.31	96.7229
402.419	96.7267
401.533	96.6868
400.65	96.6507
399.771	96.6642
398.896	96.7113
398.025	96.7361
397.157	96.7165
396.294	96.6932
395.434	96.7132
394.578	96.7648
393.725	96.7907
392.877	96.7644
392.031	96.7264
391.19	96.7317
390.352	96.776
389.518	96.7996
388.687	96.7659
387.86	96.7106
387.036	96.6961
386.216	96.73
385.399	96.7553
384.586	96.7258
383.776	96.6675
382.969	96.6442
382.166	96.674
381.367	96.7053
380.57	96.6863
379.777	96.6331
378.987	96.6078
378.201	96.6358
377.418	96.6722
376.638	96.6627
375.861	96.6155
375.087	96.59
374.317	96.6167
373.55	96.6567
372.785	96.6544
372.024	96.6123
371.267	96.5869
370.512	96.6128
369.76	96.6556
369.011	96.6589
368.266	96.6203
367.523	96.5947
366.783	96.6202
366.047	96.6657
365.313	96.673
364.582	96.6356
363.854	96.609
363.129	96.6362
362.407	96.6889
361.688	96.7033
360.971	96.6651
360.258	96.6301
359.547	96.6517
358.839	96.7096
358.134	96.7357
357.432	96.7024
356.732	96.6593
356.035	96.6683
355.341	96.7236
354.649	96.7612
353.96	96.7425
353.274	96.7036
352.591	96.7043
351.91	96.7487
351.232	96.7807
350.556	96.7601
349.883	96.7166
349.213	96.71
348.545	96.7507
347.879	96.7871
347.217	96.7748
346.556	96.7346
345.899	96.7235
345.243	96.7581
344.591	96.794
343.94	96.786
343.292	96.7492
342.647	96.7371
342.004	96.7697
341.363	96.8069
340.725	96.8032
340.089	96.769
339.456	96.7564
338.825	96.7885
338.196	96.8281
337.569	96.8275
336.945	96.7926
336.324	96.776
335.704	96.8076
335.087	96.8557
334.472	96.8682
333.859	96.8404
333.249	96.8188
332.64	96.8394
332.034	96.8821
331.43	96.8998
330.829	96.8812
330.229	96.8637
329.632	96.8813
329.037	96.9199
328.444	96.938
327.853	96.9232
327.264	96.9067
326.678	96.9194
326.093	96.9503
325.511	96.9636
324.93	96.9494
324.352	96.9368
323.776	96.9533
323.201	96.9866
322.629	97.0009
322.059	96.9861
321.491	96.9716
320.925	96.9864
320.361	97.02
319.799	97.0371
319.238	97.0259
318.68	97.0139
318.124	97.0298
317.57	97.0644
317.017	97.0826
316.467	97.0715
315.918	97.0573
315.371	97.0695
314.826	97.1008
314.284	97.1174
313.743	97.1051
313.203	97.0888
312.666	97.0983
312.13	97.1276
311.597	97.1435
311.065	97.1307
310.535	97.1127
310.007	97.1198
309.48	97.1479
308.956	97.1641
308.433	97.1518
307.912	97.133
307.392	97.1382
306.875	97.1652
306.359	97.1819
305.845	97.1703
305.332	97.1509
304.821	97.1543
304.312	97.1798
303.805	97.196
303.3	97.1845
302.796	97.1642
302.293	97.1658
301.793	97.1896
301.294	97.2051
300.797	97.1932
300.301	97.172
299.807	97.1723
299.314	97.1949
298.824	97.21
298.335	97.1977
297.847	97.1757
297.361	97.175
296.877	97.1974
296.394	97.2126
295.912	97.2
295.433	97.1772
294.955	97.176
294.478	97.1989
294.003	97.215
293.529	97.2025
293.057	97.1787
292.587	97.1771
292.118	97.2011
291.65	97.2192
291.184	97.2073
290.72	97.1825
290.257	97.1802
289.795	97.2058
289.335	97.2269
288.877	97.2168
288.419	97.1912
287.964	97.1879
287.509	97.2151
287.057	97.2404
286.605	97.2337
286.155	97.2084
285.706	97.204
285.259	97.2328
284.813	97.2629
284.369	97.2604
283.926	97.2354
283.484	97.229
283.044	97.2591
282.605	97.2968
282.168	97.3036
281.731	97.2814
281.297	97.269
280.863	97.2921
280.431	97.3312
280	97.3488
