1200	1.63135
1192.15	1.60902
1184.4	1.58598
1176.75	1.56312
1169.21	1.54111
1161.75	1.51945
1154.39	1.49722
1147.13	1.47448
1139.95	1.45216
1132.86	1.43066
1125.87	1.40927
1118.95	1.38725
1112.13	1.36495
1105.38	1.34327
1098.72	1.3223
1092.13	1.30122
1085.63	1.27953
1079.2	1.25782
1072.84	1.23684
1066.56	1.21641
1060.36	1.19569
1054.23	1.17447
1048.16	1.15346
1042.17	1.13322
1036.24	1.11335
1030.38	1.09307
1024.59	1.07244
1018.86	1.05221
1013.2	1.03274
1007.6	1.01343
1002.06	0.993668
996.576	0.973734
991.156	0.954368
985.795	0.935658
980.491	0.916927
975.244	0.897758
970.053	0.878616
964.917	0.860137
959.835	0.842176
954.806	0.824046
949.83	0.80555
944.905	0.78727
940.031	0.769682
935.207	0.752452
930.433	0.734951
925.707	0.7172
921.028	0.699827
916.397	0.683117
911.812	0.6666
907.273	0.649764
902.778	0.632823
898.328	0.616381
893.922	0.600526
889.559	0.584711
885.238	0.568585
880.958	0.55251
876.72	0.537009
872.523	0.521984
868.365	0.50688
864.247	0.491519
860.168	0.476359
856.127	0.4618
852.124	0.447591
848.159	0.433222
844.23	0.418692
840.337	0.404494
836.48	0.39088
832.658	0.37749
828.871	0.363908
825.118	0.350284
821.399	0.337095
817.714	0.324438
814.061	0.311896
810.441	0.299177
806.853	0.286545
803.296	0.274417
799.771	0.262747
796.277	0.251111
792.813	0.239354
789.379	0.227811
785.974	0.216805
782.599	0.206173
779.253	0.195533
775.935	0.184857
772.645	0.174507
769.383	0.164694
766.149	0.155178
762.941	0.145649
759.761	0.136189
756.606	0.127143
753.478	0.118607
750.376	0.110308
747.299	0.102028
744.247	0.0939265
741.22	0.0862954
738.218	0.0791337
735.239	0.0721737
732.285	0.0652943
729.354	0.058694
726.447	0.0525893
723.563	0.0469081
720.702	0.0414238
717.863	0.0361019
715.046	0.0311394
712.251	0.0266682
709.479	0.0225811
706.727	0.018719
703.997	0.01511
701.288	0.0119113
698.6	0.00917533
695.932	0.00680181
693.285	0.00471508
690.657	0.00297099
688.05	0.0016512
685.462	0.000747125
682.893	0.00021386
680.344	6.76051e-05
677.814	0.000344459
675.302	0.00101271
672.809	0.00203347
670.334	0.00348489
667.878	0.00548868
665.439	0.00798698
663.018	0.0107589
660.615	0.013786
658.229	0.0174499
655.86	0.0220676
653.508	0.027156
651.173	0.0314364
648.854	0.0339089
646.553	0.0349764
644.267	0.0362976
641.997	0.0393563
639.744	0.0441852
637.506	0.0495376
635.283	0.0542127
633.077	0.0580767
630.885	0.0618443
628.709	0.0661268
626.547	0.0709054
624.4	0.0758612
622.268	0.0809497
620.151	0.0864739
618.048	0.0926621
615.959	0.0993672
613.884	0.106271
611.823	0.113298
609.776	0.120685
607.742	0.128647
605.723	0.137076
603.716	0.145689
601.723	0.154419
599.742	0.163508
597.775	0.173167
595.821	0.183255
593.879	0.193445
591.95	0.203672
590.034	0.214223
588.13	0.225319
586.238	0.23676
584.358	0.248177
582.49	0.259558
580.634	0.271285
578.79	0.283584
576.958	0.296166
575.137	0.308625
573.328	0.32105
571.53	0.333937
569.743	0.347472
567.967	0.361233
566.203	0.374793
564.449	0.388392
562.706	0.402628
560.974	0.417586
559.253	0.432671
557.542	0.447481
555.841	0.462453
554.151	0.478266
552.471	0.494822
550.802	0.511339
549.142	0.527513
547.492	0.544031
545.852	0.561598
544.222	0.579849
542.602	0.597832
540.991	0.615435
539.39	0.633636
537.798	0.653083
536.216	0.673062
534.643	0.692491
533.079	0.711573
531.524	0.731597
529.979	0.753036
528.442	0.774741
526.914	0.795588
525.395	0.816236
523.885	0.838277
522.383	0.86185
520.89	0.885295
519.405	0.907573
517.929	0.929967
516.461	0.954326
515.002	0.980247
513.551	1.00547
512.108	1.02924
510.673	1.05366
509.246	1.08074
507.827	1.10923
506.415	1.13617
505.012	1.16135
503.616	1.18795
502.229	1.21802
500.848	1.24896
499.476	1.27692
498.111	1.30258
496.753	1.33076
495.402	1.36333
494.059	1.39537
492.724	1.42119
491.395	1.44284
490.074	1.46857
488.759	1.50225
487.452	1.53785
486.152	1.56795
484.858	1.59473
483.572	1.62629
482.292	1.66011
481.019	1.67604
479.753	1.65389
478.493	1.59939
477.24	1.54777
475.994	1.53636
474.754	1.57348
473.52	1.63622
472.293	1.69739
471.072	1.75077
469.858	1.80932
468.649	1.88436
467.447	1.97227
466.251	2.06122
465.062	2.1444
463.878	2.22255
462.7	2.29606
461.528	2.36043
460.362	2.41115
459.202	2.44969
458.048	2.48172
456.9	2.51041
455.757	2.53442
454.62	2.55253
453.489	2.56737
452.363	2.58283
451.243	2.59948
450.129	2.6147
449.02	2.62715
447.916	2.63884
446.818	2.65203
445.725	2.6659
444.638	2.67775
443.556	2.68696
442.479	2.69565
441.407	2.7054
440.34	2.71493
439.279	2.72206
438.223	2.72693
437.171	2.73169
436.125	2.73731
435.084	2.74228
434.048	2.74497
433.017	2.74601
431.99	2.74737
430.969	2.74947
429.952	2.75071
428.94	2.74995
427.933	2.74821
426.93	2.74712
425.932	2.74663
424.939	2.74522
423.951	2.74224
422.967	2.73888
421.987	2.73643
421.012	2.73447
420.042	2.73165
419.076	2.72774
418.115	2.72398
417.158	2.72128
416.205	2.71895
415.257	2.71587
414.313	2.71214
413.373	2.7089
412.437	2.70667
411.506	2.70465
410.579	2.70195
409.656	2.69889
408.737	2.69639
407.823	2.69467
406.912	2.69293
406.005	2.69055
405.103	2.68789
404.204	2.68561
403.31	2.68373
402.419	2.68168
401.533	2.67908
400.65	2.67607
399.771	2.67296
398.896	2.66989
398.025	2.66691
397.157	2.66372
396.294	2.65923
395.434	2.65196
394.578	2.64176
393.725	2.63086
392.877	2.62232
392.031	2.61679
391.19	2.6114
390.352	2.60246
389.518	2.58922
388.687	2.57434
387.86	2.56077
387.036	2.54884
386.216	2.53692
385.399	2.52416
384.586	2.51141
383.776	2.49956
382.969	2.488
382.166	2.47541
381.367	2.46164
380.57	2.44785
379.777	2.43481
378.987	2.42191
378.201	2.40816
377.418	2.39373
376.638	2.37964
375.861	2.36629
375.087	2.35289
374.317	2.33873
373.55	2.32423
372.785	2.31032
372.024	2.29713
371.267	2.28386
370.512	2.2701
369.76	2.25643
369.011	2.24362
368.266	2.23151
367.523	2.21936
366.783	2.20694
366.047	2.19487
365.313	2.18354
364.582	2.17243
363.854	2.16069
363.129	2.14811
362.407	2.13506
361.688	2.12156
360.971	2.10698
360.258	2.09099
359.547	2.07421
358.839	2.05765
358.134	2.04158
357.432	2.0255
356.732	2.00915
356.035	1.99307
355.341	1.97783
354.649	1.96314
353.96	1.94818
353.274	1.93277
352.591	1.91752
351.91	1.90291
351.232	1.88849
350.556	1.87354
349.883	1.85809
349.213	1.84289
348.545	1.82828
347.879	1.81369
347.217	1.79853
346.556	1.78305
345.899	1.76802
345.243	1.75359
344.591	1.73914
343.94	1.72419
343.292	1.70921
342.647	1.6949
342.004	1.68123
341.363	1.66752
340.725	1.65349
340.089	1.63976
339.456	1.6269
338.825	1.61467
338.196	1.60242
337.569	1.59012
336.945	1.57843
336.324	1.56774
335.704	1.55764
335.087	1.54759
334.472	1.53778
333.859	1.52888
333.249	1.52102
332.64	1.51367
332.034	1.5065
331.43	1.49993
330.829	1.49446
330.229	1.48994
329.632	1.48588
329.037	1.48232
328.444	1.4797
327.853	1.47809
327.264	1.47725
326.678	1.47773
326.093	1.48086
325.511	1.48649
324.93	1.49155
324.352	1.49262
323.776	1.49056
323.201	1.49093
322.629	1.49803
322.059	1.50928
321.491	1.51826
320.925	1.52434
320.361	1.53647
319.799	1.56354
319.238	1.60085
318.68	1.62959
318.124	1.63358
317.57	1.6162
317.017	1.5982
316.467	1.59786
315.918	1.61502
315.371	1.63559
314.826	1.64934
314.284	1.65942
313.743	1.67446
313.203	1.69578
312.666	1.71631
312.13	1.73086
311.597	1.74267
311.065	1.75761
310.535	1.77481
310.007	1.78728
309.48	1.79167
308.956	1.79367
308.433	1.80088
307.912	1.81228
307.392	1.81828
306.875	1.81235
306.359	1.80002
305.845	1.79413
305.332	1.80205
304.821	1.81927
304.312	1.83578
303.805	1.84623
303.3	1.85269
302.796	1.85915
302.293	1.86636
301.793	1.87277
301.294	1.87847
300.797	1.8862
300.301	1.89855
299.807	1.91563
299.314	1.93592
298.824	1.95831
298.335	1.98248
297.847	2.00783
297.361	2.03327
296.877	2.05826
296.394	2.08327
295.912	2.10888
295.433	2.13473
294.955	2.16002
294.478	2.18457
294.003	2.20893
293.529	2.2332
293.057	2.25655
292.587	2.27809
292.118	2.29782
291.65	2.31626
291.184	2.33331
290.72	2.34816
290.257	2.36041
289.795	2.37065
289.335	2.37974
288.877	2.38768
288.419	2.3939
287.964	2.39845
287.509	2.40225
287.057	2.40607
286.605	2.40967
286.155	2.41243
285.706	2.41453
285.259	2.41688
284.813	2.41993
284.369	2.42311
283.926	2.42577
283.484	2.42823
283.044	2.43136
282.605	2.43533
282.168	2.43933
281.731	2.44281
281.297	2.44629
280.863	2.4506
280.431	2.45564
280	2.4605
