1200	35.2311
1192.15	35.1599
1184.4	35.0859
1176.75	35.0062
1169.21	34.9205
1161.75	34.8311
1154.39	34.7421
1147.13	34.6565
1139.95	34.5753
1132.86	34.4961
1125.87	34.4149
1118.95	34.3281
1112.13	34.2348
1105.38	34.137
1098.72	34.0388
1092.13	33.944
1085.63	33.8541
1079.2	33.7673
1072.84	33.6793
1066.56	33.5859
1060.36	33.4854
1054.23	33.3792
1048.16	33.2718
1042.17	33.1679
1036.24	33.0697
1030.38	32.9757
1024.59	32.8816
1018.86	32.782
1013.2	32.6741
1007.6	32.5591
1002.06	32.4418
996.576	32.328
991.156	32.2215
985.795	32.1211
980.491	32.0214
975.244	31.9154
970.053	31.7983
964.917	31.6714
959.835	31.5426
954.806	31.4236
949.83	31.3252
944.905	31.2524
940.031	31.2017
935.207	31.1622
930.433	31.1199
925.707	31.0635
921.028	30.9887
916.397	30.899
911.812	30.8031
907.273	30.7101
902.778	30.6248
898.328	30.5459
893.922	30.4669
889.559	30.3808
885.238	30.2838
880.958	30.178
876.72	30.0707
872.523	29.9701
868.365	29.8815
864.247	29.8041
860.168	29.7311
856.127	29.6532
852.124	29.5632
848.159	29.4597
844.23	29.3479
840.337	29.2362
836.48	29.1321
832.658	29.0376
828.871	28.9479
825.118	28.8543
821.399	28.749
817.714	28.6306
814.061	28.5067
810.441	28.3921
806.853	28.3024
803.296	28.2467
799.771	28.2222
796.277	28.2131
792.813	28.1954
789.379	28.1461
785.974	28.0522
782.599	27.9165
779.253	27.7577
775.935	27.6038
772.645	27.4821
769.383	27.4097
766.149	27.3869
762.941	27.3977
759.761	27.4154
756.606	27.4118
753.478	27.3662
750.376	27.2711
747.299	27.1324
744.247	26.966
741.22	26.7908
738.218	26.6221
735.239	26.4676
732.285	26.3269
729.354	26.1935
726.447	26.059
723.563	25.9172
720.702	25.766
717.863	25.6078
715.046	25.4477
712.251	25.2908
709.479	25.1403
706.727	24.9962
703.997	24.8556
701.288	24.7148
698.6	24.5701
695.932	24.4203
693.285	24.2664
690.657	24.1113
688.05	23.9582
685.462	23.8094
682.893	23.6651
680.344	23.5237
677.814	23.3821
675.302	23.2378
672.809	23.0894
670.334	22.9379
667.878	22.7855
665.439	22.6351
663.018	22.4886
660.615	22.3461
658.229	22.206
655.86	22.0655
653.508	21.9222
651.173	21.7753
648.854	21.6257
646.553	21.476
644.267	21.3289
641.997	21.1859
639.744	21.0467
637.506	20.9091
635.283	20.7705
633.077	20.6287
630.885	20.4835
628.709	20.3366
626.547	20.1906
624.4	20.0482
622.268	19.91
620.151	19.7752
618.048	19.641
615.959	19.5048
613.884	19.3652
611.823	19.2229
609.776	19.08
607.742	18.9395
605.723	18.8032
603.716	18.6712
601.723	18.5415
599.742	18.4113
597.775	18.2785
595.821	18.1424
593.879	18.0046
591.95	17.8678
590.034	17.7345
588.13	17.6059
586.238	17.481
584.358	17.3574
582.49	17.2324
580.634	17.1046
578.79	16.9745
576.958	16.8446
575.137	16.7174
573.328	16.5951
571.53	16.4775
569.743	16.3625
567.967	16.2471
566.203	16.1289
564.449	16.007
562.706	15.8829
560.974	15.7591
559.253	15.6385
557.542	15.5223
555.841	15.4099
554.151	15.2992
552.471	15.1876
550.802	15.0737
549.142	14.9579
547.492	14.8423
545.852	14.7293
544.222	14.6208
542.602	14.5168
540.991	14.4157
539.39	14.3149
537.798	14.2125
536.216	14.108
534.643	14.0028
533.079	13.8993
531.524	13.7998
529.979	13.7053
528.442	13.615
526.914	13.5269
525.395	13.439
523.885	13.3501
522.383	13.2607
520.89	13.1725
519.405	13.0874
517.929	13.0063
516.461	12.9283
515.002	12.8512
513.551	12.7725
512.108	12.6906
510.673	12.6059
509.246	12.5208
507.827	12.4382
506.415	12.3609
505.012	12.2896
503.616	12.2228
502.229	12.1579
500.848	12.092
499.476	12.0239
498.111	11.9542
496.753	11.8856
495.402	11.8208
494.059	11.7618
492.724	11.7085
491.395	11.6587
490.074	11.6097
488.759	11.559
487.452	11.5066
486.152	11.454
484.858	11.4045
483.572	11.3608
482.292	11.324
481.019	11.2929
479.753	11.2645
478.493	11.2356
477.24	11.2045
475.994	11.1726
474.754	11.1441
473.52	11.125
472.293	11.1205
471.072	11.1332
469.858	11.1619
468.649	11.2009
467.447	11.2425
466.251	11.2784
465.062	11.3024
463.878	11.3115
462.7	11.3067
461.528	11.2918
460.362	11.2723
459.202	11.253
458.048	11.2376
456.9	11.2277
455.757	11.2231
454.62	11.2222
453.489	11.2234
452.363	11.2252
451.243	11.2268
450.129	11.2277
449.02	11.2282
447.916	11.2286
446.818	11.2291
445.725	11.2302
444.638	11.2322
443.556	11.2356
442.479	11.2408
441.407	11.2478
440.34	11.2562
439.279	11.2651
438.223	11.273
437.171	11.279
436.125	11.2831
435.084	11.2865
434.048	11.2915
433.017	11.3003
431.99	11.3137
430.969	11.3291
429.952	11.3405
428.94	11.3391
427.933	11.3166
426.93	11.2682
425.932	11.1967
424.939	11.1142
423.951	11.0401
422.967	10.997
421.987	11.0043
421.012	11.0715
420.042	11.1945
419.076	11.3561
418.115	11.5305
417.158	11.6913
416.205	11.8188
415.257	11.9058
414.313	11.9577
413.373	11.9891
412.437	12.0167
411.506	12.0526
410.579	12.1006
409.656	12.1564
408.737	12.2115
407.823	12.2582
406.912	12.2945
406.005	12.3243
405.103	12.355
404.204	12.3925
403.31	12.4371
402.419	12.4813
401.533	12.5129
400.65	12.5198
399.771	12.4961
398.896	12.4455
398.025	12.3804
397.157	12.317
396.294	12.2686
395.434	12.2398
394.578	12.2255
393.725	12.2134
392.877	12.1911
392.031	12.1522
391.19	12.0996
390.352	12.0438
389.518	11.996
388.687	11.9606
387.86	11.9301
387.036	11.886
386.216	11.8058
385.399	11.6746
384.586	11.4945
383.776	11.2897
382.969	11.1017
382.166	10.9771
381.367	10.9522
380.57	11.0389
379.777	11.2196
378.987	11.452
378.201	11.6823
377.418	11.8631
376.638	11.9671
375.861	11.9942
375.087	11.9672
374.317	11.9206
373.55	11.886
372.785	11.8808
372.024	11.9041
371.267	11.9405
370.512	11.97
369.76	11.9776
369.011	11.9606
368.266	11.928
367.523	11.8952
366.783	11.8755
366.047	11.8732
365.313	11.8812
364.582	11.8848
363.854	11.8689
363.129	11.8265
362.407	11.7634
361.688	11.6973
360.971	11.6532
360.258	11.654
359.547	11.7129
358.839	11.8294
358.134	11.9895
357.432	12.1714
356.732	12.3521
356.035	12.5142
355.341	12.6489
354.649	12.7564
353.96	12.8422
353.274	12.9139
352.591	12.9773
351.91	13.0353
351.232	13.0885
350.556	13.1365
349.883	13.18
349.213	13.2208
348.545	13.2618
347.879	13.3053
347.217	13.3525
346.556	13.4023
345.899	13.4527
345.243	13.5017
344.591	13.5482
343.94	13.5927
343.292	13.6371
342.647	13.6837
342.004	13.7338
341.363	13.7875
340.725	13.8433
340.089	13.8994
339.456	13.9543
338.825	14.0075
338.196	14.0599
337.569	14.1131
336.945	14.1686
336.324	14.2272
335.704	14.2885
335.087	14.3512
334.472	14.4138
333.859	14.4753
333.249	14.5359
332.64	14.5962
332.034	14.6577
331.43	14.7212
330.829	14.787
330.229	14.8547
329.632	14.9232
329.037	14.9915
328.444	15.0589
327.853	15.1258
327.264	15.1929
326.678	15.2612
326.093	15.3313
325.511	15.4034
324.93	15.4769
324.352	15.551
323.776	15.6247
323.201	15.6976
322.629	15.7701
322.059	15.8427
321.491	15.9167
320.925	15.9932
320.361	16.0726
319.799	16.1551
319.238	16.24
318.68	16.3264
318.124	16.4131
317.57	16.4995
317.017	16.5851
316.467	16.67
315.918	16.7548
315.371	16.84
314.826	16.9259
314.284	17.0125
313.743	17.0995
313.203	17.1861
312.666	17.2717
312.13	17.3557
311.597	17.4383
311.065	17.5199
310.535	17.6012
310.007	17.683
309.48	17.7656
308.956	17.8493
308.433	17.9335
307.912	18.0178
307.392	18.1018
306.875	18.1852
306.359	18.2684
305.845	18.3518
305.332	18.4358
304.821	18.5206
304.312	18.6062
303.805	18.6923
303.3	18.7783
302.796	18.8641
302.293	18.9498
301.793	19.0356
301.294	19.1221
300.797	19.2097
300.301	19.2985
299.807	19.3882
299.314	19.4783
298.824	19.5678
298.335	19.6562
297.847	19.743
297.361	19.8285
296.877	19.9135
296.394	19.9992
295.912	20.0874
295.433	20.1799
294.955	20.2782
294.478	20.3831
294.003	20.494
293.529	20.609
293.057	20.725
292.587	20.8379
292.118	20.9439
291.65	21.0406
291.184	21.1272
290.72	21.2052
290.257	21.2778
289.795	21.3488
289.335	21.4214
288.877	21.4973
288.419	21.5762
287.964	21.6562
287.509	21.7347
287.057	21.8096
286.605	21.88
286.155	21.9466
285.706	22.0111
285.259	22.0752
284.813	22.1397
284.369	22.2044
283.926	22.2677
283.484	22.3275
283.044	22.3824
282.605	22.4321
282.168	22.4777
281.731	22.5211
281.297	22.5644
280.863	22.6088
280.431	22.6545
280	22.7004
