1200	26.8887
1192.15	26.8049
1184.4	26.7191
1176.75	26.631
1169.21	26.5408
1161.75	26.4494
1154.39	26.3579
1147.13	26.2669
1139.95	26.1764
1132.86	26.0859
1125.87	25.9943
1118.95	25.9009
1112.13	25.8051
1105.38	25.7075
1098.72	25.6087
1092.13	25.5098
1085.63	25.4113
1079.2	25.3135
1072.84	25.2156
1066.56	25.1167
1060.36	25.0162
1054.23	24.9135
1048.16	24.8091
1042.17	24.7036
1036.24	24.5979
1030.38	24.4927
1024.59	24.388
1018.86	24.2833
1013.2	24.1779
1007.6	24.071
1002.06	23.9622
996.576	23.8519
991.156	23.7406
985.795	23.629
980.491	23.5176
975.244	23.4063
970.053	23.2951
964.917	23.1833
959.835	23.0706
954.806	22.9569
949.83	22.8423
944.905	22.7268
940.031	22.6104
935.207	22.4928
930.433	22.374
925.707	22.2542
921.028	22.1347
916.397	22.0178
911.812	21.9068
907.273	21.8048
902.778	21.7139
898.328	21.6343
893.922	21.5634
889.559	21.4965
885.238	21.4277
880.958	21.3516
876.72	21.265
872.523	21.1678
868.365	21.0625
864.247	20.9539
860.168	20.8466
856.127	20.7438
852.124	20.6461
848.159	20.5515
844.23	20.4562
840.337	20.3567
836.48	20.2513
832.658	20.1404
828.871	20.0272
825.118	19.9155
821.399	19.8087
817.714	19.708
814.061	19.6121
810.441	19.517
806.853	19.4184
803.296	19.3129
799.771	19.1996
796.277	19.0803
792.813	18.9591
789.379	18.8402
785.974	18.7266
782.599	18.6186
779.253	18.5136
775.935	18.4079
772.645	18.2979
769.383	18.1825
766.149	18.0641
762.941	17.9474
759.761	17.8385
756.606	17.7416
753.478	17.6567
750.376	17.5791
747.299	17.4994
744.247	17.4071
741.22	17.2935
738.218	17.1557
735.239	16.9988
732.285	16.835
729.354	16.6818
726.447	16.5567
723.563	16.473
720.702	16.4353
717.863	16.4384
715.046	16.4679
712.251	16.5041
709.479	16.5268
706.727	16.5198
703.997	16.4747
701.288	16.3921
698.6	16.2796
695.932	16.1494
693.285	16.0144
690.657	15.884
688.05	15.7631
685.462	15.6511
682.893	15.544
680.344	15.4362
677.814	15.3231
675.302	15.203
672.809	15.0768
670.334	14.948
667.878	14.8207
665.439	14.698
663.018	14.581
660.615	14.4687
658.229	14.3585
655.86	14.2471
653.508	14.1325
651.173	14.0142
648.854	13.8932
646.553	13.7722
644.267	13.6535
641.997	13.5391
639.744	13.429
637.506	13.3221
635.283	13.2164
633.077	13.1098
630.885	13.001
628.709	12.8899
626.547	12.7776
624.4	12.6656
622.268	12.5553
620.151	12.4472
618.048	12.341
615.959	12.2353
613.884	12.129
611.823	12.0214
609.776	11.9125
607.742	11.8037
605.723	11.6964
603.716	11.592
601.723	11.4912
599.742	11.3933
597.775	11.2972
595.821	11.2014
593.879	11.1052
591.95	11.009
590.034	10.9143
588.13	10.8238
586.238	10.7395
584.358	10.6626
582.49	10.5925
580.634	10.5267
578.79	10.4618
576.958	10.3941
575.137	10.3208
573.328	10.2412
571.53	10.1561
569.743	10.068
567.967	9.97964
566.203	9.89327
564.449	9.80984
562.706	9.72887
560.974	9.64895
559.253	9.56846
557.542	9.48637
555.841	9.40269
554.151	9.31843
552.471	9.23515
550.802	9.15423
549.142	9.07629
547.492	9.00098
545.852	8.92714
544.222	8.85341
542.602	8.77878
540.991	8.70312
539.39	8.62718
537.798	8.55227
536.216	8.4797
534.643	8.41017
533.079	8.34353
531.524	8.27885
529.979	8.21487
528.442	8.15054
526.914	8.08556
525.395	8.02045
523.885	7.95635
522.383	7.89453
520.89	7.8358
519.405	7.78019
517.929	7.72693
516.461	7.67479
515.002	7.62264
513.551	7.56995
512.108	7.51707
510.673	7.46505
509.246	7.41532
507.827	7.36908
506.415	7.3269
505.012	7.28857
503.616	7.25331
502.229	7.22022
500.848	7.18875
499.476	7.159
498.111	7.13173
496.753	7.10798
495.402	7.08862
494.059	7.0738
492.724	7.06276
491.395	7.05387
490.074	7.04506
488.759	7.03433
487.452	7.02028
486.152	7.00235
484.858	6.98086
483.572	6.95668
482.292	6.93091
481.019	6.90452
479.753	6.87815
478.493	6.85215
477.24	6.82671
475.994	6.80202
474.754	6.77835
473.52	6.75603
472.293	6.73535
471.072	6.71642
469.858	6.69908
468.649	6.68302
467.447	6.66785
466.251	6.65335
465.062	6.63951
463.878	6.62661
462.7	6.61502
461.528	6.60505
460.362	6.59683
459.202	6.59024
458.048	6.58503
456.9	6.58102
455.757	6.57825
454.62	6.57706
453.489	6.57801
452.363	6.58162
451.243	6.58814
450.129	6.5974
449.02	6.60879
447.916	6.62152
446.818	6.63491
445.725	6.64864
444.638	6.66287
443.556	6.6781
442.479	6.6948
441.407	6.71304
440.34	6.73224
439.279	6.75121
438.223	6.76849
437.171	6.78291
436.125	6.79408
435.084	6.80272
434.048	6.81049
433.017	6.81952
431.99	6.83168
430.969	6.84792
429.952	6.86796
428.94	6.89045
427.933	6.91352
426.93	6.93562
425.932	6.95619
424.939	6.97592
423.951	6.99652
422.967	7.02003
421.987	7.04793
421.012	7.08043
420.042	7.11626
419.076	7.15296
418.115	7.18774
417.158	7.2184
416.205	7.2441
415.257	7.26556
414.313	7.28476
413.373	7.30412
412.437	7.32561
411.506	7.35007
410.579	7.37702
409.656	7.40503
408.737	7.43245
407.823	7.45815
406.912	7.48201
406.005	7.50495
405.103	7.52848
404.204	7.55395
403.31	7.58196
402.419	7.61205
401.533	7.64289
400.65	7.67286
399.771	7.70074
398.896	7.72626
398.025	7.75019
397.157	7.77402
396.294	7.79921
395.434	7.82659
394.578	7.85588
393.725	7.88583
392.877	7.9147
392.031	7.94105
391.19	7.96432
390.352	7.98516
389.518	8.00508
388.687	8.02582
387.86	8.04851
387.036	8.07313
386.216	8.09842
385.399	8.12237
384.586	8.14306
383.776	8.15952
382.969	8.17217
382.166	8.18272
381.367	8.1934
380.57	8.20603
379.777	8.22107
378.987	8.23735
378.201	8.25245
377.418	8.26366
376.638	8.26921
375.861	8.26913
375.087	8.26539
374.317	8.26128
373.55	8.26
372.785	8.26329
372.024	8.2705
371.267	8.27869
370.512	8.28368
369.76	8.28189
369.011	8.27208
368.266	8.2564
367.523	8.23999
366.783	8.22926
366.047	8.22931
365.313	8.24138
364.582	8.2614
363.854	8.28048
363.129	8.28735
362.407	8.27232
361.688	8.2314
360.971	8.16925
360.258	8.09974
359.547	8.0436
358.839	8.02357
358.134	8.05838
357.432	8.15721
356.732	8.31639
356.035	8.51945
355.341	8.74069
354.649	8.95114
353.96	9.12552
353.274	9.24794
352.591	9.31492
351.91	9.33492
351.232	9.32466
350.556	9.30353
349.883	9.28783
349.213	9.28669
348.545	9.30065
347.879	9.32312
347.217	9.34407
346.556	9.35443
345.899	9.34953
345.243	9.33067
344.591	9.30419
343.94	9.27858
343.292	9.26086
342.647	9.25364
342.004	9.25387
341.363	9.254
340.725	9.24495
340.089	9.21998
339.456	9.17797
338.825	9.12488
338.196	9.07277
337.569	9.03658
336.945	9.02958
336.324	9.05908
335.704	9.12362
335.087	9.21277
334.472	9.30948
333.859	9.39446
333.249	9.45111
332.64	9.46964
332.034	9.44921
331.43	9.39737
330.829	9.32744
330.229	9.25438
329.632	9.19069
329.037	9.14351
328.444	9.11354
327.853	9.09595
327.264	9.08281
326.678	9.06595
326.093	9.03945
325.511	9.00094
324.93	8.95148
324.352	8.89437
323.776	8.83337
323.201	8.77113
322.629	8.7083
322.059	8.64359
321.491	8.57459
320.925	8.49889
320.361	8.41517
319.799	8.32359
319.238	8.22574
318.68	8.1239
318.124	8.02029
317.57	7.91639
317.017	7.81287
316.467	7.70994
315.918	7.60814
315.371	7.5092
314.826	7.41669
314.284	7.33617
313.743	7.2749
313.203	7.24105
312.666	7.24271
312.13	7.28698
311.597	7.37916
311.065	7.52219
310.535	7.71642
310.007	7.9595
309.48	8.24646
308.956	8.56995
308.433	8.92064
307.912	9.28791
307.392	9.66076
306.875	10.0288
306.359	10.3832
305.845	10.7176
305.332	11.0282
304.821	11.314
304.312	11.5757
303.805	11.8153
303.3	12.035
302.796	12.2364
302.293	12.421
301.793	12.5893
301.294	12.7421
300.797	12.8804
300.301	13.0059
299.807	13.1208
299.314	13.2276
298.824	13.3284
298.335	13.4248
297.847	13.5176
297.361	13.6064
296.877	13.6908
296.394	13.7699
295.912	13.8437
295.433	13.9125
294.955	13.9776
294.478	14.0403
294.003	14.1023
293.529	14.1647
293.057	14.228
292.587	14.2924
292.118	14.3577
291.65	14.4234
291.184	14.4895
290.72	14.5561
290.257	14.6234
289.795	14.6919
289.335	14.7616
288.877	14.8324
288.419	14.904
287.964	14.9759
287.509	15.0476
287.057	15.1192
286.605	15.1909
286.155	15.2632
285.706	15.3365
285.259	15.4111
284.813	15.4872
284.369	15.5643
283.926	15.642
283.484	15.7196
283.044	15.7968
282.605	15.8735
282.168	15.9502
281.731	16.0272
281.297	16.105
280.863	16.1839
280.431	16.2638
280	16.3444
