1200	20.3351
1192.15	20.2443
1184.4	20.1541
1176.75	20.0667
1169.21	19.9824
1161.75	19.8994
1154.39	19.8144
1147.13	19.7251
1139.95	19.6311
1132.86	19.5346
1125.87	19.4388
1118.95	19.3461
1112.13	19.2568
1105.38	19.1689
1098.72	19.079
1092.13	18.9847
1085.63	18.8856
1079.2	18.7839
1072.84	18.683
1066.56	18.5856
1060.36	18.492
1054.23	18.4
1048.16	18.3062
1042.17	18.2076
1036.24	18.1039
1030.38	17.9974
1024.59	17.8918
1018.86	17.7902
1013.2	17.6931
1007.6	17.5982
1002.06	17.5015
996.576	17.3997
991.156	17.2919
985.795	17.1805
980.491	17.0698
975.244	16.9637
970.053	16.8635
964.917	16.7669
959.835	16.6692
954.806	16.5657
949.83	16.4544
944.905	16.3371
940.031	16.2193
935.207	16.1079
930.433	16.0085
925.707	15.9234
921.028	15.8512
916.397	15.7875
911.812	15.7277
907.273	15.6675
902.778	15.6046
898.328	15.5377
893.922	15.4662
889.559	15.3894
885.238	15.3068
880.958	15.2188
876.72	15.1272
872.523	15.0348
868.365	14.9448
864.247	14.859
860.168	14.7769
856.127	14.6956
852.124	14.6117
848.159	14.5231
844.23	14.4303
840.337	14.3369
836.48	14.2477
832.658	14.166
828.871	14.0914
825.118	14.0195
821.399	13.9435
817.714	13.8577
814.061	13.7601
810.441	13.6542
806.853	13.5469
803.296	13.4458
799.771	13.3545
796.277	13.2712
792.813	13.1899
789.379	13.1037
785.974	13.0099
782.599	12.9128
779.253	12.8231
775.935	12.7531
772.645	12.7103
769.383	12.6921
766.149	12.6836
762.941	12.6623
759.761	12.6063
756.606	12.5037
753.478	12.3592
750.376	12.1947
747.299	12.0427
744.247	11.9354
741.22	11.8929
738.218	11.9158
735.239	11.9847
732.285	12.0664
729.354	12.1255
726.447	12.1359
723.563	12.0881
720.702	11.9902
717.863	11.8624
715.046	11.7285
712.251	11.6066
709.479	11.5037
706.727	11.416
703.997	11.3326
701.288	11.2424
698.6	11.139
695.932	11.0236
693.285	10.9032
690.657	10.7863
688.05	10.6793
685.462	10.5829
682.893	10.4927
680.344	10.4018
677.814	10.3046
675.302	10.1991
672.809	10.0882
670.334	9.97739
667.878	9.87217
665.439	9.77508
663.018	9.68468
660.615	9.59642
658.229	9.50523
655.86	9.40809
653.508	9.30555
651.173	9.20126
648.854	9.09997
646.553	9.00503
644.267	8.91665
641.997	8.83196
639.744	8.74657
637.506	8.65697
635.283	8.56234
633.077	8.46492
630.885	8.36875
628.709	8.27747
626.547	8.19241
624.4	8.11192
622.268	8.03233
620.151	7.94998
618.048	7.86313
615.959	7.77295
613.884	7.68276
611.823	7.59628
609.776	7.51555
607.742	7.4399
605.723	7.36635
603.716	7.29124
601.723	7.21228
599.742	7.12976
597.775	7.04643
595.821	6.96596
593.879	6.89099
591.95	6.82164
590.034	6.75548
588.13	6.68878
586.238	6.61851
584.358	6.54387
582.49	6.46666
580.634	6.39019
578.79	6.31752
576.958	6.24979
575.137	6.18572
573.328	6.12243
571.53	6.0571
569.743	5.98858
567.967	5.91806
566.203	5.84836
564.449	5.7824
562.706	5.72158
560.974	5.66505
559.253	5.61018
557.542	5.55403
555.841	5.49499
554.151	5.43362
552.471	5.37231
550.802	5.31394
549.142	5.26035
547.492	5.21128
545.852	5.16464
544.222	5.11764
542.602	5.06836
540.991	5.01678
539.39	4.96475
537.798	4.91495
536.216	4.86946
534.643	4.82866
533.079	4.79112
531.524	4.75443
529.979	4.71655
528.442	4.67687
526.914	4.63645
525.395	4.59745
523.885	4.56196
522.383	4.53109
520.89	4.5047
519.405	4.48182
517.929	4.46144
516.461	4.44309
515.002	4.42685
513.551	4.41271
512.108	4.39989
510.673	4.3865
509.246	4.36997
507.827	4.34811
506.415	4.32033
505.012	4.28819
503.616	4.25503
502.229	4.22468
500.848	4.19982
499.476	4.18091
498.111	4.16612
496.753	4.15236
495.402	4.13684
494.059	4.11842
492.724	4.09792
491.395	4.07745
490.074	4.0591
488.759	4.0437
487.452	4.03044
486.152	4.01745
484.858	4.00299
483.572	3.98657
482.292	3.96937
481.019	3.95365
479.753	3.94156
478.493	3.93398
477.24	3.93011
475.994	3.92792
474.754	3.92529
473.52	3.9212
472.293	3.91615
471.072	3.91185
469.858	3.91017
468.649	3.91206
467.447	3.91711
466.251	3.92391
465.062	3.93097
463.878	3.93775
462.7	3.94501
461.528	3.95443
460.362	3.96768
459.202	3.98551
458.048	4.00739
456.9	4.03183
455.757	4.05721
454.62	4.08242
453.489	4.10688
452.363	4.13002
451.243	4.15054
450.129	4.16619
449.02	4.17462
447.916	4.17494
446.818	4.16953
445.725	4.16466
444.638	4.16949
443.556	4.19317
442.479	4.24129
441.407	4.31305
440.34	4.40073
439.279	4.49183
438.223	4.57332
437.171	4.63612
436.125	4.67808
435.084	4.70402
434.048	4.723
433.017	4.74416
431.99	4.77291
430.969	4.80936
429.952	4.84929
428.94	4.88712
427.933	4.91916
426.93	4.94547
425.932	4.96956
424.939	4.99622
423.951	5.02886
422.967	5.0677
421.987	5.10985
421.012	5.15113
420.042	5.18842
419.076	5.22142
418.115	5.25266
417.158	5.28597
416.205	5.32426
415.257	5.36786
414.313	5.41439
413.373	5.4602
412.437	5.50251
411.506	5.54102
410.579	5.57814
409.656	5.61758
408.737	5.6622
407.823	5.71226
406.912	5.76503
406.005	5.81609
405.103	5.86147
404.204	5.89963
403.31	5.93203
402.419	5.96221
401.533	5.99378
400.65	6.02852
399.771	6.06563
398.896	6.10259
398.025	6.13697
397.157	6.1682
396.294	6.19826
395.434	6.23067
394.578	6.26839
393.725	6.31163
392.877	6.35691
392.031	6.39781
391.19	6.42727
390.352	6.44041
389.518	6.43644
388.687	6.41898
387.86	6.39473
387.036	6.37107
386.216	6.35383
385.399	6.346
384.586	6.34757
383.776	6.35625
382.969	6.36843
382.166	6.38003
381.367	6.38712
380.57	6.38666
379.777	6.37741
378.987	6.361
378.201	6.3422
377.418	6.32788
376.638	6.32426
375.861	6.33321
375.087	6.34927
374.317	6.35939
373.55	6.34643
372.785	6.29612
372.024	6.20507
371.267	6.08636
370.512	5.9695
369.76	5.89365
369.011	5.8956
368.266	5.99667
367.523	6.19364
366.783	6.45775
366.047	6.74261
365.313	6.99856
364.582	7.18814
363.854	7.29676
363.129	7.33481
362.407	7.33075
361.688	7.3184
360.971	7.32392
360.258	7.35761
359.547	7.41331
358.839	7.47464
358.134	7.52468
357.432	7.55426
356.732	7.5655
356.035	7.56934
355.341	7.57922
354.649	7.60413
353.96	7.64467
353.274	7.69356
352.591	7.74011
351.91	7.77589
351.232	7.79885
350.556	7.81386
349.883	7.82971
349.213	7.8544
348.545	7.89115
347.879	7.93723
347.217	7.98575
346.556	8.02953
345.899	8.06477
345.243	8.09274
344.591	8.11877
343.94	8.14922
343.292	8.18818
342.647	8.23554
342.004	8.28731
341.363	8.33791
340.725	8.38304
340.089	8.42169
339.456	8.45638
338.825	8.49146
338.196	8.53079
337.569	8.5757
336.945	8.62446
336.324	8.67325
335.704	8.71808
335.087	8.75659
334.472	8.78895
333.859	8.81766
333.249	8.84652
332.64	8.87961
332.034	8.9207
331.43	8.97327
330.829	9.04075
330.229	9.12638
329.632	9.23242
329.037	9.35881
328.444	9.50201
327.853	9.6547
327.264	9.80683
326.678	9.94798
326.093	10.0701
325.511	10.1697
324.93	10.2485
324.352	10.3126
323.776	10.3697
323.201	10.427
322.629	10.489
322.059	10.557
321.491	10.6297
320.925	10.7046
320.361	10.7799
319.799	10.8542
319.238	10.9273
318.68	10.9994
318.124	11.07
317.57	11.1385
317.017	11.2038
316.467	11.2655
315.918	11.324
315.371	11.3807
314.826	11.4372
314.284	11.4948
313.743	11.5536
313.203	11.613
312.666	11.6717
312.13	11.7283
311.597	11.7826
311.065	11.8351
310.535	11.8871
310.007	11.9396
309.48	11.9933
308.956	12.0477
308.433	12.1017
307.912	12.1542
307.392	12.2043
306.875	12.252
306.359	12.2979
305.845	12.3426
305.332	12.3866
304.821	12.4299
304.312	12.472
303.805	12.5123
303.3	12.5509
302.796	12.588
302.293	12.6243
301.793	12.6605
301.294	12.6969
300.797	12.7331
300.301	12.7686
299.807	12.8026
299.314	12.835
298.824	12.8659
298.335	12.8957
297.847	12.9251
297.361	12.9544
296.877	12.9832
296.394	13.0111
295.912	13.0378
295.433	13.063
294.955	13.0873
294.478	13.1112
294.003	13.1354
293.529	13.16
293.057	13.1845
292.587	13.2079
292.118	13.2288
291.65	13.2464
291.184	13.2603
290.72	13.271
290.257	13.2792
289.795	13.2861
289.335	13.2928
288.877	13.2999
288.419	13.3081
287.964	13.3176
287.509	13.3286
287.057	13.3411
286.605	13.355
286.155	13.37
285.706	13.3855
285.259	13.4013
284.813	13.4171
284.369	13.4331
283.926	13.4497
283.484	13.4671
283.044	13.4853
282.605	13.504
282.168	13.5226
281.731	13.5407
281.297	13.5579
280.863	13.5747
280.431	13.5917
280	13.6095
