1200	97.8418
1192.15	97.8639
1184.4	97.8895
1176.75	97.918
1169.21	97.9446
1161.75	97.967
1154.39	97.989
1147.13	98.0146
1139.95	98.0429
1132.86	98.069
1125.87	98.0911
1118.95	98.1128
1112.13	98.1385
1105.38	98.1665
1098.72	98.1921
1092.13	98.2136
1085.63	98.2352
1079.2	98.2607
1072.84	98.2884
1066.56	98.3134
1060.36	98.3343
1054.23	98.3556
1048.16	98.381
1042.17	98.4083
1036.24	98.4326
1030.38	98.4529
1024.59	98.4738
1018.86	98.499
1013.2	98.5259
1007.6	98.5493
1002.06	98.5689
996.576	98.5895
991.156	98.6144
985.795	98.6407
980.491	98.6633
975.244	98.6821
970.053	98.7022
964.917	98.7268
959.835	98.7526
954.806	98.7743
949.83	98.7922
944.905	98.8118
940.031	98.836
935.207	98.8612
930.433	98.8819
925.707	98.8989
921.028	98.918
916.397	98.9418
911.812	98.9663
907.273	98.986
902.778	99.002
898.328	99.0205
893.922	99.044
889.559	99.0678
885.238	99.0864
880.958	99.1013
876.72	99.1192
872.523	99.1424
868.365	99.1655
864.247	99.1829
860.168	99.1967
856.127	99.2139
852.124	99.2368
848.159	99.2592
844.23	99.2753
840.337	99.2878
836.48	99.3045
832.658	99.3271
828.871	99.3489
825.118	99.3636
821.399	99.3747
817.714	99.3906
814.061	99.4132
810.441	99.4344
806.853	99.4475
803.296	99.4569
799.771	99.4722
796.277	99.495
792.813	99.5156
789.379	99.5267
785.974	99.534
782.599	99.5488
779.253	99.5721
775.935	99.5922
772.645	99.6006
769.383	99.6051
766.149	99.6199
762.941	99.645
759.761	99.6647
756.606	99.6684
753.478	99.668
750.376	99.6842
747.299	99.7174
744.247	99.7409
741.22	99.7313
738.218	99.7009
735.239	99.6882
732.285	99.7149
729.354	99.7596
726.447	99.7824
723.563	99.7712
720.702	99.7544
717.863	99.7638
715.046	99.7958
712.251	99.8176
709.479	99.8103
706.727	99.7928
703.997	99.7963
701.288	99.8237
698.6	99.8464
695.932	99.842
693.285	99.8233
690.657	99.8213
688.05	99.8446
685.462	99.8688
682.893	99.8683
680.344	99.8498
677.814	99.8428
675.302	99.861
672.809	99.8847
670.334	99.8873
667.878	99.8696
665.439	99.8585
663.018	99.8711
660.615	99.8928
658.229	99.897
655.86	99.8801
653.508	99.8658
651.173	99.8732
648.854	99.8922
646.553	99.8972
644.267	99.8811
641.997	99.8644
639.744	99.8674
637.506	99.8838
635.283	99.8893
633.077	99.8742
630.885	99.8558
628.709	99.8553
626.547	99.8695
624.4	99.8757
622.268	99.862
620.151	99.8429
618.048	99.8398
615.959	99.8525
613.884	99.86
611.823	99.8486
609.776	99.83
607.742	99.8256
605.723	99.8381
603.716	99.8484
601.723	99.8413
599.742	99.8261
597.775	99.8241
595.821	99.8406
593.879	99.8582
591.95	99.8604
590.034	99.8535
588.13	99.8585
586.238	99.8827
584.358	99.9109
582.49	99.9257
580.634	99.9311
578.79	99.9477
576.958	99.9856
575.137	100.032
573.328	100.067
571.53	100.09
569.743	100.118
567.967	100.159
566.203	100.194
564.449	100.192
562.706	100.135
560.974	100.027
559.253	99.8791
557.542	99.6964
555.841	99.4828
554.151	99.2583
552.471	99.0562
550.802	98.9
549.142	98.7868
547.492	98.697
545.852	98.6183
544.222	98.5553
542.602	98.5151
540.991	98.4916
539.39	98.4698
537.798	98.4426
536.216	98.4176
534.643	98.4036
533.079	98.3976
531.524	98.388
529.979	98.3702
528.442	98.3522
526.914	98.3426
525.395	98.3385
523.885	98.33
522.383	98.3139
520.89	98.2983
519.405	98.2914
517.929	98.2905
516.461	98.2862
515.002	98.2754
513.551	98.2644
512.108	98.258
510.673	98.2515
509.246	98.2374
507.827	98.2172
506.415	98.201
505.012	98.1933
503.616	98.1862
502.229	98.1696
500.848	98.1458
499.476	98.1271
498.111	98.1193
496.753	98.1125
495.402	98.0946
494.059	98.0682
492.724	98.0482
491.395	98.0408
490.074	98.034
488.759	98.0135
487.452	97.9844
486.152	97.9666
484.858	97.9686
483.572	97.9742
482.292	97.9622
481.019	97.9355
479.753	97.9193
478.493	97.9274
477.24	97.9405
475.994	97.9274
474.754	97.8849
473.52	97.8449
472.293	97.8366
471.072	97.8507
469.858	97.852
468.649	97.8239
467.447	97.7887
466.251	97.777
465.062	97.7865
463.878	97.7858
462.7	97.7561
461.528	97.7176
460.362	97.7025
459.202	97.7121
458.048	97.7142
456.9	97.6855
455.757	97.6433
454.62	97.6225
453.489	97.6297
452.363	97.6335
451.243	97.6065
450.129	97.5612
449.02	97.5343
447.916	97.5376
446.818	97.543
445.725	97.5201
444.638	97.4772
443.556	97.45
442.479	97.4533
441.407	97.4609
440.34	97.4411
439.279	97.4001
438.223	97.375
437.171	97.3842
436.125	97.4022
435.084	97.3934
434.048	97.3596
433.017	97.3371
431.99	97.3479
430.969	97.3689
429.952	97.3631
428.94	97.3293
427.933	97.3047
426.93	97.315
425.932	97.3391
424.939	97.3372
423.951	97.3044
422.967	97.2779
421.987	97.2866
421.012	97.311
420.042	97.3078
419.076	97.2676
418.115	97.227
417.158	97.2187
416.205	97.2254
415.257	97.2018
414.313	97.135
413.373	97.0638
412.437	97.0271
411.506	97.013
410.579	96.9758
409.656	96.9004
408.737	96.8265
407.823	96.7972
406.912	96.8008
406.005	96.7853
405.103	96.7289
404.204	96.6719
403.31	96.6631
402.419	96.6917
401.533	96.6971
400.65	96.65
399.771	96.5968
398.896	96.6041
398.025	96.6711
397.157	96.7248
396.294	96.7096
395.434	96.6568
394.578	96.6433
393.725	96.6892
392.877	96.7288
392.031	96.6943
391.19	96.606
390.352	96.5512
389.518	96.5767
388.687	96.6326
387.86	96.6392
387.036	96.5895
386.216	96.555
385.399	96.5882
384.586	96.6525
383.776	96.6705
382.969	96.6273
382.166	96.5912
381.367	96.6232
380.57	96.6947
379.777	96.7227
378.987	96.678
378.201	96.6245
377.418	96.6362
376.638	96.7001
375.861	96.732
375.087	96.6858
374.317	96.6147
373.55	96.6026
372.785	96.6561
372.024	96.6955
371.267	96.6585
370.512	96.5811
369.76	96.5524
369.011	96.6012
368.266	96.6612
367.523	96.6569
366.783	96.5983
366.047	96.564
365.313	96.5976
364.582	96.6539
363.854	96.6612
363.129	96.6153
362.407	96.5824
361.688	96.6106
360.971	96.6685
360.258	96.6886
359.547	96.656
358.839	96.625
358.134	96.645
357.432	96.6965
356.732	96.7192
356.035	96.6937
355.341	96.6651
354.649	96.6814
353.96	96.7295
353.274	96.7541
352.591	96.7325
351.91	96.7038
351.232	96.7155
350.556	96.7601
349.883	96.786
349.213	96.7672
348.545	96.7371
347.879	96.7432
347.217	96.7833
346.556	96.8097
345.899	96.7931
345.243	96.7618
344.591	96.7624
343.94	96.7977
343.292	96.8238
342.647	96.8095
342.004	96.7776
341.363	96.7734
340.725	96.8042
340.089	96.8302
339.456	96.8192
338.825	96.7888
338.196	96.7819
337.569	96.8076
336.945	96.8302
336.324	96.8193
335.704	96.7925
335.087	96.7928
334.472	96.8294
333.859	96.8629
333.249	96.8564
332.64	96.8243
332.034	96.8135
331.43	96.8426
330.829	96.8781
330.229	96.8801
329.632	96.8558
329.037	96.8486
328.444	96.879
327.853	96.9154
327.264	96.9158
326.678	96.884
326.093	96.8656
325.511	96.8888
324.93	96.9274
324.352	96.9352
323.776	96.9064
323.201	96.8824
322.629	96.8974
322.059	96.9343
321.491	96.9486
320.925	96.9269
320.361	96.903
319.799	96.912
319.238	96.9444
318.68	96.9608
318.124	96.9453
317.57	96.9256
317.017	96.9349
316.467	96.9671
315.918	96.9865
315.371	96.9761
314.826	96.96
314.284	96.9703
313.743	97.0035
313.203	97.0264
312.666	97.0213
312.13	97.0095
311.597	97.0219
311.065	97.0569
310.535	97.0835
310.007	97.0837
309.48	97.0766
308.956	97.0918
308.433	97.1292
307.912	97.1589
307.392	97.162
306.875	97.1551
306.359	97.166
305.845	97.1936
305.332	97.2085
304.821	97.1922
304.312	97.1612
303.805	97.1436
303.3	97.1387
302.796	97.1179
302.293	97.0649
301.793	97.0013
301.294	96.961
300.797	96.9468
300.301	96.9289
299.807	96.8867
299.314	96.8389
298.824	96.8195
298.335	96.8319
297.847	96.8438
297.361	96.8293
296.877	96.8031
296.394	96.7995
295.912	96.8246
295.433	96.8474
294.955	96.8411
294.478	96.8194
294.003	96.8172
293.529	96.8421
293.057	96.8632
292.587	96.8525
292.118	96.8233
291.65	96.8121
291.184	96.8278
290.72	96.8386
290.257	96.8152
289.795	96.7714
289.335	96.7457
288.877	96.748
288.419	96.7446
287.964	96.7053
287.509	96.6468
287.057	96.6117
286.605	96.6091
286.155	96.5996
285.706	96.5512
285.259	96.4893
284.813	96.468
284.369	96.4929
283.926	96.5013
283.484	96.4381
283.044	96.3344
282.605	96.2833
282.168	96.3309
281.731	96.4165
281.297	96.4424
280.863	96.3894
280.431	96.3349
280	96.3506
