1200	1.41943
1192.15	1.40028
1184.4	1.38147
1176.75	1.36228
1169.21	1.34259
1161.75	1.32309
1154.39	1.30423
1147.13	1.28564
1139.95	1.26664
1132.86	1.24723
1125.87	1.22808
1118.95	1.20956
1112.13	1.19124
1105.38	1.17249
1098.72	1.15342
1092.13	1.13468
1085.63	1.11655
1079.2	1.09854
1072.84	1.08011
1066.56	1.06144
1060.36	1.04317
1054.23	1.02547
1048.16	1.00782
1042.17	0.989768
1036.24	0.971562
1030.38	0.9538
1024.59	0.936567
1018.86	0.919332
1013.2	0.901714
1007.6	0.884024
1002.06	0.866812
996.576	0.850081
991.156	0.8333
985.795	0.816166
980.491	0.799038
975.244	0.782409
970.053	0.766209
964.917	0.749918
959.835	0.733313
954.806	0.716784
949.83	0.700765
944.905	0.685123
940.031	0.669356
935.207	0.653319
930.433	0.637422
925.707	0.622038
921.028	0.606976
916.397	0.591767
911.812	0.576337
907.273	0.561104
902.778	0.546377
898.328	0.531921
893.922	0.517307
889.559	0.502525
885.238	0.48799
880.958	0.473947
876.72	0.460131
872.523	0.446155
868.365	0.432068
864.247	0.418272
860.168	0.40495
856.127	0.391816
852.124	0.378535
848.159	0.3652
844.23	0.352194
840.337	0.339644
836.48	0.327252
832.658	0.314734
828.871	0.302224
825.118	0.290077
821.399	0.278365
817.714	0.266792
814.061	0.255126
810.441	0.24353
806.853	0.232325
803.296	0.221537
799.771	0.21088
796.277	0.200173
792.813	0.189599
789.379	0.179438
785.974	0.169679
782.599	0.160054
779.253	0.150433
775.935	0.141004
772.645	0.132006
769.383	0.123398
766.149	0.114939
762.941	0.106544
759.761	0.0983981
756.606	0.0906954
753.478	0.0833739
750.376	0.0762278
747.299	0.0692097
744.247	0.0624934
741.22	0.0562258
738.218	0.0503349
735.239	0.0446551
732.285	0.0391712
729.354	0.0340332
726.447	0.0293426
723.563	0.0250275
720.702	0.0209682
717.863	0.0171734
715.046	0.0137586
712.251	0.0107818
709.479	0.00818222
706.727	0.00589106
703.997	0.00393226
701.288	0.00237579
698.6	0.00123782
695.932	0.000481361
693.285	9.38204e-05
690.657	0.000104844
688.05	0.000526897
685.462	0.00133606
682.893	0.00253268
680.344	0.00416796
677.814	0.00626776
675.302	0.00877198
672.809	0.011616
670.334	0.014854
667.878	0.0186143
665.439	0.0229104
663.018	0.0275871
660.615	0.0325317
658.229	0.0378745
655.86	0.0438501
653.508	0.0504553
651.173	0.0573974
648.854	0.0644871
646.553	0.0719697
644.267	0.0802649
641.997	0.0893664
639.744	0.0987376
637.506	0.108002
635.283	0.117618
633.077	0.128496
630.885	0.14072
628.709	0.152776
626.547	0.162439
624.4	0.168758
622.268	0.173229
620.151	0.17893
618.048	0.188282
615.959	0.201369
613.884	0.216117
611.823	0.229941
609.776	0.241372
607.742	0.250566
605.723	0.258696
603.716	0.267015
601.723	0.276258
599.742	0.286524
597.775	0.29741
595.821	0.308253
593.879	0.318467
591.95	0.327936
590.034	0.337193
588.13	0.347103
586.238	0.358216
584.358	0.370378
582.49	0.383049
580.634	0.396014
578.79	0.409643
576.958	0.424353
575.137	0.439934
573.328	0.455679
571.53	0.471223
569.743	0.487011
567.967	0.503682
566.203	0.521119
564.449	0.538478
562.706	0.555276
560.974	0.572083
559.253	0.58977
557.542	0.608229
555.841	0.626373
554.151	0.643583
552.471	0.660657
550.802	0.678792
549.142	0.697837
547.492	0.716307
545.852	0.733414
544.222	0.750362
542.602	0.768859
540.991	0.788585
539.39	0.807279
537.798	0.823835
536.216	0.840325
534.643	0.859496
533.079	0.880216
531.524	0.896951
529.979	0.90521
528.442	0.907236
526.914	0.910858
525.395	0.922121
523.885	0.939877
522.383	0.958394
520.89	0.974299
519.405	0.988949
517.929	1.00355
516.461	1.01423
515.002	1.01485
513.551	1.0054
512.108	0.9956
510.673	0.99774
509.246	1.01563
507.827	1.0414
506.415	1.06362
505.012	1.07763
503.616	1.08744
502.229	1.09882
500.848	1.11266
499.476	1.12573
498.111	1.13601
496.753	1.14528
495.402	1.15623
494.059	1.16875
492.724	1.18045
491.395	1.19011
490.074	1.19922
488.759	1.20976
487.452	1.22158
486.152	1.23292
484.858	1.24299
483.572	1.25306
482.292	1.26456
481.019	1.27706
479.753	1.28894
478.493	1.29952
477.24	1.30984
475.994	1.32097
474.754	1.33233
473.52	1.34242
472.293	1.35072
471.072	1.3582
469.858	1.3658
468.649	1.37288
467.447	1.37799
466.251	1.38069
465.062	1.382
463.878	1.38282
462.7	1.38251
461.528	1.37951
460.362	1.37344
459.202	1.36566
458.048	1.3576
456.9	1.34895
455.757	1.33818
454.62	1.32528
453.489	1.31362
452.363	1.30881
451.243	1.31527
450.129	1.33409
449.02	1.36407
447.916	1.40477
446.818	1.45824
445.725	1.52758
444.638	1.61336
443.556	1.71135
442.479	1.8134
441.407	1.91088
440.34	1.99796
439.279	2.07239
438.223	2.13427
437.171	2.18431
436.125	2.22335
435.084	2.25277
434.048	2.27471
433.017	2.29146
431.99	2.30467
430.969	2.31533
429.952	2.32427
428.94	2.33266
427.933	2.34168
426.93	2.35203
425.932	2.36367
424.939	2.37617
423.951	2.38899
422.967	2.40156
421.987	2.41321
421.012	2.42331
420.042	2.43145
419.076	2.43749
418.115	2.44146
417.158	2.44357
416.205	2.44415
415.257	2.44357
414.313	2.44187
413.373	2.43889
412.437	2.43476
411.506	2.43041
410.579	2.42703
409.656	2.42478
408.737	2.42221
407.823	2.41726
406.912	2.40908
406.005	2.39882
405.103	2.38836
404.204	2.3785
403.31	2.3685
402.419	2.3574
401.533	2.3455
400.65	2.33415
399.771	2.32436
398.896	2.31573
398.025	2.30697
397.157	2.29721
396.294	2.2869
395.434	2.27727
394.578	2.26916
393.725	2.262
392.877	2.25382
392.031	2.24247
391.19	2.22732
390.352	2.21009
389.518	2.19375
388.687	2.18011
387.86	2.16826
387.036	2.1556
386.216	2.14061
385.399	2.12424
384.586	2.10863
383.776	2.09454
382.969	2.08068
382.166	2.06553
381.367	2.04924
380.57	2.03315
379.777	2.0178
378.987	2.00207
378.201	1.98482
377.418	1.96654
376.638	1.94881
375.861	1.93227
375.087	1.91587
374.317	1.89845
373.55	1.88053
372.785	1.86365
372.024	1.84818
371.267	1.83274
370.512	1.81616
369.76	1.79917
369.011	1.7835
368.266	1.76934
367.523	1.75497
366.783	1.73916
366.047	1.72318
365.313	1.70918
364.582	1.69706
363.854	1.68433
363.129	1.66967
362.407	1.65535
361.688	1.64459
360.971	1.63677
360.258	1.62756
359.547	1.61516
358.839	1.60519
358.134	1.60643
357.432	1.62025
356.732	1.63564
356.035	1.63754
355.341	1.62112
354.649	1.59727
353.96	1.58299
353.274	1.58664
352.591	1.6031
351.91	1.62212
351.232	1.63948
350.556	1.65895
349.883	1.68511
349.213	1.71698
348.545	1.74942
347.879	1.77909
347.217	1.8068
346.556	1.83423
345.899	1.86024
345.243	1.88163
344.591	1.897
343.94	1.90814
343.292	1.9175
342.647	1.92544
342.004	1.93079
341.363	1.9336
340.725	1.93609
340.089	1.94059
339.456	1.94751
338.825	1.95605
338.196	1.9665
337.569	1.98085
336.945	2.00094
336.324	2.02673
335.704	2.05698
335.087	2.09132
334.472	2.13056
333.859	2.17506
333.249	2.2232
332.64	2.27226
332.034	2.32039
331.43	2.36711
330.829	2.41187
330.229	2.45291
329.632	2.48812
329.037	2.51684
328.444	2.54006
327.853	2.55885
327.264	2.57311
326.678	2.58222
326.093	2.58668
325.511	2.5882
324.93	2.5882
324.352	2.58657
323.776	2.58247
323.201	2.57599
322.629	2.5684
322.059	2.56074
321.491	2.55262
320.925	2.54294
320.361	2.53156
319.799	2.51973
319.238	2.50865
318.68	2.49809
318.124	2.4869
317.57	2.47468
317.017	2.46243
316.467	2.45145
315.918	2.44181
315.371	2.43217
314.826	2.4213
314.284	2.40926
313.743	2.3974
313.203	2.3872
312.666	2.37933
312.13	2.37339
311.597	2.36821
311.065	2.36245
310.535	2.35542
310.007	2.34758
309.48	2.34022
308.956	2.33421
308.433	2.32922
307.912	2.32425
307.392	2.31909
306.875	2.31471
306.359	2.31219
305.845	2.31122
305.332	2.3104
304.821	2.30891
304.312	2.30761
303.805	2.308
303.3	2.31022
302.796	2.31268
302.293	2.3137
301.793	2.31341
301.294	2.31336
300.797	2.31465
300.301	2.31676
299.807	2.31852
299.314	2.31976
298.824	2.32147
298.335	2.32444
297.847	2.32825
297.361	2.33191
296.877	2.33527
296.394	2.33911
295.912	2.34409
295.433	2.34975
294.955	2.35513
294.478	2.36
294.003	2.36514
293.529	2.37126
293.057	2.3781
292.587	2.38478
292.118	2.39093
291.65	2.39711
291.184	2.40406
290.72	2.4118
290.257	2.41961
289.795	2.42688
289.335	2.43367
288.877	2.44069
288.419	2.44859
287.964	2.45732
287.509	2.46578
287.057	2.47217
286.605	2.47532
286.155	2.47628
285.706	2.47854
285.259	2.48579
284.813	2.49866
284.369	2.5134
283.926	2.52439
283.484	2.5285
283.044	2.52733
282.605	2.52541
282.168	2.52637
281.731	2.53097
281.297	2.53804
280.863	2.54643
280.431	2.55567
280	2.56522
