1200	95.9427
1192.15	95.9799
1184.4	96.0209
1176.75	96.0619
1169.21	96.099
1161.75	96.134
1154.39	96.1716
1147.13	96.2125
1139.95	96.2523
1132.86	96.2881
1125.87	96.3228
1118.95	96.3608
1112.13	96.4013
1105.38	96.4398
1098.72	96.4744
1092.13	96.509
1085.63	96.5472
1079.2	96.5871
1072.84	96.6241
1066.56	96.6577
1060.36	96.6923
1054.23	96.7306
1048.16	96.7696
1042.17	96.805
1036.24	96.8377
1030.38	96.8725
1024.59	96.9107
1018.86	96.9484
1013.2	96.9823
1007.6	97.0144
1002.06	97.0492
996.576	97.0871
991.156	97.1234
985.795	97.1557
980.491	97.1873
975.244	97.2223
970.053	97.2595
964.917	97.2942
959.835	97.3251
954.806	97.3564
949.83	97.3913
944.905	97.4276
940.031	97.4605
935.207	97.4902
930.433	97.5213
925.707	97.5561
921.028	97.5911
916.397	97.6223
911.812	97.6509
907.273	97.6819
902.778	97.7164
898.328	97.75
893.922	97.7794
889.559	97.8072
885.238	97.8382
880.958	97.8721
876.72	97.9041
872.523	97.9318
868.365	97.959
864.247	97.99
860.168	98.0233
856.127	98.0534
852.124	98.0795
848.159	98.1064
844.23	98.1375
840.337	98.1698
836.48	98.1981
832.658	98.2228
828.871	98.2495
825.118	98.2807
821.399	98.3119
817.714	98.3382
814.061	98.3618
810.441	98.3886
806.853	98.4199
803.296	98.4497
799.771	98.474
796.277	98.4967
792.813	98.5241
789.379	98.5554
785.974	98.5835
782.599	98.6056
779.253	98.6277
775.935	98.6561
772.645	98.6874
769.383	98.713
766.149	98.732
762.941	98.7537
759.761	98.7843
756.606	98.8161
753.478	98.8353
750.376	98.8408
747.299	98.8474
744.247	98.8685
741.22	98.8995
738.218	98.9242
735.239	98.9357
732.285	98.9445
729.354	98.9635
726.447	98.9903
723.563	99.0117
720.702	99.0227
717.863	99.0333
715.046	99.0544
712.251	99.0824
709.479	99.1036
706.727	99.1131
703.997	99.1207
701.288	99.1381
698.6	99.1628
695.932	99.1824
693.285	99.1917
690.657	99.1989
688.05	99.214
685.462	99.2356
682.893	99.2536
680.344	99.2643
677.814	99.2749
675.302	99.2935
672.809	99.3177
670.334	99.3383
667.878	99.3521
665.439	99.3659
663.018	99.3861
660.615	99.4101
658.229	99.4302
655.86	99.4444
653.508	99.4586
651.173	99.4783
648.854	99.5007
646.553	99.5193
644.267	99.5329
641.997	99.5471
639.744	99.566
637.506	99.5866
635.283	99.6035
633.077	99.6163
630.885	99.6302
628.709	99.6479
626.547	99.6664
624.4	99.6813
622.268	99.6929
620.151	99.7058
618.048	99.7217
615.959	99.7373
613.884	99.749
611.823	99.7583
609.776	99.7692
607.742	99.7819
605.723	99.7927
603.716	99.7992
601.723	99.8044
599.742	99.8122
597.775	99.8202
595.821	99.8226
593.879	99.8178
591.95	99.8132
590.034	99.8163
588.13	99.8248
586.238	99.8279
584.358	99.8194
582.49	99.8049
580.634	99.795
578.79	99.7918
576.958	99.7864
575.137	99.771
573.328	99.7496
571.53	99.7325
569.743	99.7222
567.967	99.7097
566.203	99.6854
564.449	99.6512
562.706	99.6164
560.974	99.5842
559.253	99.5467
557.542	99.4959
555.841	99.4355
554.151	99.3785
552.471	99.3321
550.802	99.2907
549.142	99.2452
547.492	99.1965
545.852	99.1534
544.222	99.1203
542.602	99.09
540.991	99.0534
539.39	99.0112
537.798	98.9726
536.216	98.9418
534.643	98.9122
533.079	98.8754
531.524	98.8327
529.979	98.7937
528.442	98.7622
526.914	98.7317
525.395	98.6939
523.885	98.651
522.383	98.6124
520.89	98.5817
519.405	98.5518
517.929	98.5151
516.461	98.4739
515.002	98.4377
513.551	98.4096
512.108	98.382
510.673	98.3476
509.246	98.3094
507.827	98.2766
506.415	98.2517
505.012	98.2268
503.616	98.1953
502.229	98.1607
500.848	98.1322
499.476	98.1114
498.111	98.0904
496.753	98.0627
495.402	98.0325
494.059	98.0085
492.724	97.9916
491.395	97.9736
490.074	97.9489
488.759	97.9221
487.452	97.9014
486.152	97.8871
484.858	97.8712
483.572	97.8488
482.292	97.8251
481.019	97.8076
479.753	97.7961
478.493	97.7828
477.24	97.764
475.994	97.7447
474.754	97.7317
473.52	97.7233
472.293	97.7118
471.072	97.6924
469.858	97.6671
468.649	97.637
467.447	97.597
466.251	97.5411
465.062	97.4719
463.878	97.4013
462.7	97.339
461.528	97.2853
460.362	97.2348
459.202	97.1862
458.048	97.1434
456.9	97.1077
455.757	97.0741
454.62	97.0372
453.489	96.9981
452.363	96.9622
451.243	96.9305
450.129	96.8982
449.02	96.8611
447.916	96.822
446.818	96.7864
445.725	96.7543
444.638	96.7202
443.556	96.6814
442.479	96.6415
441.407	96.6058
440.34	96.5729
439.279	96.5372
438.223	96.4969
437.171	96.4569
436.125	96.4215
435.084	96.3882
434.048	96.3513
433.017	96.3103
431.99	96.2708
430.969	96.2363
429.952	96.2028
428.94	96.1651
427.933	96.124
426.93	96.0856
425.932	96.0523
424.939	96.0191
423.951	95.9809
422.967	95.9402
421.987	95.9035
421.012	95.8716
420.042	95.8387
419.076	95.8004
418.115	95.7606
417.158	95.7258
416.205	95.6956
415.257	95.6629
414.313	95.6247
413.373	95.5862
412.437	95.5536
411.506	95.525
410.579	95.4927
409.656	95.4547
408.737	95.4177
407.823	95.3876
406.912	95.3606
406.005	95.3285
405.103	95.2908
404.204	95.2557
403.31	95.2282
402.419	95.2026
401.533	95.1705
400.65	95.1334
399.771	95.1004
398.896	95.0756
398.025	95.0512
397.157	95.0191
396.294	94.9825
395.434	94.952
394.578	94.9299
393.725	94.9067
392.877	94.8743
392.031	94.8384
391.19	94.8106
390.352	94.7916
389.518	94.7692
388.687	94.7363
387.86	94.7013
387.036	94.6768
386.216	94.6609
385.399	94.6393
384.586	94.6056
383.776	94.5716
382.969	94.5509
382.166	94.5389
381.367	94.5178
380.57	94.4826
379.777	94.4497
378.987	94.4342
378.201	94.4274
377.418	94.4071
376.638	94.3695
375.861	94.3383
375.087	94.3351
374.317	94.349
373.55	94.3492
372.785	94.3258
372.024	94.304
371.267	94.3108
370.512	94.3371
369.76	94.3468
369.011	94.3225
368.266	94.2892
367.523	94.2827
366.783	94.3059
366.047	94.3282
365.313	94.3265
364.582	94.3127
363.854	94.3123
363.129	94.3275
362.407	94.3373
361.688	94.332
360.971	94.3332
360.258	94.3683
359.547	94.4342
358.839	94.4986
358.134	94.5363
357.432	94.5512
356.732	94.5581
356.035	94.5539
355.341	94.524
354.649	94.4735
353.96	94.4365
353.274	94.4429
352.591	94.4835
351.91	94.5202
351.232	94.531
350.556	94.5322
349.883	94.5523
349.213	94.5924
348.545	94.6263
347.879	94.6374
347.217	94.6412
346.556	94.6641
345.899	94.7075
345.243	94.7458
344.591	94.7603
343.94	94.7633
343.292	94.7815
342.647	94.8207
342.004	94.8579
341.363	94.8699
340.725	94.8618
340.089	94.8622
339.456	94.8927
338.825	94.9481
338.196	95.0067
337.569	95.0521
336.945	95.0812
336.324	95.0961
335.704	95.0947
335.087	95.0736
334.472	95.0373
333.859	95.0004
333.249	94.9796
332.64	94.9824
332.034	95.0027
331.43	95.0281
330.829	95.0506
330.229	95.0725
329.632	95.1006
329.037	95.135
328.444	95.1677
327.853	95.1922
327.264	95.2137
326.678	95.2437
326.093	95.2837
325.511	95.3199
324.93	95.3391
324.352	95.3471
323.776	95.3636
323.201	95.3957
322.629	95.4248
322.059	95.4282
321.491	95.4096
320.925	95.398
320.361	95.4112
319.799	95.4317
319.238	95.4277
318.68	95.3961
318.124	95.3698
317.57	95.376
317.017	95.4006
316.467	95.4054
315.918	95.3792
315.371	95.3533
314.826	95.3605
314.284	95.3909
313.743	95.4047
313.203	95.3854
312.666	95.3624
312.13	95.3707
311.597	95.4035
311.065	95.4212
310.535	95.4054
310.007	95.384
309.48	95.3928
308.956	95.426
308.433	95.4442
307.912	95.4291
307.392	95.4084
306.875	95.4176
306.359	95.4503
305.845	95.4672
305.332	95.4508
304.821	95.4299
304.312	95.4397
303.805	95.4718
303.3	95.4861
302.796	95.4666
302.293	95.4444
301.793	95.4544
301.294	95.4858
300.797	95.4966
300.301	95.4722
299.807	95.4469
299.314	95.4568
298.824	95.4885
298.335	95.4958
297.847	95.4631
297.361	95.4275
296.877	95.4298
296.394	95.4597
295.912	95.4711
295.433	95.4451
294.955	95.414
294.478	95.4151
294.003	95.4388
293.529	95.4432
293.057	95.4138
292.587	95.3839
292.118	95.3879
291.65	95.4138
291.184	95.4204
290.72	95.3951
290.257	95.3702
289.795	95.3761
289.335	95.3979
288.877	95.3971
288.419	95.3662
287.964	95.3395
287.509	95.3449
287.057	95.3645
286.605	95.3611
286.155	95.3315
285.706	95.3112
285.259	95.3238
284.813	95.3471
284.369	95.3449
283.926	95.3183
283.484	95.3045
283.044	95.3236
282.605	95.3495
282.168	95.3468
281.731	95.321
281.297	95.3112
280.863	95.3339
280.431	95.3593
280	95.3529
