1200	6.12021
1192.15	6.06408
1184.4	6.00771
1176.75	5.95084
1169.21	5.89355
1161.75	5.83614
1154.39	5.77896
1147.13	5.72213
1139.95	5.66551
1132.86	5.60875
1125.87	5.55162
1118.95	5.4941
1112.13	5.43646
1105.38	5.37904
1098.72	5.32203
1092.13	5.26532
1085.63	5.20861
1079.2	5.15161
1072.84	5.09428
1066.56	5.03684
1060.36	4.97962
1054.23	4.92283
1048.16	4.86643
1042.17	4.81015
1036.24	4.75369
1030.38	4.69696
1024.59	4.64011
1018.86	4.58347
1013.2	4.5273
1007.6	4.47159
1002.06	4.41612
996.576	4.36056
991.156	4.30479
985.795	4.2489
980.491	4.19322
975.244	4.13802
970.053	4.08336
964.917	4.02903
959.835	3.97473
954.806	3.92026
949.83	3.86569
944.905	3.8113
940.031	3.7574
935.207	3.70411
930.433	3.65126
925.707	3.59855
921.028	3.54572
916.397	3.49278
911.812	3.43999
907.273	3.3877
902.778	3.33608
898.328	3.28503
893.922	3.23422
889.559	3.18335
885.238	3.13235
880.958	3.08147
876.72	3.03107
872.523	2.98143
868.365	2.93247
864.247	2.88388
860.168	2.83527
856.127	2.78649
852.124	2.73776
848.159	2.6895
844.23	2.64208
840.337	2.59554
836.48	2.5495
832.658	2.50348
828.871	2.4572
825.118	2.41082
821.399	2.36492
817.714	2.32007
814.061	2.27642
810.441	2.23348
806.853	2.19039
803.296	2.1465
799.771	2.10198
796.277	2.05807
792.813	2.01672
789.379	1.9797
785.974	1.94772
782.599	1.91993
779.253	1.89421
775.935	1.86799
772.645	1.83937
769.383	1.80779
766.149	1.77405
762.941	1.73969
759.761	1.70604
756.606	1.67358
753.478	1.64191
750.376	1.61015
747.299	1.57765
744.247	1.54444
741.22	1.51116
738.218	1.47858
735.239	1.44712
732.285	1.41654
729.354	1.38618
726.447	1.35544
723.563	1.32421
720.702	1.29296
717.863	1.2624
715.046	1.233
712.251	1.20463
709.479	1.17667
706.727	1.14841
703.997	1.11962
701.288	1.09078
698.6	1.06289
695.932	1.03691
693.285	1.01322
690.657	0.991497
688.05	0.970921
685.462	0.95073
682.893	0.930591
680.344	0.910616
677.814	0.89101
675.302	0.87166
672.809	0.852005
670.334	0.831341
667.878	0.809361
665.439	0.786538
663.018	0.763996
660.615	0.742895
658.229	0.723695
655.86	0.705815
653.508	0.687979
651.173	0.669086
648.854	0.64903
646.553	0.62887
644.267	0.610167
641.997	0.593853
639.744	0.579401
637.506	0.564932
635.283	0.548292
633.077	0.528444
630.885	0.506198
628.709	0.483658
626.547	0.462595
624.4	0.442792
622.268	0.42158
620.151	0.395185
618.048	0.361324
615.959	0.321537
613.884	0.281632
611.823	0.249619
609.776	0.231988
607.742	0.230421
605.723	0.24099
603.716	0.256646
601.723	0.271847
599.742	0.286733
597.775	0.308248
595.821	0.347146
593.879	0.412136
591.95	0.504199
590.034	0.614229
588.13	0.725538
586.238	0.820183
584.358	0.886004
582.49	0.920902
580.634	0.932362
578.79	0.932767
576.958	0.933193
575.137	0.938915
573.328	0.948671
571.53	0.957471
569.743	0.96084
567.967	0.957882
566.203	0.951563
564.449	0.94646
562.706	0.945735
560.974	0.949334
559.253	0.954431
557.542	0.957623
555.841	0.957282
554.151	0.954531
552.471	0.952321
550.802	0.953356
549.142	0.95833
547.492	0.965611
545.852	0.972493
544.222	0.977086
542.602	0.979536
540.991	0.981809
539.39	0.986255
537.798	0.993983
536.216	1.00416
534.643	1.01463
533.079	1.02345
531.524	1.03016
529.979	1.036
528.442	1.04296
526.914	1.05236
525.395	1.06395
523.885	1.07607
522.383	1.08684
520.89	1.09542
519.405	1.10253
517.929	1.10984
516.461	1.11878
515.002	1.12952
513.551	1.14085
512.108	1.15112
510.673	1.15934
509.246	1.16592
507.827	1.17233
506.415	1.18008
505.012	1.18973
503.616	1.20064
502.229	1.2116
500.848	1.22198
499.476	1.23238
498.111	1.24445
496.753	1.25993
495.402	1.27963
494.059	1.30317
492.724	1.32966
491.395	1.35871
490.074	1.391
488.759	1.42768
487.452	1.46883
486.152	1.51219
484.858	1.55322
483.572	1.58714
482.292	1.61207
481.019	1.63156
479.753	1.65475
478.493	1.69338
477.24	1.75683
475.994	1.8475
474.754	1.95889
473.52	2.0776
472.293	2.1885
471.072	2.28041
469.858	2.34983
468.649	2.40086
467.447	2.44195
466.251	2.48121
465.062	2.52293
463.878	2.56679
462.7	2.60961
461.528	2.64835
460.362	2.68227
459.202	2.71324
458.048	2.74426
456.9	2.77751
455.757	2.81309
454.62	2.84932
453.489	2.88409
452.363	2.9164
451.243	2.94694
450.129	2.97749
449.02	3.00966
447.916	3.04386
446.818	3.07913
445.725	3.11396
444.638	3.14734
443.556	3.17943
442.479	3.21141
441.407	3.24454
440.34	3.27937
439.279	3.31538
438.223	3.35142
437.171	3.38656
436.125	3.42072
435.084	3.45466
434.048	3.48943
433.017	3.52561
431.99	3.56295
430.969	3.60058
429.952	3.63763
428.94	3.6739
427.933	3.70988
426.93	3.74646
425.932	3.78423
424.939	3.82311
423.951	3.8624
422.967	3.90133
421.987	3.93957
421.012	3.97749
420.042	4.01582
419.076	4.05517
418.115	4.09557
417.158	4.13648
416.205	4.17716
415.257	4.21722
414.313	4.25687
413.373	4.29678
412.437	4.33756
411.506	4.37936
410.579	4.42175
409.656	4.46403
408.737	4.50572
407.823	4.54691
406.912	4.58816
406.005	4.63013
405.103	4.67309
404.204	4.71674
403.31	4.76045
402.419	4.80365
401.533	4.84624
400.65	4.88864
399.771	4.93147
398.896	4.97516
398.025	5.01968
397.157	5.06462
396.294	5.10945
395.434	5.1538
394.578	5.19753
393.725	5.24056
392.877	5.28267
392.031	5.32353
391.19	5.36292
390.352	5.40109
389.518	5.43875
388.687	5.47674
387.86	5.51543
387.036	5.55413
386.216	5.59118
385.399	5.62464
384.586	5.65338
383.776	5.67783
382.969	5.70007
382.166	5.72284
381.367	5.74826
380.57	5.7768
379.777	5.80724
378.987	5.83756
378.201	5.86631
377.418	5.89346
376.638	5.9204
375.861	5.94886
375.087	5.97969
374.317	6.01225
373.55	6.04475
372.785	6.07542
372.024	6.10375
371.267	6.13075
370.512	6.1583
369.76	6.18779
369.011	6.21905
368.266	6.25042
367.523	6.2798
366.783	6.30613
366.047	6.33017
365.313	6.35405
364.582	6.37968
363.854	6.4072
363.129	6.43445
362.407	6.45813
361.688	6.47597
360.971	6.48866
360.258	6.49998
359.547	6.51495
358.839	6.53665
358.134	6.56361
357.432	6.58946
356.732	6.60533
356.035	6.6041
355.341	6.58428
354.649	6.5515
353.96	6.51669
353.274	6.49167
352.591	6.48435
351.91	6.49577
351.232	6.52034
350.556	6.5489
349.883	6.57299
349.213	6.58814
348.545	6.59484
347.879	6.5971
347.217	6.59962
346.556	6.60534
345.899	6.61441
345.243	6.62484
344.591	6.63416
343.94	6.64101
343.292	6.6458
342.647	6.65026
342.004	6.65631
341.363	6.66502
340.725	6.67617
340.089	6.68856
339.456	6.70077
338.825	6.71192
338.196	6.72196
337.569	6.73152
336.945	6.74142
336.324	6.75212
335.704	6.76347
335.087	6.77478
334.472	6.7852
333.859	6.79422
333.249	6.80188
332.64	6.8088
332.034	6.81582
331.43	6.82349
330.829	6.83177
330.229	6.83996
329.632	6.84714
329.037	6.85271
328.444	6.85681
327.853	6.86031
327.264	6.86432
326.678	6.86945
326.093	6.87539
325.511	6.88098
324.93	6.88496
324.352	6.88677
323.776	6.88706
323.201	6.88738
322.629	6.88917
322.059	6.89276
321.491	6.89694
320.925	6.89965
320.361	6.89928
319.799	6.89591
319.238	6.89149
318.68	6.88868
318.124	6.88897
317.57	6.8912
317.017	6.89172
316.467	6.88628
315.918	6.87273
315.371	6.85292
314.826	6.83231
314.284	6.81705
313.743	6.81005
313.203	6.80827
312.666	6.80305
312.13	6.78394
311.597	6.74428
311.065	6.68559
310.535	6.61833
310.007	6.55805
309.48	6.51885
308.956	6.5071
308.433	6.51872
307.912	6.54136
307.392	6.56029
306.875	6.56489
306.359	6.55265
305.845	6.52887
305.332	6.5026
304.821	6.48153
304.312	6.46847
303.805	6.46102
303.3	6.4543
302.796	6.44449
302.293	6.43118
301.793	6.41717
301.294	6.4063
300.797	6.40077
300.301	6.39981
299.807	6.40031
299.314	6.39886
298.824	6.39383
298.335	6.38609
297.847	6.37814
297.361	6.37226
296.877	6.36907
296.394	6.3673
295.912	6.36488
295.433	6.36046
294.955	6.35434
294.478	6.34817
294.003	6.34378
293.529	6.3418
293.057	6.34122
292.587	6.34002
292.118	6.33636
291.65	6.32972
291.184	6.32098
290.72	6.31171
290.257	6.30299
289.795	6.29479
289.335	6.28613
288.877	6.27593
288.419	6.26398
287.964	6.25111
287.509	6.23872
287.057	6.22775
286.605	6.218
286.155	6.20822
285.706	6.19694
285.259	6.18341
284.813	6.16815
284.369	6.15251
283.926	6.13774
283.484	6.12411
283.044	6.11074
282.605	6.09624
282.168	6.0797
281.731	6.06133
281.297	6.04222
280.863	6.02343
280.431	6.00495
280	5.98551
