1200	6.9233
1192.15	6.86345
1184.4	6.8008
1176.75	6.73683
1169.21	6.67384
1161.75	6.61336
1154.39	6.55514
1147.13	6.49731
1139.95	6.43766
1132.86	6.37516
1125.87	6.31068
1118.95	6.2464
1112.13	6.18431
1105.38	6.12488
1098.72	6.06674
1092.13	6.00759
1085.63	5.94582
1079.2	5.88158
1072.84	5.81671
1066.56	5.7535
1060.36	5.69312
1054.23	5.63483
1048.16	5.57646
1042.17	5.51592
1036.24	5.45261
1030.38	5.38788
1024.59	5.32411
1018.86	5.26312
1013.2	5.2049
1007.6	5.1476
1002.06	5.08878
996.576	5.02708
991.156	4.96319
985.795	4.8994
980.491	4.83811
975.244	4.78015
970.053	4.72416
964.917	4.66752
959.835	4.60806
954.806	4.54563
949.83	4.48223
944.905	4.42079
940.031	4.36312
935.207	4.30862
930.433	4.25461
925.707	4.19804
921.028	4.13759
916.397	4.07476
911.812	4.01296
907.273	3.95536
902.778	3.90265
898.328	3.85231
893.922	3.80011
889.559	3.74291
885.238	3.68121
880.958	3.61956
876.72	3.56462
872.523	3.52164
868.365	3.49142
864.247	3.46957
860.168	3.44864
856.127	3.42174
852.124	3.38589
848.159	3.343
844.23	3.29811
840.337	3.25609
836.48	3.21873
832.658	3.18399
828.871	3.14775
825.118	3.10675
821.399	3.06089
817.714	3.01327
814.061	2.96818
810.441	2.9282
806.853	2.89257
803.296	2.85768
799.771	2.81965
796.277	2.77711
792.813	2.73241
789.379	2.6903
785.974	2.65479
782.599	2.62634
779.253	2.6011
775.935	2.57306
772.645	2.53772
769.383	2.49508
766.149	2.44973
762.941	2.40797
759.761	2.3734
756.606	2.34405
753.478	2.31303
750.376	2.27268
747.299	2.21992
744.247	2.1593
741.22	2.10151
738.218	2.05767
735.239	2.03277
732.285	2.02234
729.354	2.01501
726.447	2.00002
723.563	1.97534
720.702	1.95099
717.863	1.94434
715.046	1.96889
712.251	2.02235
709.479	2.08163
706.727	2.10917
703.997	2.06978
701.288	1.95021
698.6	1.77156
695.932	1.58666
693.285	1.46175
690.657	1.44972
688.05	1.56697
685.462	1.78519
682.893	2.04209
680.344	2.26669
677.814	2.40714
675.302	2.44865
672.809	2.41383
670.334	2.34685
667.878	2.29026
665.439	2.26643
663.018	2.27175
660.615	2.28486
658.229	2.28242
655.86	2.25332
653.508	2.20356
651.173	2.1506
648.854	2.11166
646.553	2.09345
644.267	2.08931
641.997	2.08456
639.744	2.06625
637.506	2.03101
635.283	1.98633
633.077	1.94518
630.885	1.91757
628.709	1.90461
626.547	1.8984
624.4	1.88752
622.268	1.86443
620.151	1.82992
618.048	1.79219
615.959	1.76126
613.884	1.74266
611.823	1.73412
609.776	1.72742
607.742	1.71385
605.723	1.68973
603.716	1.65855
601.723	1.6284
599.742	1.60671
597.775	1.59551
595.821	1.5904
593.879	1.58359
591.95	1.56897
590.034	1.54596
588.13	1.51965
586.238	1.49739
584.358	1.48402
582.49	1.47884
580.634	1.47627
578.79	1.46957
576.958	1.45517
575.137	1.43487
573.328	1.41455
571.53	1.40023
569.743	1.39426
567.967	1.3939
566.203	1.39324
564.449	1.38705
562.706	1.37415
560.974	1.35803
559.253	1.34453
557.542	1.33799
555.841	1.33857
554.151	1.34227
552.471	1.34358
550.802	1.33912
549.142	1.32964
547.492	1.3194
545.852	1.31324
544.222	1.3133
542.602	1.31766
540.991	1.32161
539.39	1.32078
537.798	1.31405
536.216	1.3043
534.643	1.29662
533.079	1.29507
531.524	1.30017
529.979	1.30866
528.442	1.31567
526.914	1.31792
525.395	1.31583
523.885	1.31319
522.383	1.31469
520.89	1.32285
519.405	1.33634
517.929	1.35071
516.461	1.36108
515.002	1.36494
513.551	1.36351
512.108	1.3607
510.673	1.36046
509.246	1.36432
507.827	1.37059
506.415	1.37567
505.012	1.37661
503.616	1.37312
502.229	1.36781
500.848	1.36459
499.476	1.36614
498.111	1.37238
496.753	1.3806
495.402	1.38736
494.059	1.39079
492.724	1.39172
491.395	1.39316
490.074	1.3982
488.759	1.40802
487.452	1.42109
486.152	1.43413
484.858	1.44426
483.572	1.45083
482.292	1.45582
481.019	1.46256
479.753	1.4736
478.493	1.48907
477.24	1.50661
475.994	1.52286
474.754	1.53559
473.52	1.54512
472.293	1.55416
471.072	1.56615
469.858	1.58324
468.649	1.60489
467.447	1.62814
466.251	1.64908
465.062	1.66478
463.878	1.67451
462.7	1.67968
461.528	1.68276
460.362	1.68593
459.202	1.6903
458.048	1.69602
456.9	1.70298
455.757	1.7114
454.62	1.72192
453.489	1.73507
452.363	1.75062
451.243	1.76743
450.129	1.78384
449.02	1.79871
447.916	1.81205
446.818	1.82517
445.725	1.83987
444.638	1.85736
443.556	1.87749
442.479	1.89875
441.407	1.91921
440.34	1.93766
439.279	1.95432
438.223	1.97073
437.171	1.98879
436.125	2.0096
435.084	2.03281
434.048	2.05688
433.017	2.08005
431.99	2.10145
430.969	2.12161
429.952	2.14214
428.94	2.16464
427.933	2.18972
426.93	2.21648
425.932	2.24304
424.939	2.26762
423.951	2.28965
422.967	2.3102
421.987	2.33143
421.012	2.35537
420.042	2.38265
419.076	2.41198
418.115	2.44068
417.158	2.46606
416.205	2.48704
415.257	2.50494
414.313	2.52299
413.373	2.54454
412.437	2.57077
411.506	2.5991
410.579	2.62334
409.656	2.63593
408.737	2.63176
407.823	2.61187
406.912	2.58533
406.005	2.5679
405.103	2.57758
404.204	2.62825
403.31	2.7241
402.419	2.8571
401.533	3.00896
400.65	3.15697
399.771	3.28145
398.896	3.37189
398.025	3.42921
397.157	3.46352
396.294	3.48857
395.434	3.51568
394.578	3.5498
393.725	3.58917
392.877	3.62822
392.031	3.66169
391.19	3.68779
390.352	3.70887
389.518	3.72954
388.687	3.75377
387.86	3.78268
387.036	3.81418
386.216	3.84462
385.399	3.87106
384.586	3.89297
383.776	3.91228
382.969	3.93206
382.166	3.95457
381.367	3.98012
380.57	4.00713
379.777	4.03324
378.987	4.05676
378.201	4.07742
377.418	4.0962
376.638	4.11442
375.861	4.1329
375.087	4.15152
374.317	4.1696
373.55	4.18649
372.785	4.20198
372.024	4.21634
371.267	4.22998
370.512	4.24317
369.76	4.25602
369.011	4.26854
368.266	4.28056
367.523	4.29122
366.783	4.2984
366.047	4.29867
365.313	4.28851
364.582	4.26679
363.854	4.23755
363.129	4.2113
362.407	4.20357
361.688	4.23025
360.971	4.30129
360.258	4.41563
359.547	4.55997
358.839	4.71251
358.134	4.8505
357.432	4.9582
356.732	5.03159
356.035	5.07777
355.341	5.10958
354.649	5.13851
353.96	5.16963
353.274	5.2011
352.591	5.22793
351.91	5.2472
351.232	5.26126
350.556	5.27652
349.883	5.29864
349.213	5.32723
348.545	5.35381
347.879	5.36532
347.217	5.35181
346.556	5.31459
345.899	5.2697
345.243	5.24417
344.591	5.26569
343.94	5.35048
343.292	5.49502
342.647	5.67599
342.004	5.85873
341.363	6.01034
340.725	6.11153
340.089	6.1619
339.456	6.17683
338.825	6.17831
338.196	6.18448
337.569	6.20298
336.945	6.23049
336.324	6.25778
335.704	6.27648
335.087	6.28402
334.472	6.28421
333.859	6.28408
333.249	6.28924
332.64	6.30072
332.034	6.31495
331.43	6.32648
330.829	6.33144
330.229	6.32972
329.632	6.32462
329.037	6.32054
328.444	6.3202
327.853	6.32318
327.264	6.32646
326.678	6.32655
326.093	6.32159
325.511	6.31236
324.93	6.30158
324.352	6.29208
323.776	6.28512
323.201	6.27972
322.629	6.2735
322.059	6.26423
321.491	6.25114
320.925	6.23534
320.361	6.21894
319.799	6.20373
319.238	6.19016
318.68	6.17714
318.124	6.16288
317.57	6.14601
317.017	6.12639
316.467	6.10511
315.918	6.08378
315.371	6.06349
314.826	6.04428
314.284	6.02519
313.743	6.0049
313.203	5.98262
312.666	5.9585
312.13	5.9335
311.597	5.90879
311.065	5.8851
310.535	5.86232
310.007	5.83966
309.48	5.81617
308.956	5.79137
308.433	5.76547
307.912	5.73927
307.392	5.71371
306.875	5.68934
306.359	5.66604
305.845	5.6432
305.332	5.62004
304.821	5.59613
304.312	5.57164
303.805	5.54729
303.3	5.52393
302.796	5.50217
302.293	5.48198
301.793	5.46272
301.294	5.44345
300.797	5.42331
300.301	5.40199
299.807	5.37976
299.314	5.35732
298.824	5.33543
298.335	5.31453
297.847	5.29459
297.361	5.2753
296.877	5.25631
296.394	5.23761
295.912	5.21951
295.433	5.2025
294.955	5.18688
294.478	5.17252
294.003	5.15896
293.529	5.14571
293.057	5.1327
292.587	5.12045
292.118	5.10987
291.65	5.10163
291.184	5.09555
290.72	5.09031
290.257	5.0838
289.795	5.074
289.335	5.05985
288.877	5.04179
288.419	5.02145
287.964	5.00073
287.509	4.98071
287.057	4.96111
286.605	4.94056
286.155	4.91757
285.706	4.89167
285.259	4.86387
284.813	4.83633
284.369	4.81117
283.926	4.78945
283.484	4.77077
283.044	4.754
282.605	4.73867
282.168	4.72621
281.731	4.72022
281.297	4.72544
280.863	4.74585
280.431	4.78302
280	4.83572
