1200	10.2613
1192.15	10.1908
1184.4	10.118
1176.75	10.0437
1169.21	9.96924
1161.75	9.89606
1154.39	9.82458
1147.13	9.75409
1139.95	9.68319
1132.86	9.61053
1125.87	9.53569
1118.95	9.45934
1112.13	9.38289
1105.38	9.30771
1098.72	9.23428
1092.13	9.16197
1085.63	9.08939
1079.2	9.01523
1072.84	8.93896
1066.56	8.86122
1060.36	8.7834
1054.23	8.70685
1048.16	8.63213
1042.17	8.55865
1036.24	8.48506
1030.38	8.41
1024.59	8.33292
1018.86	8.25439
1013.2	8.1758
1007.6	8.09855
1002.06	8.02322
996.576	7.94929
991.156	7.87537
985.795	7.80007
980.491	7.72278
975.244	7.64407
970.053	7.56533
964.917	7.48802
959.835	7.41281
954.806	7.33916
949.83	7.26564
944.905	7.19077
940.031	7.11387
935.207	7.0355
930.433	6.95718
925.707	6.88048
921.028	6.80615
916.397	6.73359
911.812	6.66122
907.273	6.58735
902.778	6.51123
898.328	6.43355
893.922	6.3561
889.559	6.28081
885.238	6.20851
880.958	6.13838
876.72	6.06825
872.523	5.99584
868.365	5.92024
864.247	5.84285
860.168	5.76721
856.127	5.69768
852.124	5.63751
848.159	5.58727
844.23	5.54436
840.337	5.50392
836.48	5.46075
832.658	5.41134
828.871	5.35505
825.118	5.294
821.399	5.23173
817.714	5.17136
814.061	5.11415
810.441	5.05919
806.853	5.00415
803.296	4.94676
799.771	4.8861
796.277	4.82307
792.813	4.75985
789.379	4.6987
785.974	4.6407
782.599	4.58522
779.253	4.53039
775.935	4.47414
772.645	4.41546
769.383	4.35492
766.149	4.29443
762.941	4.23614
759.761	4.18126
756.606	4.12926
753.478	4.07816
750.376	4.02545
747.299	3.96945
744.247	3.9102
741.22	3.84946
738.218	3.78986
735.239	3.73343
732.285	3.68053
729.354	3.62959
726.447	3.57789
723.563	3.52305
720.702	3.46441
717.863	3.40361
715.046	3.34407
712.251	3.28939
709.479	3.2416
706.727	3.20006
703.997	3.16156
701.288	3.12176
698.6	3.07721
695.932	3.02699
693.285	2.97317
690.657	2.91962
688.05	2.8698
685.462	2.82448
682.893	2.78076
680.344	2.73298
677.814	2.67562
675.302	2.60694
672.809	2.53182
670.334	2.46226
667.878	2.41481
665.439	2.40551
663.018	2.4441
660.615	2.52955
658.229	2.64898
655.86	2.78052
653.508	2.89939
651.173	2.98509
648.854	3.0271
646.553	3.02708
644.267	2.99691
641.997	2.95348
639.744	2.91236
637.506	2.88284
635.283	2.86599
633.077	2.8563
630.885	2.84561
628.709	2.82753
626.547	2.80022
624.4	2.76669
622.268	2.7326
620.151	2.70296
618.048	2.67951
615.959	2.65989
613.884	2.63902
611.823	2.6118
609.776	2.57578
607.742	2.53234
605.723	2.48601
603.716	2.44226
601.723	2.40488
599.742	2.3744
597.775	2.34811
595.821	2.32174
593.879	2.29172
591.95	2.25698
590.034	2.21933
588.13	2.18233
586.238	2.14933
584.358	2.12171
582.49	2.09824
580.634	2.07587
578.79	2.0514
576.958	2.02318
575.137	1.99193
573.328	1.96026
571.53	1.9312
569.743	1.90662
567.967	1.88621
566.203	1.86778
564.449	1.84848
562.706	1.82634
560.974	1.80128
559.253	1.77513
557.542	1.75056
555.841	1.72965
554.151	1.71276
552.471	1.69844
550.802	1.68422
549.142	1.66799
547.492	1.64914
545.852	1.62883
544.222	1.60932
542.602	1.59276
540.991	1.57998
539.39	1.57013
537.798	1.56115
536.216	1.55096
534.643	1.53856
533.079	1.52459
531.524	1.51091
529.979	1.49959
528.442	1.49179
526.914	1.48712
525.395	1.48394
523.885	1.48025
522.383	1.47482
520.89	1.46782
519.405	1.46073
517.929	1.45548
516.461	1.4534
515.002	1.45447
513.551	1.45735
512.108	1.46017
510.673	1.46151
509.246	1.46121
507.827	1.46039
506.415	1.46086
505.012	1.46405
503.616	1.47022
502.229	1.47837
500.848	1.48675
499.476	1.49391
498.111	1.49951
496.753	1.5046
495.402	1.51105
494.059	1.52062
492.724	1.53398
491.395	1.5504
490.074	1.56809
488.759	1.5852
487.452	1.6008
486.152	1.6154
484.858	1.63065
483.572	1.64848
482.292	1.67002
481.019	1.69494
479.753	1.72145
478.493	1.7471
477.24	1.7698
475.994	1.7887
474.754	1.80437
473.52	1.81844
472.293	1.83268
471.072	1.8482
469.858	1.86514
468.649	1.88278
467.447	1.90023
466.251	1.91699
465.062	1.93325
463.878	1.94977
462.7	1.96736
461.528	1.98642
460.362	2.00672
459.202	2.02753
458.048	2.04812
456.9	2.06813
455.757	2.08783
454.62	2.10788
453.489	2.12894
452.363	2.1513
451.243	2.17467
450.129	2.19841
449.02	2.22187
447.916	2.24484
446.818	2.26758
445.725	2.29072
444.638	2.31483
443.556	2.34007
442.479	2.36609
441.407	2.39226
440.34	2.41804
439.279	2.44333
438.223	2.4685
437.171	2.4942
436.125	2.52094
435.084	2.54874
434.048	2.5771
433.017	2.60531
431.99	2.63285
430.969	2.65977
429.952	2.68669
428.94	2.71445
427.933	2.74361
426.93	2.77403
425.932	2.80483
424.939	2.83482
423.951	2.86299
422.967	2.88902
421.987	2.91336
421.012	2.93686
420.042	2.96028
419.076	2.9838
418.115	3.00706
417.158	3.02954
416.205	3.05109
415.257	3.07228
414.313	3.09415
413.373	3.11755
412.437	3.14233
411.506	3.16687
410.579	3.18853
409.656	3.20465
408.737	3.21385
407.823	3.2167
406.912	3.21513
406.005	3.2108
405.103	3.20294
404.204	3.18698
403.31	3.15514
402.419	3.09938
401.533	3.01592
400.65	2.90975
399.771	2.79693
398.896	2.7033
398.025	2.65909
397.157	2.69109
396.294	2.81466
395.434	3.02857
394.578	3.31457
393.725	3.64189
392.877	3.97528
392.031	4.28386
391.19	4.54767
390.352	4.76031
389.518	4.92708
388.687	5.06006
387.86	5.17232
387.036	5.27347
386.216	5.36785
385.399	5.4554
384.586	5.53413
383.776	5.60278
382.969	5.66224
382.166	5.71549
381.367	5.76626
380.57	5.81741
379.777	5.86988
378.987	5.92266
378.201	5.97379
377.418	6.02156
376.638	6.06546
375.861	6.1064
375.087	6.14616
374.317	6.18644
373.55	6.22812
372.785	6.27095
372.024	6.3138
371.267	6.35533
370.512	6.39461
369.76	6.43153
369.011	6.46673
368.266	6.5013
367.523	6.53628
366.783	6.57226
366.047	6.60917
365.313	6.6463
364.582	6.68254
363.854	6.71679
363.129	6.74835
362.407	6.77735
361.688	6.80481
360.971	6.83247
360.258	6.86213
359.547	6.89467
358.839	6.92926
358.134	6.96299
357.432	6.99129
356.732	7.00937
356.035	7.01394
355.341	7.00496
354.649	6.98623
353.96	6.96474
353.274	6.9486
352.591	6.9444
351.91	6.95501
351.232	6.97864
350.556	7.00973
349.883	7.0412
349.213	7.06721
348.545	7.08522
347.879	7.09654
347.217	7.10521
346.556	7.11583
345.899	7.13144
345.243	7.15239
344.591	7.17664
343.94	7.20124
343.292	7.22415
342.647	7.24535
342.004	7.26683
341.363	7.29135
340.725	7.32086
340.089	7.35536
339.456	7.39293
338.825	7.43086
338.196	7.46717
337.569	7.50184
336.945	7.53675
336.324	7.57448
335.704	7.61659
335.087	7.66224
334.472	7.70815
333.859	7.75014
333.249	7.78538
332.64	7.81455
332.034	7.84242
331.43	7.87651
330.829	7.92418
330.229	7.98935
329.632	8.07041
329.037	8.16028
328.444	8.24874
327.853	8.32615
327.264	8.38679
326.678	8.43062
326.093	8.46255
325.511	8.48975
324.93	8.51833
324.352	8.5508
323.776	8.58559
323.201	8.61859
322.629	8.64599
322.059	8.66686
321.491	8.68434
320.925	8.7048
320.361	8.73529
319.799	8.78065
319.238	8.8414
318.68	8.91336
318.124	8.9892
317.57	9.06098
317.017	9.12282
316.467	9.17241
315.918	9.21109
315.371	9.24261
314.826	9.27128
314.284	9.30037
313.743	9.33135
313.203	9.36406
312.666	9.39747
312.13	9.43048
311.597	9.46251
311.065	9.49354
310.535	9.52384
310.007	9.55368
309.48	9.58316
308.956	9.61228
308.433	9.64105
307.912	9.66965
307.392	9.69829
306.875	9.72704
306.359	9.75566
305.845	9.78367
305.332	9.81053
304.821	9.83601
304.312	9.86043
303.805	9.88456
303.3	9.90929
302.796	9.93518
302.293	9.96208
301.793	9.9892
301.294	10.0155
300.797	10.0401
300.301	10.0631
299.807	10.0852
299.314	10.1077
298.824	10.1316
298.335	10.1571
297.847	10.1837
297.361	10.21
296.877	10.2349
296.394	10.2579
295.912	10.2795
295.433	10.3011
294.955	10.324
294.478	10.3488
294.003	10.3752
293.529	10.4022
293.057	10.4281
292.587	10.4522
292.118	10.4746
291.65	10.4963
291.184	10.519
290.72	10.5435
290.257	10.5702
289.795	10.5978
289.335	10.6251
288.877	10.6507
288.419	10.6743
287.964	10.6966
287.509	10.7191
287.057	10.743
286.605	10.7688
286.155	10.796
285.706	10.8233
285.259	10.8495
284.813	10.874
284.369	10.8969
283.926	10.9191
283.484	10.9411
283.044	10.9626
282.605	10.9823
282.168	10.9985
281.731	11.0097
281.297	11.0158
280.863	11.0185
280.431	11.0203
280	11.024
