1200	1.41939
1192.15	1.40018
1184.4	1.38083
1176.75	1.36136
1169.21	1.34203
1161.75	1.32297
1154.39	1.30401
1147.13	1.28494
1139.95	1.26575
1132.86	1.24668
1125.87	1.22787
1118.95	1.20922
1112.13	1.19048
1105.38	1.17163
1098.72	1.15287
1092.13	1.13438
1085.63	1.11608
1079.2	1.09773
1072.84	1.07927
1066.56	1.06088
1060.36	1.04276
1054.23	1.02486
1048.16	1.00695
1042.17	0.988939
1036.24	0.970981
1030.38	0.953285
1024.59	0.935832
1018.86	0.918408
1013.2	0.90089
1007.6	0.883411
1002.06	0.866182
996.576	0.849217
991.156	0.832317
985.795	0.815339
980.491	0.798382
975.244	0.78166
970.053	0.765219
964.917	0.748878
959.835	0.732474
954.806	0.716079
949.83	0.6999
944.905	0.684012
940.031	0.668258
935.207	0.652462
930.433	0.636662
925.707	0.62106
921.028	0.605754
916.397	0.590615
911.812	0.575457
907.273	0.560288
902.778	0.545296
898.328	0.530603
893.922	0.516108
889.559	0.501621
885.238	0.487119
880.958	0.472777
876.72	0.458735
872.523	0.444918
868.365	0.431142
864.247	0.417355
860.168	0.403711
856.127	0.390365
852.124	0.377275
848.159	0.36426
844.23	0.351245
840.337	0.338361
836.48	0.325775
832.658	0.313472
828.871	0.301283
825.118	0.289114
821.399	0.277071
817.714	0.265324
814.061	0.253886
810.441	0.242607
806.853	0.231374
803.296	0.220268
799.771	0.209458
796.277	0.198985
792.813	0.188715
789.379	0.178527
785.974	0.168474
782.599	0.15872
779.253	0.149326
775.935	0.140183
772.645	0.131164
769.383	0.122297
766.149	0.113732
762.941	0.105549
759.761	0.0976632
756.606	0.0899482
753.478	0.0824106
750.376	0.0751827
747.299	0.0683539
744.247	0.0618641
741.22	0.0555962
738.218	0.0495387
735.239	0.0438018
732.285	0.0384761
729.354	0.0335244
726.447	0.0288463
723.563	0.0244197
720.702	0.0203299
717.863	0.0166574
715.046	0.0133826
712.251	0.0104301
709.479	0.00777925
706.727	0.00548943
703.997	0.00361686
701.288	0.00214941
698.6	0.00104472
695.932	0.000301955
693.285	-4.16148e-05
690.657	2.72157e-05
688.05	0.000484701
685.462	0.00132958
682.893	0.00260979
680.344	0.00435309
677.814	0.00650336
675.302	0.00898953
672.809	0.0118577
670.334	0.0152559
667.878	0.0192351
665.439	0.0236285
663.018	0.028243
660.615	0.0331737
658.229	0.0387806
655.86	0.0452324
653.508	0.0521709
651.173	0.059081
648.854	0.0660927
646.553	0.0741462
644.267	0.0839176
641.997	0.0944103
639.744	0.102968
637.506	0.107311
635.283	0.107964
633.077	0.108537
630.885	0.113173
628.709	0.123303
626.547	0.136756
624.4	0.149996
622.268	0.161196
620.151	0.171198
618.048	0.181791
615.959	0.193506
613.884	0.205303
611.823	0.216115
609.776	0.226192
607.742	0.236687
605.723	0.248203
603.716	0.260168
601.723	0.271732
599.742	0.282948
597.775	0.294739
595.821	0.307756
593.879	0.321628
591.95	0.335525
590.034	0.349267
588.13	0.363527
586.238	0.378906
584.358	0.395088
582.49	0.411173
580.634	0.426727
578.79	0.442188
576.958	0.458088
575.137	0.474129
573.328	0.489318
571.53	0.503015
569.743	0.515566
567.967	0.527752
566.203	0.539848
564.449	0.551585
562.706	0.563015
560.974	0.575003
559.253	0.588425
557.542	0.602953
555.841	0.61708
554.151	0.629643
552.471	0.641155
550.802	0.653245
549.142	0.666697
547.492	0.680351
545.852	0.692277
544.222	0.701927
542.602	0.710785
540.991	0.720787
539.39	0.732407
537.798	0.744663
536.216	0.756837
534.643	0.769605
533.079	0.784089
531.524	0.8001
529.979	0.815983
528.442	0.830451
526.914	0.844119
525.395	0.858651
523.885	0.874464
522.383	0.889931
520.89	0.903341
519.405	0.915254
517.929	0.928063
516.461	0.942941
515.002	0.957939
513.551	0.97011
512.108	0.979519
510.673	0.989965
509.246	1.00439
507.827	1.0195
506.415	1.02638
505.012	1.01821
503.616	0.998223
502.229	0.97941
500.848	0.975037
499.476	0.98831
498.111	1.01061
496.753	1.02958
495.402	1.0389
494.059	1.04113
492.724	1.04222
491.395	1.04466
490.074	1.04612
488.759	1.04337
487.452	1.03628
486.152	1.02734
484.858	1.01827
483.572	1.00801
482.292	0.994362
481.019	0.976721
479.753	0.956549
478.493	0.935277
477.24	0.912444
475.994	0.886322
474.754	0.856014
473.52	0.822357
472.293	0.786666
471.072	0.749145
469.858	0.709107
468.649	0.666815
467.447	0.624797
466.251	0.587344
465.062	0.559302
463.878	0.546056
462.7	0.554721
461.528	0.594405
460.362	0.673698
459.202	0.796365
458.048	0.958298
456.9	1.14802
455.757	1.35015
454.62	1.54947
453.489	1.73349
452.363	1.89373
451.243	2.02629
450.129	2.13183
449.02	2.2144
447.916	2.279
446.818	2.32926
445.725	2.36676
444.638	2.39241
443.556	2.4083
442.479	2.41822
441.407	2.42626
440.34	2.43475
439.279	2.44351
438.223	2.45081
437.171	2.45532
436.125	2.45722
435.084	2.4579
434.048	2.4586
433.017	2.45944
431.99	2.45973
430.969	2.45913
429.952	2.45832
428.94	2.45856
427.933	2.46034
426.93	2.46261
425.932	2.46358
424.939	2.46234
423.951	2.4598
422.967	2.45786
421.987	2.45766
421.012	2.45871
420.042	2.45963
419.076	2.45965
418.115	2.45917
417.158	2.45895
416.205	2.45894
415.257	2.45824
414.313	2.45614
413.373	2.45289
412.437	2.44934
411.506	2.44583
410.579	2.4418
409.656	2.4365
408.737	2.43002
407.823	2.42316
406.912	2.41653
406.005	2.40987
405.103	2.40246
404.204	2.39419
403.31	2.38579
402.419	2.37806
401.533	2.37105
400.65	2.36418
399.771	2.35716
398.896	2.35048
398.025	2.34487
397.157	2.34036
396.294	2.33613
395.434	2.33135
394.578	2.32592
393.725	2.32023
392.877	2.3143
392.031	2.30747
391.19	2.2991
390.352	2.2893
389.518	2.27882
388.687	2.26813
387.86	2.25688
387.036	2.24448
386.216	2.23106
385.399	2.21753
384.586	2.2046
383.776	2.192
382.969	2.17901
382.166	2.16563
381.367	2.15304
380.57	2.14258
379.777	2.13444
378.987	2.12779
378.201	2.1223
377.418	2.11943
376.638	2.12171
375.861	2.13057
375.087	2.14486
374.317	2.16171
373.55	2.17879
372.785	2.19568
372.024	2.21324
371.267	2.23189
370.512	2.25067
369.76	2.26791
369.011	2.28225
368.266	2.29309
367.523	2.30005
366.783	2.30274
366.047	2.30124
365.313	2.29665
364.582	2.29071
363.854	2.28472
363.129	2.27866
362.407	2.27167
361.688	2.26326
360.971	2.25401
360.258	2.245
359.547	2.23663
358.839	2.22821
358.134	2.21856
357.432	2.20701
356.732	2.19379
356.035	2.17955
355.341	2.16477
354.649	2.14967
353.96	2.13443
353.274	2.11928
352.591	2.10439
351.91	2.08958
351.232	2.07451
350.556	2.05902
349.883	2.04332
349.213	2.02768
348.545	2.01215
347.879	1.99652
347.217	1.98064
346.556	1.96463
345.899	1.94876
345.243	1.93312
344.591	1.91754
343.94	1.90179
343.292	1.88587
342.647	1.87001
342.004	1.85437
341.363	1.8389
340.725	1.82338
340.089	1.80774
339.456	1.7922
338.825	1.77704
338.196	1.76236
337.569	1.74805
336.945	1.734
336.324	1.72036
335.704	1.70749
335.087	1.69567
334.472	1.68494
333.859	1.67524
333.249	1.66666
332.64	1.65962
332.034	1.65462
331.43	1.65201
330.829	1.65188
330.229	1.65437
329.632	1.65993
329.037	1.6693
328.444	1.6831
327.853	1.70157
327.264	1.72467
326.678	1.75251
326.093	1.78546
325.511	1.82378
324.93	1.86706
324.352	1.91411
323.776	1.96355
323.201	2.01442
322.629	2.0661
322.059	2.11746
321.491	2.16632
320.925	2.21003
320.361	2.24703
319.799	2.27791
319.238	2.30469
318.68	2.32892
318.124	2.35019
317.57	2.36664
317.017	2.37683
316.467	2.38126
315.918	2.38199
315.371	2.38096
314.826	2.37884
314.284	2.37526
313.743	2.37013
313.203	2.3643
312.666	2.35898
312.13	2.35469
311.597	2.35097
311.065	2.34713
310.535	2.343
310.007	2.33896
309.48	2.33527
308.956	2.33172
308.433	2.32791
307.912	2.32379
307.392	2.31977
306.875	2.31618
306.359	2.31291
305.845	2.30962
305.332	2.30625
304.821	2.3031
304.312	2.30049
303.805	2.29837
303.3	2.29643
302.796	2.29463
302.293	2.29333
301.793	2.29288
301.294	2.29326
300.797	2.29415
300.301	2.29543
299.807	2.29742
299.314	2.30047
298.824	2.30446
298.335	2.30887
297.847	2.31337
297.361	2.31821
296.877	2.32379
296.394	2.33007
295.912	2.33648
295.433	2.34258
294.955	2.34862
294.478	2.35523
294.003	2.36254
293.529	2.36993
293.057	2.37676
292.587	2.38326
292.118	2.39027
291.65	2.39816
291.184	2.40623
290.72	2.41352
290.257	2.4201
289.795	2.42715
289.335	2.43546
288.877	2.44415
288.419	2.45134
287.964	2.45644
287.509	2.46116
287.057	2.46783
286.605	2.47634
286.155	2.48355
285.706	2.48626
285.259	2.48514
284.813	2.48505
284.369	2.49098
283.926	2.50334
283.484	2.51744
283.044	2.52777
282.605	2.53273
282.168	2.5352
281.731	2.53869
281.297	2.54358
280.863	2.5474
280.431	2.54845
280	2.54853
