1200	15.4003
1192.15	15.3243
1184.4	15.2479
1176.75	15.1679
1169.21	15.0829
1161.75	14.9942
1154.39	14.9051
1147.13	14.8187
1139.95	14.7365
1132.86	14.6569
1125.87	14.5765
1118.95	14.4921
1112.13	14.4027
1105.38	14.3098
1098.72	14.217
1092.13	14.1276
1085.63	14.0425
1079.2	13.9598
1072.84	13.8761
1066.56	13.7881
1060.36	13.6948
1054.23	13.5984
1048.16	13.5027
1042.17	13.411
1036.24	13.3239
1030.38	13.2394
1024.59	13.1532
1018.86	13.0622
1013.2	12.9656
1007.6	12.866
1002.06	12.7678
996.576	12.6744
991.156	12.5864
985.795	12.501
980.491	12.4134
975.244	12.3199
970.053	12.2201
964.917	12.1171
959.835	12.0163
954.806	11.9218
949.83	11.8342
944.905	11.7497
940.031	11.6622
935.207	11.5668
930.433	11.4629
925.707	11.3555
921.028	11.2531
916.397	11.1644
911.812	11.0938
907.273	11.0395
902.778	10.9943
898.328	10.9489
893.922	10.8958
889.559	10.8325
885.238	10.7612
880.958	10.6869
876.72	10.6141
872.523	10.5442
868.365	10.4753
864.247	10.4037
860.168	10.3267
856.127	10.2448
852.124	10.161
848.159	10.0799
844.23	10.0042
840.337	9.93375
836.48	9.86531
832.658	9.7947
828.871	9.71943
825.118	9.64041
821.399	9.56155
817.714	9.48743
814.061	9.42027
810.441	9.35807
806.853	9.29512
803.296	9.22471
799.771	9.14284
796.277	9.05068
792.813	8.95441
789.379	8.8623
785.974	8.78046
782.599	8.70963
779.253	8.64488
775.935	8.57868
772.645	8.50588
769.383	8.42788
766.149	8.35345
762.941	8.29512
759.761	8.26253
756.606	8.25572
753.478	8.262
750.376	8.25875
747.299	8.22157
744.247	8.13498
741.22	8.00085
738.218	7.84065
735.239	7.68974
732.285	7.58552
729.354	7.55367
726.447	7.59833
723.563	7.69986
720.702	7.8215
717.863	7.92215
715.046	7.97026
712.251	7.95338
709.479	7.88003
706.727	7.77359
703.997	7.66149
701.288	7.56434
698.6	7.48945
695.932	7.43089
693.285	7.37515
690.657	7.30921
688.05	7.22703
685.462	7.1317
682.893	7.03282
680.344	6.94088
677.814	6.86182
675.302	6.79447
672.809	6.73179
670.334	6.6651
667.878	6.58882
665.439	6.50313
663.018	6.41352
660.615	6.32752
658.229	6.25054
655.86	6.18317
653.508	6.12107
651.173	6.05767
648.854	5.98778
646.553	5.91033
644.267	5.8288
641.997	5.74907
639.744	5.67617
637.506	5.61153
635.283	5.55238
633.077	5.49342
630.885	5.42983
628.709	5.35991
626.547	5.28591
624.4	5.21262
622.268	5.14472
620.151	5.08412
618.048	5.02905
615.959	4.9751
613.884	4.91782
611.823	4.85513
609.776	4.78845
607.742	4.72183
605.723	4.6596
603.716	4.60393
601.723	4.55373
599.742	4.50527
597.775	4.45438
595.821	4.39881
593.879	4.33946
591.95	4.27985
590.034	4.22411
588.13	4.17462
586.238	4.13072
584.358	4.08903
582.49	4.04537
580.634	3.99699
578.79	3.944
576.958	3.88924
575.137	3.83658
573.328	3.78877
571.53	3.74603
569.743	3.70601
567.967	3.66535
566.203	3.62161
564.449	3.57467
562.706	3.52683
560.974	3.48136
559.253	3.44071
557.542	3.40507
555.841	3.37236
554.151	3.33942
552.471	3.30384
550.802	3.26532
549.142	3.22577
547.492	3.18817
545.852	3.15485
544.222	3.12624
542.602	3.10062
540.991	3.07525
539.39	3.04796
537.798	3.01836
536.216	2.98803
534.643	2.95953
533.079	2.93492
531.524	2.91463
529.979	2.89735
528.442	2.88099
526.914	2.86413
525.395	2.84695
523.885	2.83117
522.383	2.81886
520.89	2.81095
519.405	2.80617
517.929	2.8013
516.461	2.79252
515.002	2.77731
513.551	2.75582
512.108	2.73089
510.673	2.70675
509.246	2.68699
507.827	2.67293
506.415	2.66314
505.012	2.65446
503.616	2.64383
502.229	2.62997
500.848	2.61406
499.476	2.59894
498.111	2.58753
496.753	2.58112
495.402	2.57874
494.059	2.57765
492.724	2.57485
491.395	2.56866
490.074	2.55944
488.759	2.5493
487.452	2.54072
486.152	2.53525
484.858	2.53271
483.572	2.53153
482.292	2.52985
481.019	2.52675
479.753	2.52285
478.493	2.51997
477.24	2.52003
475.994	2.52388
474.754	2.53081
473.52	2.53891
472.293	2.54625
471.072	2.55195
469.858	2.55671
468.649	2.56239
467.447	2.57089
466.251	2.58299
465.062	2.59794
463.878	2.61384
462.7	2.62886
461.528	2.64228
460.362	2.65501
459.202	2.66902
458.048	2.68624
456.9	2.7074
455.757	2.7317
454.62	2.75736
453.489	2.7829
452.363	2.80815
451.243	2.83443
450.129	2.86349
449.02	2.89591
447.916	2.92969
446.818	2.96029
445.725	2.98222
444.638	2.99188
443.556	2.99023
442.479	2.98387
441.407	2.98376
440.34	3.00176
439.279	3.04621
438.223	3.11851
437.171	3.21216
436.125	3.31476
435.084	3.41223
434.048	3.49355
433.017	3.55406
431.99	3.59614
430.969	3.62714
429.952	3.65573
428.94	3.68825
427.933	3.72679
426.93	3.76929
425.932	3.81167
424.939	3.85042
423.951	3.88455
422.967	3.91589
421.987	3.94791
421.012	3.98365
420.042	4.02416
419.076	4.06798
418.115	4.11212
417.158	4.15373
416.205	4.19175
415.257	4.22745
414.313	4.26372
413.373	4.30344
412.437	4.3478
411.506	4.39562
410.579	4.44386
409.656	4.48935
408.737	4.53067
407.823	4.56921
406.912	4.60884
406.005	4.65394
405.103	4.70695
404.204	4.76636
403.31	4.82639
402.419	4.87867
401.533	4.91533
400.65	4.93224
399.771	4.93101
398.896	4.91869
398.025	4.9053
397.157	4.90008
396.294	4.90822
395.434	4.92921
394.578	4.95777
393.725	4.98656
392.877	5.00962
392.031	5.02477
391.19	5.03404
390.352	5.04199
389.518	5.05302
388.687	5.06898
387.86	5.08833
387.036	5.10727
386.216	5.12202
385.399	5.13108
384.586	5.13609
383.776	5.14088
382.969	5.14924
382.166	5.16259
381.367	5.17909
380.57	5.19454
379.777	5.20485
378.987	5.20853
378.201	5.20788
377.418	5.20791
376.638	5.21358
375.861	5.22679
375.087	5.24484
374.317	5.2616
373.55	5.27084
372.785	5.27023
372.024	5.26347
371.267	5.25917
370.512	5.26636
369.76	5.2887
369.011	5.32042
368.266	5.34664
367.523	5.34882
366.783	5.31366
366.047	5.24168
365.313	5.15121
364.582	5.07526
363.854	5.05167
363.129	5.10973
362.407	5.25877
361.688	5.48329
360.971	5.74699
360.258	6.00437
359.547	6.21531
358.839	6.35726
358.134	6.43031
357.432	6.45379
356.732	6.45641
356.035	6.46437
355.341	6.49239
354.649	6.54085
353.96	6.59929
353.274	6.65381
352.591	6.69465
351.91	6.72042
351.232	6.73757
350.556	6.7562
349.883	6.78449
349.213	6.82484
348.545	6.87337
347.879	6.92257
347.217	6.96555
346.556	6.99951
345.899	7.02681
345.243	7.05325
344.591	7.08481
343.94	7.12446
343.292	7.17087
342.647	7.21928
342.004	7.26422
341.363	7.30224
340.725	7.33361
340.089	7.3618
339.456	7.39147
338.825	7.42579
338.196	7.46469
337.569	7.50481
336.945	7.54121
336.324	7.57014
335.704	7.59145
335.087	7.60961
334.472	7.63294
333.859	7.67117
333.249	7.73243
332.64	7.8207
332.034	7.93453
331.43	8.06746
330.829	8.20978
330.229	8.35093
329.632	8.48193
329.037	8.59692
328.444	8.69373
327.853	8.77339
327.264	8.83907
326.678	8.89465
326.093	8.94365
325.511	8.98857
324.93	9.03077
324.352	9.07084
323.776	9.109
323.201	9.14552
322.629	9.18079
322.059	9.2152
321.491	9.24891
320.925	9.28169
320.361	9.31311
319.799	9.34288
319.238	9.37126
318.68	9.3993
318.124	9.42871
317.57	9.46134
317.017	9.49845
316.467	9.54012
315.918	9.58516
315.371	9.63141
314.826	9.67655
314.284	9.71885
313.743	9.75767
313.203	9.79348
312.666	9.82734
312.13	9.86029
311.597	9.89278
311.065	9.92461
310.535	9.95517
310.007	9.98387
309.48	10.0106
308.956	10.0357
308.433	10.0599
307.912	10.0835
307.392	10.1067
306.875	10.1291
306.359	10.15
305.845	10.1693
305.332	10.1869
304.821	10.2036
304.312	10.2199
303.805	10.2361
303.3	10.2518
302.796	10.2661
302.293	10.2781
301.793	10.2874
301.294	10.2944
300.797	10.3002
300.301	10.3063
299.807	10.3137
299.314	10.3225
298.824	10.3317
298.335	10.3404
297.847	10.3476
297.361	10.3533
296.877	10.3581
296.394	10.3634
295.912	10.37
295.433	10.3784
294.955	10.3878
294.478	10.3973
294.003	10.4058
293.529	10.4132
293.057	10.4202
292.587	10.4281
292.118	10.4379
291.65	10.4501
291.184	10.4642
290.72	10.4791
290.257	10.4938
289.795	10.5081
289.335	10.5225
288.877	10.5377
288.419	10.5544
287.964	10.5726
287.509	10.5911
287.057	10.6085
286.605	10.624
286.155	10.6379
285.706	10.6516
285.259	10.6676
284.813	10.688
284.369	10.7136
283.926	10.7438
283.484	10.7765
283.044	10.8096
282.605	10.8417
282.168	10.8726
281.731	10.9037
281.297	10.9368
280.863	10.973
280.431	11.0122
280	11.0529
