1200	44.7879
1192.15	44.7394
1184.4	44.6899
1176.75	44.6378
1169.21	44.5819
1161.75	44.5223
1154.39	44.4599
1147.13	44.3963
1139.95	44.3332
1132.86	44.2716
1125.87	44.2117
1118.95	44.1527
1112.13	44.0929
1105.38	44.0305
1098.72	43.9644
1092.13	43.8943
1085.63	43.8211
1079.2	43.7465
1072.84	43.6722
1066.56	43.5996
1060.36	43.5289
1054.23	43.4594
1048.16	43.3893
1042.17	43.3168
1036.24	43.2404
1030.38	43.1596
1024.59	43.0754
1018.86	42.9894
1013.2	42.9037
1007.6	42.82
1002.06	42.7386
996.576	42.6589
991.156	42.5788
985.795	42.4963
980.491	42.4094
975.244	42.3176
970.053	42.2217
964.917	42.1238
959.835	42.0264
954.806	41.9317
949.83	41.8405
944.905	41.7519
940.031	41.6633
935.207	41.5717
930.433	41.4741
925.707	41.3693
921.028	41.2583
916.397	41.1444
911.812	41.0323
907.273	40.9272
902.778	40.8331
898.328	40.7519
893.922	40.6823
889.559	40.6208
885.238	40.5624
880.958	40.5017
876.72	40.4347
872.523	40.3595
868.365	40.2765
864.247	40.1879
860.168	40.0967
856.127	40.0054
852.124	39.9153
848.159	39.8262
844.23	39.7366
840.337	39.6445
836.48	39.5481
832.658	39.4472
828.871	39.3426
825.118	39.2366
821.399	39.1315
817.714	39.0291
814.061	38.9298
810.441	38.8325
806.853	38.7348
803.296	38.634
799.771	38.5279
796.277	38.4157
792.813	38.2985
789.379	38.1787
785.974	38.0591
782.599	37.942
779.253	37.8285
775.935	37.7174
772.645	37.6063
769.383	37.4922
766.149	37.3727
762.941	37.2475
759.761	37.1182
756.606	36.9888
753.478	36.8637
750.376	36.7464
747.299	36.6379
744.247	36.5357
741.22	36.4337
738.218	36.3238
735.239	36.1978
732.285	36.0505
729.354	35.8812
726.447	35.6952
723.563	35.5032
720.702	35.3196
717.863	35.1589
715.046	35.033
712.251	34.9478
709.479	34.9023
706.727	34.8881
703.997	34.8915
701.288	34.8965
698.6	34.8879
695.932	34.8542
693.285	34.7898
690.657	34.6951
688.05	34.5752
685.462	34.4385
682.893	34.294
680.344	34.1488
677.814	34.0077
675.302	33.8719
672.809	33.74
670.334	33.6093
667.878	33.4769
665.439	33.3407
663.018	33.2002
660.615	33.0563
658.229	32.9109
655.86	32.766
653.508	32.6229
651.173	32.4823
648.854	32.3435
646.553	32.2053
644.267	32.0662
641.997	31.9247
639.744	31.7803
637.506	31.6331
635.283	31.4839
633.077	31.3342
630.885	31.1859
628.709	31.0405
626.547	30.8995
624.4	30.7641
622.268	30.6347
620.151	30.5114
618.048	30.3936
615.959	30.2798
613.884	30.1685
611.823	30.0574
609.776	29.9443
607.742	29.8273
605.723	29.7052
603.716	29.5774
601.723	29.4446
599.742	29.3079
597.775	29.1692
595.821	29.03
593.879	28.8917
591.95	28.7547
590.034	28.619
588.13	28.4838
586.238	28.3479
584.358	28.2107
582.49	28.0717
580.634	27.9313
578.79	27.7901
576.958	27.6493
575.137	27.5097
573.328	27.3719
571.53	27.2356
569.743	27.1004
567.967	26.9653
566.203	26.8296
564.449	26.6927
562.706	26.5548
560.974	26.4164
559.253	26.2786
557.542	26.1423
555.841	26.008
554.151	25.8758
552.471	25.7453
550.802	25.6157
549.142	25.4862
547.492	25.3562
545.852	25.2255
544.222	25.0946
542.602	24.9641
540.991	24.8351
539.39	24.708
537.798	24.5831
536.216	24.4603
534.643	24.339
533.079	24.219
531.524	24.1001
529.979	23.9829
528.442	23.8684
526.914	23.7579
525.395	23.653
523.885	23.5544
522.383	23.4622
520.89	23.3756
519.405	23.2928
517.929	23.2115
516.461	23.1296
515.002	23.0452
513.551	22.9574
512.108	22.8661
510.673	22.772
509.246	22.676
507.827	22.5792
506.415	22.4823
505.012	22.3856
503.616	22.2888
502.229	22.1917
500.848	22.094
499.476	21.9958
498.111	21.8977
496.753	21.8006
495.402	21.7055
494.059	21.613
492.724	21.5234
491.395	21.4365
490.074	21.3514
488.759	21.2672
487.452	21.183
486.152	21.0985
484.858	21.0138
483.572	20.9295
482.292	20.8468
481.019	20.7666
479.753	20.6894
478.493	20.6153
477.24	20.5437
475.994	20.4739
474.754	20.4046
473.52	20.3354
472.293	20.266
471.072	20.1968
469.858	20.1288
468.649	20.0629
467.447	19.9999
466.251	19.9402
465.062	19.8835
463.878	19.8291
462.7	19.7762
461.528	19.7237
460.362	19.6713
459.202	19.619
458.048	19.5675
456.9	19.5177
455.757	19.4706
454.62	19.4269
453.489	19.3868
452.363	19.3501
451.243	19.3164
450.129	19.285
449.02	19.2555
447.916	19.2277
446.818	19.2019
445.725	19.1783
444.638	19.1574
443.556	19.139
442.479	19.123
441.407	19.1086
440.34	19.0948
439.279	19.0809
438.223	19.0664
437.171	19.0515
436.125	19.0371
435.084	19.0243
434.048	19.0146
433.017	19.0091
431.99	19.0083
430.969	19.0121
429.952	19.0197
428.94	19.0297
427.933	19.0407
426.93	19.0514
425.932	19.061
424.939	19.069
423.951	19.0752
422.967	19.0798
421.987	19.083
421.012	19.085
420.042	19.0857
419.076	19.0854
418.115	19.0845
417.158	19.0836
416.205	19.0837
415.257	19.0859
414.313	19.091
413.373	19.0992
412.437	19.11
411.506	19.1222
410.579	19.1339
409.656	19.143
408.737	19.1477
407.823	19.147
406.912	19.1411
406.005	19.1311
405.103	19.1189
404.204	19.1065
403.31	19.0956
402.419	19.087
401.533	19.0807
400.65	19.0756
399.771	19.0702
398.896	19.0631
398.025	19.0532
397.157	19.0406
396.294	19.0258
395.434	19.01
394.578	18.9946
393.725	18.9801
392.877	18.9667
392.031	18.9535
391.19	18.9392
390.352	18.9223
389.518	18.902
388.687	18.8778
387.86	18.8505
387.036	18.8213
386.216	18.7915
385.399	18.7622
384.586	18.7335
383.776	18.7046
382.969	18.6742
382.166	18.6403
381.367	18.6016
380.57	18.5575
379.777	18.5085
378.987	18.4563
378.201	18.4026
377.418	18.3493
376.638	18.2972
375.861	18.2457
375.087	18.1934
374.317	18.138
373.55	18.0771
372.785	18.0096
372.024	17.9355
371.267	17.8564
370.512	17.7752
369.76	17.6946
369.011	17.6168
368.266	17.5422
367.523	17.4696
366.783	17.3961
366.047	17.3184
365.313	17.2336
364.582	17.1409
363.854	17.0415
363.129	16.9389
362.407	16.8378
361.688	16.7424
360.971	16.6553
360.258	16.5756
359.547	16.4996
358.839	16.4205
358.134	16.331
357.432	16.2251
356.732	16.0997
356.035	15.9565
355.341	15.8012
354.649	15.6424
353.96	15.4888
353.274	15.3466
352.591	15.2169
351.91	15.0948
351.232	14.9699
350.556	14.8289
349.883	14.6594
349.213	14.4543
348.545	14.2147
347.879	13.9524
347.217	13.6889
346.556	13.4526
345.899	13.2746
345.243	13.1824
344.591	13.1954
343.94	13.321
343.292	13.5535
342.647	13.8755
342.004	14.2609
341.363	14.6805
340.725	15.1063
340.089	15.5159
339.456	15.8951
338.825	16.238
338.196	16.5459
337.569	16.8244
336.945	17.0805
336.324	17.3201
335.704	17.546
335.087	17.7581
334.472	17.9539
333.859	18.1301
333.249	18.2845
332.64	18.4167
332.034	18.5293
331.43	18.6266
330.829	18.7145
330.229	18.7982
329.632	18.8818
329.037	18.9668
328.444	19.0527
327.853	19.1373
327.264	19.2179
326.678	19.2921
326.093	19.3589
325.511	19.4189
324.93	19.4743
324.352	19.528
323.776	19.583
323.201	19.6413
322.629	19.7034
322.059	19.7684
321.491	19.8345
320.925	19.8991
320.361	19.9603
319.799	20.0168
319.238	20.0688
318.68	20.1177
318.124	20.1654
317.57	20.2142
317.017	20.2658
316.467	20.3209
315.918	20.3793
315.371	20.4395
314.826	20.4997
314.284	20.5581
313.743	20.6135
313.203	20.6654
312.666	20.7146
312.13	20.7625
311.597	20.8109
311.065	20.8614
310.535	20.9151
310.007	20.9721
309.48	21.0316
308.956	21.0922
308.433	21.1522
307.912	21.2102
307.392	21.2652
306.875	21.3173
306.359	21.3675
305.845	21.4172
305.332	21.468
304.821	21.521
304.312	21.5767
303.805	21.6345
303.3	21.6931
302.796	21.7506
302.293	21.8051
301.793	21.8556
301.294	21.9017
300.797	21.9445
300.301	21.9858
299.807	22.0274
299.314	22.0709
298.824	22.1164
298.335	22.1623
297.847	22.2052
297.361	22.2406
296.877	22.2632
296.394	22.2692
295.912	22.2565
295.433	22.2261
294.955	22.182
294.478	22.1312
294.003	22.082
293.529	22.0425
293.057	22.0193
292.587	22.0159
292.118	22.032
291.65	22.0637
291.184	22.1045
290.72	22.1466
290.257	22.1831
289.795	22.209
289.335	22.2222
288.877	22.224
288.419	22.2182
287.964	22.2097
287.509	22.2038
287.057	22.204
286.605	22.2121
286.155	22.2275
285.706	22.248
285.259	22.2705
284.813	22.292
284.369	22.3109
283.926	22.327
283.484	22.3413
283.044	22.3562
282.605	22.3737
282.168	22.3955
281.731	22.4219
281.297	22.452
280.863	22.4838
280.431	22.515
280	22.5437
