1200	98.6536
1192.15	98.677
1184.4	98.697
1176.75	98.7123
1169.21	98.7276
1161.75	98.7476
1154.39	98.7707
1147.13	98.7913
1139.95	98.807
1132.86	98.8215
1125.87	98.84
1118.95	98.8625
1112.13	98.8836
1105.38	98.8997
1098.72	98.9136
1092.13	98.9307
1085.63	98.9522
1079.2	98.9735
1072.84	98.9901
1066.56	99.0035
1060.36	99.0192
1054.23	99.0395
1048.16	99.0608
1042.17	99.0778
1036.24	99.0908
1030.38	99.1051
1024.59	99.1241
1018.86	99.145
1013.2	99.1624
1007.6	99.1753
1002.06	99.1882
996.576	99.2056
991.156	99.2259
985.795	99.2436
980.491	99.2564
975.244	99.2682
970.053	99.2838
964.917	99.3032
959.835	99.3211
954.806	99.334
949.83	99.3446
944.905	99.3585
940.031	99.3767
935.207	99.3945
930.433	99.4076
925.707	99.4174
921.028	99.4295
916.397	99.4462
911.812	99.4638
907.273	99.477
902.778	99.4861
898.328	99.4964
893.922	99.5115
889.559	99.5285
885.238	99.5419
880.958	99.5505
876.72	99.5592
872.523	99.5723
868.365	99.5885
864.247	99.602
860.168	99.6103
856.127	99.6174
852.124	99.6285
848.159	99.6435
844.23	99.657
840.337	99.6651
836.48	99.6708
832.658	99.6797
828.871	99.6932
825.118	99.7064
821.399	99.7145
817.714	99.7189
814.061	99.7256
810.441	99.7373
806.853	99.75
803.296	99.758
799.771	99.7614
796.277	99.7659
792.813	99.7754
789.379	99.7873
785.974	99.7952
782.599	99.7978
779.253	99.8
775.935	99.8071
772.645	99.8178
769.383	99.8256
766.149	99.8274
762.941	99.8275
759.761	99.832
756.606	99.841
753.478	99.8485
750.376	99.8499
747.299	99.848
744.247	99.8497
741.22	99.8567
738.218	99.8636
735.239	99.8647
732.285	99.8611
729.354	99.8597
726.447	99.8644
723.563	99.8705
720.702	99.8713
717.863	99.8662
715.046	99.8619
712.251	99.8637
709.479	99.8687
706.727	99.8694
703.997	99.8631
701.288	99.856
698.6	99.8547
695.932	99.8582
693.285	99.8587
690.657	99.8516
688.05	99.8418
685.462	99.8371
682.893	99.8387
680.344	99.839
677.814	99.8316
675.302	99.8193
672.809	99.8111
670.334	99.8103
667.878	99.8104
665.439	99.8029
663.018	99.7887
660.615	99.7768
658.229	99.7732
655.86	99.7728
653.508	99.7658
651.173	99.7501
648.854	99.7346
646.553	99.7276
644.267	99.7265
641.997	99.7203
639.744	99.7038
637.506	99.6847
635.283	99.674
633.077	99.6718
630.885	99.6666
628.709	99.6501
626.547	99.6278
624.4	99.6127
622.268	99.6088
620.151	99.6052
618.048	99.5895
615.959	99.5642
613.884	99.5441
611.823	99.5379
609.776	99.5362
607.742	99.5225
605.723	99.4947
603.716	99.4685
601.723	99.459
599.742	99.46
597.775	99.4505
595.821	99.4205
593.879	99.3854
591.95	99.3695
590.034	99.376
588.13	99.3805
586.238	99.3582
584.358	99.3147
582.49	99.2828
580.634	99.2866
578.79	99.3138
576.958	99.3279
575.137	99.3073
573.328	99.2666
571.53	99.2376
569.743	99.2336
567.967	99.2392
566.203	99.2336
564.449	99.2172
562.706	99.2079
560.974	99.215
559.253	99.226
557.542	99.2237
555.841	99.2115
554.151	99.2113
552.471	99.2347
550.802	99.2625
549.142	99.2626
547.492	99.2266
545.852	99.1833
544.222	99.1681
542.602	99.184
540.991	99.1988
539.39	99.1833
537.798	99.1452
536.216	99.1191
534.643	99.1244
533.079	99.1424
531.524	99.1392
529.979	99.1073
528.442	99.0743
526.914	99.0696
525.395	99.0879
523.885	99.0956
522.383	99.0715
520.89	99.0326
519.405	99.014
517.929	99.0259
516.461	99.0417
515.002	99.0298
513.551	98.9921
512.108	98.9615
510.673	98.9622
509.246	98.9805
507.827	98.9817
506.415	98.9521
505.012	98.9155
503.616	98.9038
502.229	98.9184
500.848	98.9291
499.476	98.9108
498.111	98.8741
496.753	98.8516
495.402	98.8584
494.059	98.8737
492.724	98.8668
491.395	98.8344
490.074	98.8045
488.759	98.8015
487.452	98.8168
486.152	98.8196
484.858	98.7948
483.572	98.7613
482.292	98.7484
481.019	98.7599
479.753	98.7698
478.493	98.7544
477.24	98.7213
475.994	98.6997
474.754	98.7045
473.52	98.7182
472.293	98.7126
471.072	98.6835
469.858	98.6557
468.649	98.6522
467.447	98.6662
466.251	98.6694
465.062	98.6474
463.878	98.6168
462.7	98.6048
461.528	98.6158
460.362	98.626
459.202	98.6131
458.048	98.5835
456.9	98.5643
455.757	98.57
454.62	98.5845
453.489	98.5816
452.363	98.5567
451.243	98.533
450.129	98.5322
449.02	98.5483
447.916	98.555
446.818	98.5382
445.725	98.5134
444.638	98.5065
443.556	98.5218
442.479	98.5369
441.407	98.5305
440.34	98.5087
439.279	98.4975
438.223	98.5105
437.171	98.5326
436.125	98.5384
435.084	98.5238
434.048	98.5111
433.017	98.5216
431.99	98.5493
430.969	98.5684
429.952	98.5651
428.94	98.5552
427.933	98.5644
426.93	98.597
425.932	98.6303
424.939	98.6428
423.951	98.6409
422.967	98.6515
421.987	98.6892
421.012	98.7383
420.042	98.7715
419.076	98.7836
418.115	98.7986
417.158	98.8414
416.205	98.9076
415.257	98.9678
414.313	98.9996
413.373	99.0121
412.437	99.033
411.506	99.0772
410.579	99.1325
409.656	99.1762
408.737	99.1992
407.823	99.207
406.912	99.203
406.005	99.1771
405.103	99.1181
404.204	99.0302
403.31	98.9302
402.419	98.8262
401.533	98.7087
400.65	98.5681
399.771	98.4195
398.896	98.2983
398.025	98.2241
397.157	98.1725
396.294	98.0948
395.434	97.9708
394.578	97.8364
393.725	97.7512
392.877	97.7355
392.031	97.7458
391.19	97.7185
390.352	97.6353
389.518	97.5396
388.687	97.4864
387.86	97.4821
387.036	97.4812
386.216	97.4411
385.399	97.3707
384.586	97.3164
383.776	97.3054
382.969	97.3105
382.166	97.2785
381.367	97.1873
380.57	97.0655
379.777	96.9549
378.987	96.861
378.201	96.7494
377.418	96.5906
376.638	96.3985
375.861	96.2194
375.087	96.0842
374.317	95.9818
373.55	95.8803
372.785	95.7695
372.024	95.6725
371.267	95.6158
370.512	95.5961
369.76	95.5835
369.011	95.5562
368.266	95.5239
367.523	95.5123
366.783	95.5292
366.047	95.5541
365.313	95.562
364.582	95.5532
363.854	95.5508
363.129	95.5717
362.407	95.6058
361.688	95.6282
360.971	95.6294
360.258	95.626
359.547	95.6399
358.839	95.6716
358.134	95.7005
357.432	95.7096
356.732	95.7061
356.035	95.7117
355.341	95.7365
354.649	95.767
353.96	95.7833
353.274	95.783
352.591	95.7833
351.91	95.8
351.232	95.8284
350.556	95.8501
349.883	95.8551
349.213	95.8539
348.545	95.8637
347.879	95.8877
347.217	95.9119
346.556	95.9225
345.899	95.9226
345.243	95.9275
344.591	95.946
343.94	95.9701
343.292	95.9852
342.647	95.9883
342.004	95.9905
341.363	96.0037
340.725	96.0257
340.089	96.0438
339.456	96.0504
338.825	96.0521
338.196	96.0609
337.569	96.0796
336.945	96.099
336.324	96.1093
335.704	96.1121
335.087	96.1179
334.472	96.1331
333.859	96.1522
333.249	96.1655
332.64	96.1705
332.034	96.1751
331.43	96.187
330.829	96.2049
330.229	96.2201
329.632	96.2279
329.037	96.2325
328.444	96.2421
327.853	96.258
327.264	96.2741
326.678	96.2843
326.093	96.29
325.511	96.2982
324.93	96.3121
324.352	96.328
323.776	96.3399
323.201	96.3471
322.629	96.3547
322.059	96.367
321.491	96.382
320.925	96.3946
320.361	96.403
319.799	96.4107
319.238	96.4218
318.68	96.4357
318.124	96.4483
317.57	96.4574
317.017	96.4652
316.467	96.4756
315.918	96.4886
315.371	96.5008
314.826	96.5097
314.284	96.5174
313.743	96.5274
313.203	96.5398
312.666	96.5516
312.13	96.5601
311.597	96.5672
311.065	96.5765
310.535	96.5888
310.007	96.6006
309.48	96.6086
308.956	96.6146
308.433	96.6229
307.912	96.6352
307.392	96.6475
306.875	96.6556
306.359	96.6603
305.845	96.6671
305.332	96.6789
304.821	96.6924
304.312	96.7015
303.805	96.7052
303.3	96.7098
302.796	96.7206
302.293	96.7353
301.793	96.7463
301.294	96.7501
300.797	96.7521
300.301	96.7609
299.807	96.7766
299.314	96.7905
298.824	96.7955
298.335	96.7954
297.847	96.8009
297.361	96.8168
296.877	96.8346
296.394	96.8426
295.912	96.8406
295.433	96.8417
294.955	96.857
294.478	96.8811
294.003	96.8959
293.529	96.8913
293.057	96.8784
292.587	96.879
292.118	96.9024
291.65	96.9345
291.184	96.9533
290.72	96.9523
290.257	96.9473
289.795	96.9567
289.335	96.9809
288.877	97.0017
288.419	97.0047
287.964	96.9959
287.509	96.9948
287.057	97.0117
286.605	97.0353
286.155	97.0455
285.706	97.0357
285.259	97.0194
284.813	97.0144
284.369	97.0223
283.926	97.0286
283.484	97.0203
283.044	97.0017
282.605	96.9888
282.168	96.9909
281.731	97
281.297	97.0003
280.863	96.987
280.431	96.972
280	96.9713
