1200	3.46935
1192.15	3.428
1184.4	3.3878
1176.75	3.34774
1169.21	3.30664
1161.75	3.26472
1154.39	3.22333
1147.13	3.1831
1139.95	3.14313
1132.86	3.1022
1125.87	3.06046
1118.95	3.01921
1112.13	2.97916
1105.38	2.93947
1098.72	2.89891
1092.13	2.85755
1085.63	2.81666
1079.2	2.77701
1072.84	2.73782
1066.56	2.69786
1060.36	2.6571
1054.23	2.61679
1048.16	2.57775
1042.17	2.53929
1036.24	2.50014
1030.38	2.4602
1024.59	2.42069
1018.86	2.3825
1013.2	2.34498
1007.6	2.30685
1002.06	2.26795
996.576	2.22945
991.156	2.1923
985.795	2.15594
980.491	2.11904
975.244	2.08135
970.053	2.04404
964.917	2.00813
959.835	1.97311
954.806	1.93761
949.83	1.9013
944.905	1.86532
940.031	1.8308
935.207	1.79726
930.433	1.7633
925.707	1.72846
921.028	1.69391
916.397	1.66086
911.812	1.62893
907.273	1.59658
902.778	1.56325
898.328	1.53014
893.922	1.49862
889.559	1.46836
885.238	1.43767
880.958	1.40582
876.72	1.3741
872.523	1.34413
868.365	1.3156
864.247	1.2866
860.168	1.25615
856.127	1.22569
852.124	1.19724
848.159	1.1706
844.23	1.14333
840.337	1.11397
836.48	1.08432
832.658	1.05732
828.871	1.03283
825.118	1.00698
821.399	0.976994
817.714	0.946352
814.061	0.923651
810.441	0.914855
806.853	0.916495
803.296	0.917248
799.771	0.90692
796.277	0.884272
792.813	0.856485
789.379	0.831714
785.974	0.812606
782.599	0.7964
779.253	0.779793
775.935	0.762519
772.645	0.746458
769.383	0.732572
766.149	0.719739
762.941	0.706375
759.761	0.692299
756.606	0.678542
753.478	0.665714
750.376	0.653218
747.299	0.640138
744.247	0.626432
741.22	0.612863
738.218	0.599933
735.239	0.587293
732.285	0.574338
729.354	0.561063
726.447	0.548045
723.563	0.535659
720.702	0.523619
717.863	0.511414
715.046	0.498996
712.251	0.486795
709.479	0.47508
706.727	0.463557
703.997	0.45172
701.288	0.439462
698.6	0.427111
695.932	0.414864
693.285	0.402386
690.657	0.389111
688.05	0.374839
685.462	0.359824
682.893	0.34421
680.344	0.327571
677.814	0.30918
675.302	0.288667
672.809	0.266184
670.334	0.241799
667.878	0.214881
665.439	0.184338
663.018	0.149445
660.615	0.110185
658.229	0.0665256
655.86	0.0175442
653.508	-0.0383096
651.173	-0.101818
648.854	-0.172008
646.553	-0.246629
644.267	-0.322789
641.997	-0.395263
639.744	-0.452244
637.506	-0.47265
635.283	-0.430438
633.077	-0.306764
630.885	-0.10323
628.709	0.153815
626.547	0.422716
624.4	0.664292
622.268	0.856322
620.151	0.996356
618.048	1.09396
615.959	1.16066
613.884	1.20479
611.823	1.23206
609.776	1.24767
607.742	1.25644
605.723	1.26143
603.716	1.26359
601.723	1.26311
599.742	1.26085
597.775	1.2583
595.821	1.25626
593.879	1.2544
591.95	1.25205
590.034	1.24938
588.13	1.24726
586.238	1.24619
584.358	1.24571
582.49	1.24509
580.634	1.24432
578.79	1.24411
576.958	1.24493
575.137	1.24639
573.328	1.24777
571.53	1.249
569.743	1.25068
567.967	1.25332
566.203	1.25662
564.449	1.2599
562.706	1.263
560.974	1.26649
559.253	1.27088
557.542	1.27595
555.841	1.28106
554.151	1.28602
552.471	1.29134
550.802	1.29751
549.142	1.30431
547.492	1.31115
545.852	1.31788
544.222	1.32497
542.602	1.3325
540.991	1.33952
539.39	1.34478
537.798	1.3484
536.216	1.35237
534.643	1.35886
533.079	1.3679
531.524	1.37696
529.979	1.38326
528.442	1.38635
526.914	1.38823
525.395	1.39098
523.885	1.39446
522.383	1.39679
520.89	1.397
519.405	1.3967
517.929	1.39891
516.461	1.40511
515.002	1.41381
513.551	1.42199
512.108	1.42792
510.673	1.43235
509.246	1.43719
507.827	1.44353
506.415	1.45128
505.012	1.46037
503.616	1.47156
502.229	1.48531
500.848	1.49997
499.476	1.51168
498.111	1.51712
496.753	1.51668
495.402	1.51499
494.059	1.51774
492.724	1.52735
491.395	1.5413
490.074	1.55428
488.759	1.56206
487.452	1.56362
486.152	1.56051
484.858	1.55489
483.572	1.54852
482.292	1.54311
481.019	1.54065
479.753	1.54272
478.493	1.54941
477.24	1.55921
475.994	1.57022
474.754	1.58161
473.52	1.59366
472.293	1.6068
471.072	1.62068
469.858	1.63454
468.649	1.6481
467.447	1.66186
466.251	1.6764
465.062	1.69166
463.878	1.70704
462.7	1.72221
461.528	1.73751
460.362	1.75346
459.202	1.77007
458.048	1.78683
456.9	1.80339
455.757	1.81999
454.62	1.83712
453.489	1.85487
452.363	1.87282
451.243	1.89061
450.129	1.90839
449.02	1.92663
447.916	1.94545
446.818	1.96449
445.725	1.98336
444.638	2.00215
443.556	2.02126
442.479	2.04085
441.407	2.0606
440.34	2.08012
439.279	2.09945
438.223	2.11895
437.171	2.13881
436.125	2.15875
435.084	2.17841
434.048	2.19778
433.017	2.21718
431.99	2.23682
430.969	2.25648
429.952	2.27581
428.94	2.29478
427.933	2.31368
426.93	2.33269
425.932	2.35166
424.939	2.37028
423.951	2.38851
422.967	2.40658
421.987	2.42464
421.012	2.44257
420.042	2.46014
419.076	2.47731
418.115	2.49424
417.158	2.511
416.205	2.52748
415.257	2.54358
414.313	2.55934
413.373	2.57479
412.437	2.58978
411.506	2.60419
410.579	2.6182
409.656	2.63211
408.737	2.64571
407.823	2.65807
406.912	2.66847
406.005	2.67772
405.103	2.68811
404.204	2.70149
403.31	2.71713
402.419	2.73193
401.533	2.74313
400.65	2.75085
399.771	2.75782
398.896	2.76653
398.025	2.77702
397.157	2.78751
396.294	2.79699
395.434	2.8064
394.578	2.81735
393.725	2.82994
392.877	2.84274
392.031	2.85472
391.19	2.86677
390.352	2.88091
389.518	2.8984
388.687	2.91927
387.86	2.94375
387.036	2.97373
386.216	3.01191
385.399	3.05963
384.586	3.11554
383.776	3.17658
382.969	3.23959
382.166	3.30169
381.367	3.35963
380.57	3.40994
379.777	3.45052
378.987	3.48206
378.201	3.5072
377.418	3.52812
376.638	3.54518
375.861	3.55803
375.087	3.56755
374.317	3.57582
373.55	3.58426
372.785	3.59225
372.024	3.59832
371.267	3.60233
370.512	3.60588
369.76	3.61026
369.011	3.61475
368.266	3.61748
367.523	3.6179
366.783	3.6175
366.047	3.61788
365.313	3.6185
364.582	3.61732
363.854	3.61341
363.129	3.60827
362.407	3.60392
361.688	3.60024
360.971	3.59516
360.258	3.58748
359.547	3.57887
358.839	3.57217
358.134	3.56824
357.432	3.56548
356.732	3.56282
356.035	3.56245
355.341	3.56854
354.649	3.58329
353.96	3.60493
353.274	3.63001
352.591	3.6568
351.91	3.68555
351.232	3.71567
350.556	3.74404
349.883	3.76698
349.213	3.78341
348.545	3.79482
347.879	3.80201
347.217	3.80305
346.556	3.79534
345.899	3.7793
345.243	3.75846
344.591	3.73569
343.94	3.7104
343.292	3.68079
342.647	3.64787
342.004	3.61531
341.363	3.58455
340.725	3.55164
340.089	3.51161
339.456	3.46607
338.825	3.42416
338.196	3.39383
337.569	3.37281
336.945	3.35117
336.324	3.32375
335.704	3.29758
335.087	3.28336
334.472	3.27954
333.859	3.26915
333.249	3.23776
332.64	3.19559
332.034	3.17781
331.43	3.21746
330.829	3.31512
330.229	3.43556
329.632	3.53595
329.037	3.5987
328.444	3.63849
327.853	3.68044
327.264	3.73433
326.678	3.78999
326.093	3.83335
325.511	3.86221
324.93	3.8851
324.352	3.90846
323.776	3.92897
323.201	3.93924
322.629	3.93784
322.059	3.93099
321.491	3.92505
320.925	3.9199
320.361	3.9113
319.799	3.89804
319.238	3.88448
318.68	3.87567
318.124	3.87186
317.57	3.86926
317.017	3.86575
316.467	3.86389
315.918	3.86794
315.371	3.87896
314.826	3.89435
314.284	3.91165
313.743	3.93108
313.203	3.95331
312.666	3.97571
312.13	3.99241
311.597	3.99871
311.065	3.99478
310.535	3.98427
310.007	3.9699
309.48	3.95134
308.956	3.92753
308.433	3.89971
307.912	3.87116
307.392	3.844
306.875	3.81736
306.359	3.78931
305.845	3.75986
305.332	3.73123
304.821	3.70516
304.312	3.68089
303.805	3.65645
303.3	3.63144
302.796	3.60762
302.293	3.58669
301.793	3.5682
301.294	3.55031
300.797	3.53236
300.301	3.51578
299.807	3.50227
299.314	3.49164
298.824	3.48218
298.335	3.473
297.847	3.46523
297.361	3.46051
296.877	3.4589
296.394	3.45889
295.912	3.45945
295.433	3.46141
294.955	3.46623
294.478	3.47412
294.003	3.48383
293.529	3.49469
293.057	3.50787
292.587	3.52512
292.118	3.54643
291.65	3.56977
291.184	3.5934
290.72	3.61802
290.257	3.64591
289.795	3.67814
289.335	3.71328
288.877	3.74924
288.419	3.78586
287.964	3.82493
287.509	3.86749
287.057	3.91208
286.605	3.95603
286.155	3.99829
285.706	4.04017
285.259	4.0829
284.813	4.12524
284.369	4.16419
283.926	4.19801
283.484	4.22774
283.044	4.25525
282.605	4.28021
282.168	4.30004
281.731	4.31285
281.297	4.3198
280.863	4.32372
280.431	4.32566
280	4.32374
