1200	98.6069
1192.15	98.627
1184.4	98.6498
1176.75	98.6707
1169.21	98.6877
1161.75	98.7041
1154.39	98.7239
1147.13	98.7463
1139.95	98.7669
1132.86	98.7836
1125.87	98.7997
1118.95	98.8192
1112.13	98.8412
1105.38	98.8614
1098.72	98.8778
1092.13	98.8935
1085.63	98.9124
1079.2	98.9339
1072.84	98.9537
1066.56	98.9697
1060.36	98.9849
1054.23	99.0033
1048.16	99.0243
1042.17	99.0435
1036.24	99.059
1030.38	99.0736
1024.59	99.0914
1018.86	99.1118
1013.2	99.1305
1007.6	99.1453
1002.06	99.1594
996.576	99.1765
991.156	99.1962
985.795	99.2142
980.491	99.2285
975.244	99.2418
970.053	99.2582
964.917	99.2771
959.835	99.2945
954.806	99.308
949.83	99.3206
944.905	99.3362
940.031	99.3544
935.207	99.371
930.433	99.3838
925.707	99.3956
921.028	99.4103
916.397	99.4277
911.812	99.4436
907.273	99.4556
902.778	99.4665
898.328	99.4803
893.922	99.4968
889.559	99.5119
885.238	99.5231
880.958	99.533
876.72	99.5459
872.523	99.5615
868.365	99.5757
864.247	99.586
860.168	99.5949
856.127	99.6068
852.124	99.6215
848.159	99.6348
844.23	99.6441
840.337	99.652
836.48	99.6627
832.658	99.6764
828.871	99.6888
825.118	99.697
821.399	99.7037
817.714	99.7133
814.061	99.726
810.441	99.7373
806.853	99.7443
803.296	99.7498
799.771	99.7582
796.277	99.7696
792.813	99.7798
789.379	99.7857
785.974	99.7898
782.599	99.7968
779.253	99.807
775.935	99.816
772.645	99.8206
769.383	99.8232
766.149	99.8287
762.941	99.8376
759.761	99.8454
756.606	99.8485
753.478	99.8495
750.376	99.8535
747.299	99.861
744.247	99.8673
741.22	99.8689
738.218	99.8682
735.239	99.8705
732.285	99.8766
729.354	99.8815
726.447	99.8815
723.563	99.879
720.702	99.8795
717.863	99.884
715.046	99.8875
712.251	99.8858
709.479	99.8813
706.727	99.88
703.997	99.883
701.288	99.885
698.6	99.8815
695.932	99.8751
693.285	99.8718
690.657	99.8733
688.05	99.8738
685.462	99.8686
682.893	99.86
680.344	99.8548
677.814	99.8547
675.302	99.8539
672.809	99.8468
670.334	99.836
667.878	99.8289
665.439	99.8275
663.018	99.8254
660.615	99.8164
658.229	99.8033
655.86	99.7942
653.508	99.7916
651.173	99.7884
648.854	99.7775
646.553	99.7618
644.267	99.7508
641.997	99.7474
639.744	99.7433
637.506	99.7302
635.283	99.7116
633.077	99.6989
630.885	99.6956
628.709	99.6913
626.547	99.675
624.4	99.6515
622.268	99.6373
620.151	99.6385
618.048	99.6401
615.959	99.6227
613.884	99.5891
611.823	99.5649
609.776	99.5703
607.742	99.5931
605.723	99.5998
603.716	99.573
601.723	99.5315
599.742	99.5093
597.775	99.5169
595.821	99.5313
593.879	99.525
591.95	99.4983
590.034	99.4758
588.13	99.4741
586.238	99.4818
584.358	99.4758
582.49	99.4517
580.634	99.4285
578.79	99.4233
576.958	99.4293
575.137	99.4244
573.328	99.4001
571.53	99.3718
569.743	99.359
567.967	99.3604
566.203	99.3566
564.449	99.3351
562.706	99.3058
560.974	99.2878
559.253	99.2846
557.542	99.2808
555.841	99.2623
554.151	99.2344
552.471	99.2143
550.802	99.2083
549.142	99.2041
547.492	99.1877
545.852	99.1614
544.222	99.1413
542.602	99.1362
540.991	99.1363
539.39	99.1259
537.798	99.1033
536.216	99.0833
534.643	99.08
533.079	99.0897
531.524	99.0955
529.979	99.0855
528.442	99.0645
526.914	99.0468
525.395	99.0419
523.885	99.0482
522.383	99.0578
520.89	99.0636
519.405	99.0609
517.929	99.0479
516.461	99.0272
515.002	99.0073
513.551	98.9964
512.108	98.9944
510.673	98.9929
509.246	98.9839
507.827	98.969
506.415	98.9569
505.012	98.9522
503.616	98.9495
502.229	98.9408
500.848	98.9262
499.476	98.914
498.111	98.909
496.753	98.9062
495.402	98.8965
494.059	98.8792
492.724	98.8637
491.395	98.8569
490.074	98.8544
488.759	98.8455
487.452	98.8271
486.152	98.8083
484.858	98.7989
483.572	98.797
482.292	98.7911
481.019	98.7748
479.753	98.7552
478.493	98.744
477.24	98.7424
475.994	98.7397
474.754	98.7273
473.52	98.7091
472.293	98.697
471.072	98.6954
469.858	98.6957
468.649	98.6876
467.447	98.6723
466.251	98.6605
465.062	98.6591
463.878	98.6622
462.7	98.6593
461.528	98.6484
460.362	98.6384
459.202	98.6378
458.048	98.6443
456.9	98.6478
455.757	98.6434
454.62	98.6373
453.489	98.6389
452.363	98.6496
451.243	98.6615
450.129	98.6668
449.02	98.667
447.916	98.6707
446.818	98.684
445.725	98.7042
444.638	98.7216
443.556	98.7272
442.479	98.7187
441.407	98.7014
440.34	98.6831
439.279	98.668
438.223	98.6511
437.171	98.6199
436.125	98.5636
435.084	98.4823
434.048	98.3879
433.017	98.2938
431.99	98.2042
430.969	98.1157
429.952	98.0279
428.94	97.9496
427.933	97.8912
426.93	97.852
425.932	97.8195
424.939	97.7832
423.951	97.7463
422.967	97.7207
421.987	97.7093
421.012	97.6995
420.042	97.6765
419.076	97.6413
418.115	97.6101
417.158	97.5941
416.205	97.5852
415.257	97.5664
414.313	97.5341
413.373	97.5045
412.437	97.4937
411.506	97.4964
410.579	97.4913
409.656	97.4666
408.737	97.4362
407.823	97.4234
406.912	97.4329
406.005	97.4459
405.103	97.4432
404.204	97.4287
403.31	97.4226
402.419	97.4338
401.533	97.4478
400.65	97.446
399.771	97.4309
398.896	97.4233
398.025	97.4341
397.157	97.4474
396.294	97.4395
395.434	97.4113
394.578	97.3917
393.725	97.4053
392.877	97.4417
392.031	97.4661
391.19	97.4595
390.352	97.44
389.518	97.4393
388.687	97.4636
387.86	97.4877
387.036	97.4882
386.216	97.473
385.399	97.4707
384.586	97.4932
383.776	97.5203
382.969	97.5267
382.166	97.5145
381.367	97.511
380.57	97.533
379.777	97.5651
378.987	97.5792
378.201	97.5716
377.418	97.5669
376.638	97.5861
375.861	97.6179
375.087	97.634
374.317	97.6266
373.55	97.6201
372.785	97.6382
372.024	97.6709
371.267	97.6857
370.512	97.6714
369.76	97.6573
369.011	97.6773
368.266	97.7199
367.523	97.7327
366.783	97.6818
366.047	97.6
365.313	97.5608
364.582	97.6004
363.854	97.6776
363.129	97.7167
362.407	97.6863
361.688	97.6256
360.971	97.5903
360.258	97.5882
359.547	97.5771
358.839	97.5236
358.134	97.4459
357.432	97.3896
356.732	97.3703
356.035	97.3553
355.341	97.3081
354.649	97.2361
353.96	97.1827
353.274	97.1734
352.591	97.1839
351.91	97.1695
351.232	97.1187
350.556	97.0643
349.883	97.0401
349.213	97.0376
348.545	97.0165
347.879	96.9536
347.217	96.8692
346.556	96.7991
345.899	96.7502
345.243	96.6948
344.591	96.6087
343.94	96.5037
343.292	96.4142
342.647	96.3558
342.004	96.3096
341.363	96.25
340.725	96.1792
340.089	96.1246
339.456	96.1031
338.825	96.0999
338.196	96.0871
337.569	96.0585
336.945	96.036
336.324	96.0396
335.704	96.0613
335.087	96.0745
334.472	96.0673
333.859	96.0565
333.249	96.0651
332.64	96.0924
332.034	96.1155
331.43	96.1179
330.829	96.1104
330.229	96.1162
329.632	96.1413
329.037	96.1674
328.444	96.1757
327.853	96.1702
327.264	96.1724
326.678	96.193
326.093	96.2194
325.511	96.232
324.93	96.2291
324.352	96.2287
323.776	96.2448
323.201	96.27
322.629	96.2856
322.059	96.2857
321.491	96.284
320.925	96.2958
320.361	96.3188
319.799	96.3362
319.238	96.3389
318.68	96.3365
318.124	96.3443
317.57	96.3637
317.017	96.3808
316.467	96.3849
315.918	96.3815
315.371	96.3846
314.826	96.3985
314.284	96.4126
313.743	96.4162
313.203	96.4119
312.666	96.4122
312.13	96.4226
311.597	96.4353
311.065	96.4404
310.535	96.4398
310.007	96.4442
309.48	96.458
308.956	96.4719
308.433	96.4753
307.912	96.4712
307.392	96.4748
306.875	96.4946
306.359	96.5202
305.845	96.5341
305.332	96.5324
304.821	96.5305
304.312	96.5442
303.805	96.57
303.3	96.5891
302.796	96.5909
302.293	96.5858
301.793	96.5929
301.294	96.6158
300.797	96.6377
300.301	96.6423
299.807	96.6338
299.314	96.6328
298.824	96.6507
298.335	96.6764
297.847	96.6894
297.361	96.6854
296.877	96.6808
296.394	96.6923
295.912	96.7166
295.433	96.7344
294.955	96.735
294.478	96.7293
294.003	96.7357
293.529	96.7568
293.057	96.7763
292.587	96.7794
292.118	96.7719
291.65	96.7732
291.184	96.7918
290.72	96.8146
290.257	96.8227
289.795	96.8152
289.335	96.8106
288.877	96.824
288.419	96.848
287.964	96.8615
287.509	96.8561
287.057	96.8469
286.605	96.8539
286.155	96.8769
285.706	96.8952
285.259	96.8935
284.813	96.8815
284.369	96.8823
283.926	96.9035
283.484	96.9267
283.044	96.9296
282.605	96.9151
282.168	96.9093
281.731	96.9296
281.297	96.961
280.863	96.9718
280.431	96.9516
280	96.9269
