1200	4.32441
1192.15	4.2783
1184.4	4.23218
1176.75	4.18527
1169.21	4.13788
1161.75	4.09095
1154.39	4.04465
1147.13	3.99813
1139.95	3.95085
1132.86	3.90337
1125.87	3.85652
1118.95	3.81017
1112.13	3.76345
1105.38	3.71608
1098.72	3.66879
1092.13	3.62224
1085.63	3.57602
1079.2	3.52933
1072.84	3.48217
1066.56	3.43536
1060.36	3.38932
1054.23	3.34343
1048.16	3.29704
1042.17	3.25041
1036.24	3.20436
1030.38	3.15902
1024.59	3.11369
1018.86	3.06788
1013.2	3.0221
1007.6	2.97705
1002.06	2.93262
996.576	2.88806
991.156	2.84313
985.795	2.79848
980.491	2.75466
975.244	2.71132
970.053	2.66776
964.917	2.62398
959.835	2.58072
954.806	2.53831
949.83	2.49623
944.905	2.45387
940.031	2.4115
935.207	2.36984
930.433	2.32899
925.707	2.2883
921.028	2.24735
916.397	2.2066
911.812	2.1667
907.273	2.12751
902.778	2.08832
898.328	2.04895
893.922	2.01
889.559	1.97198
885.238	1.93451
880.958	1.89692
876.72	1.85927
872.523	1.82225
868.365	1.78616
864.247	1.75043
860.168	1.7145
856.127	1.67868
852.124	1.64368
848.159	1.60954
844.23	1.57553
840.337	1.5413
836.48	1.5074
832.658	1.47446
828.871	1.44222
825.118	1.40991
821.399	1.3774
817.714	1.34548
814.061	1.31462
810.441	1.28423
806.853	1.25354
803.296	1.22278
799.771	1.19294
796.277	1.16422
792.813	1.13562
789.379	1.10646
785.974	1.07755
782.599	1.05012
779.253	1.0238
775.935	0.996926
772.645	0.969305
769.383	0.943883
766.149	0.924285
762.941	0.910546
759.761	0.898119
756.606	0.881808
753.478	0.860421
750.376	0.837117
747.299	0.815529
744.247	0.796376
741.22	0.777938
738.218	0.758843
735.239	0.739409
732.285	0.720474
729.354	0.70198
726.447	0.68323
723.563	0.664061
720.702	0.645049
717.863	0.626608
715.046	0.608439
712.251	0.590103
709.479	0.571727
706.727	0.55379
703.997	0.536403
701.288	0.519201
698.6	0.501972
695.932	0.485013
693.285	0.468704
690.657	0.452984
688.05	0.437514
685.462	0.422269
682.893	0.407648
680.344	0.393971
677.814	0.381125
675.302	0.368837
672.809	0.357097
670.334	0.346064
667.878	0.335642
665.439	0.325414
663.018	0.315025
660.615	0.304439
658.229	0.293697
655.86	0.282607
653.508	0.270907
651.173	0.258681
648.854	0.246362
646.553	0.234283
644.267	0.222397
641.997	0.210572
639.744	0.198985
637.506	0.188007
635.283	0.17776
633.077	0.168031
630.885	0.158679
628.709	0.149931
626.547	0.142108
624.4	0.135196
622.268	0.128929
620.151	0.123258
618.048	0.118496
615.959	0.114885
613.884	0.112253
611.823	0.110287
609.776	0.109015
607.742	0.108742
605.723	0.109495
603.716	0.110826
601.723	0.112322
599.742	0.114059
597.775	0.116271
595.821	0.118687
593.879	0.120647
591.95	0.122038
590.034	0.12378
588.13	0.127091
586.238	0.132603
584.358	0.140983
582.49	0.154784
580.634	0.179114
578.79	0.219342
576.958	0.277265
575.137	0.349123
573.328	0.427263
571.53	0.503812
569.743	0.573269
567.967	0.632788
566.203	0.681351
564.449	0.719346
562.706	0.748513
560.974	0.77137
559.253	0.790079
557.542	0.805786
555.841	0.819046
554.151	0.830612
552.471	0.841523
550.802	0.852491
549.142	0.863534
547.492	0.874411
545.852	0.885258
544.222	0.896571
542.602	0.908634
540.991	0.921234
539.39	0.934057
537.798	0.947185
536.216	0.961006
534.643	0.975699
533.079	0.991021
531.524	1.0067
529.979	1.02285
528.442	1.03983
526.914	1.05778
525.395	1.07645
523.885	1.09562
522.383	1.11542
520.89	1.13622
519.405	1.15809
517.929	1.18077
516.461	1.20404
515.002	1.22806
513.551	1.25313
512.108	1.27928
510.673	1.30618
509.246	1.33359
507.827	1.36167
506.415	1.39067
505.012	1.42051
503.616	1.4508
502.229	1.48129
500.848	1.51213
499.476	1.54353
498.111	1.57534
496.753	1.6071
495.402	1.63859
494.059	1.67001
492.724	1.70157
491.395	1.73306
490.074	1.76406
488.759	1.79449
487.452	1.82471
486.152	1.85509
484.858	1.88555
483.572	1.91594
482.292	1.94658
481.019	1.97828
479.753	2.01159
478.493	2.04641
477.24	2.08228
475.994	2.11905
474.754	2.15668
473.52	2.19469
472.293	2.23197
471.072	2.26756
469.858	2.30134
468.649	2.33371
467.447	2.36471
466.251	2.39381
465.062	2.42077
463.878	2.44623
462.7	2.47127
461.528	2.49667
460.362	2.52327
459.202	2.55307
458.048	2.58937
456.9	2.63475
455.757	2.68877
454.62	2.74769
453.489	2.8067
452.363	2.86242
451.243	2.91351
450.129	2.95985
449.02	3.00181
447.916	3.0404
446.818	3.0771
445.725	3.11303
444.638	3.14832
443.556	3.18266
442.479	3.21629
441.407	3.25009
440.34	3.28454
439.279	3.31913
438.223	3.3532
437.171	3.38703
436.125	3.42146
435.084	3.4567
434.048	3.49199
433.017	3.52669
431.99	3.56126
430.969	3.59661
429.952	3.63273
428.94	3.66861
427.933	3.70376
426.93	3.73893
425.932	3.77503
424.939	3.81172
423.951	3.84786
422.967	3.88318
421.987	3.91873
421.012	3.95533
420.042	3.99227
419.076	4.02833
418.115	4.06358
417.158	4.09935
416.205	4.13624
415.257	4.17313
414.313	4.20881
413.373	4.24382
412.437	4.27971
411.506	4.31672
410.579	4.35327
409.656	4.3883
408.737	4.42297
407.823	4.45897
406.912	4.49594
406.005	4.53182
405.103	4.56598
404.204	4.60031
403.31	4.6365
402.419	4.67322
401.533	4.70799
400.65	4.74103
399.771	4.77524
398.896	4.81182
398.025	4.84789
397.157	4.88069
396.294	4.91236
395.434	4.94742
394.578	4.98471
393.725	5.01578
392.877	5.03452
392.031	5.04701
391.19	5.06724
390.352	5.1017
389.518	5.14161
388.687	5.17346
387.86	5.1948
387.036	5.21495
386.216	5.2404
385.399	5.26584
384.586	5.28364
383.776	5.29702
382.969	5.31452
382.166	5.32991
381.367	5.31764
380.57	5.25976
379.777	5.17754
378.987	5.12616
378.201	5.14849
377.418	5.23404
376.638	5.32837
375.861	5.38373
375.087	5.39729
374.317	5.39983
373.55	5.41491
372.785	5.43674
372.024	5.4459
371.267	5.43653
370.512	5.42162
369.76	5.41551
369.011	5.41948
368.266	5.42571
367.523	5.42907
366.783	5.42998
366.047	5.42863
365.313	5.42274
364.582	5.41239
363.854	5.40293
363.129	5.39975
362.407	5.40247
361.688	5.40725
360.971	5.41388
360.258	5.42669
359.547	5.44756
358.839	5.47165
358.134	5.49273
357.432	5.51075
356.732	5.5306
356.035	5.55385
355.341	5.57573
354.649	5.59164
353.96	5.60331
353.274	5.61497
352.591	5.62577
351.91	5.6306
351.232	5.62905
350.556	5.62845
349.883	5.63462
349.213	5.64266
348.545	5.64237
347.879	5.63244
347.217	5.62326
346.556	5.62274
345.899	5.62442
345.243	5.61586
344.591	5.597
343.94	5.58193
343.292	5.57914
342.647	5.57739
342.004	5.55947
341.363	5.52741
340.725	5.50198
340.089	5.49117
339.456	5.46835
338.825	5.39639
338.196	5.27749
337.569	5.16861
336.945	5.13563
336.324	5.19075
335.704	5.28061
335.087	5.33751
334.472	5.33719
333.859	5.30537
333.249	5.27683
332.64	5.2601
332.034	5.24208
331.43	5.21403
330.829	5.18151
330.229	5.15109
329.632	5.11927
329.037	5.08045
328.444	5.04009
327.853	5.01127
327.264	4.99799
326.678	4.98852
326.093	4.96902
325.511	4.93998
324.93	4.91478
324.352	4.9032
323.776	4.90183
323.201	4.90171
322.629	4.90079
322.059	4.90432
321.491	4.91484
320.925	4.92723
320.361	4.93512
319.799	4.93879
319.238	4.94326
318.68	4.95009
318.124	4.95495
317.57	4.95383
317.017	4.9484
316.467	4.9431
315.918	4.9385
315.371	4.93071
314.826	4.9172
314.284	4.90044
313.743	4.88427
313.203	4.86859
312.666	4.84998
312.13	4.82706
311.597	4.80264
311.065	4.7798
310.535	4.75775
310.007	4.73345
309.48	4.70632
308.956	4.67917
308.433	4.65429
307.912	4.63038
307.392	4.60481
306.875	4.57761
306.359	4.55152
305.845	4.52813
305.332	4.5058
304.821	4.48235
304.312	4.45835
303.805	4.43635
303.3	4.41731
302.796	4.39938
302.293	4.3808
301.793	4.36248
301.294	4.34667
300.797	4.33373
300.301	4.32165
299.807	4.30898
299.314	4.29682
298.824	4.28704
298.335	4.27947
297.847	4.27206
297.361	4.26364
296.877	4.25536
296.394	4.24878
295.912	4.24342
295.433	4.23732
294.955	4.22959
294.478	4.22134
294.003	4.21382
293.529	4.20662
293.057	4.19826
292.587	4.1882
292.118	4.17719
291.65	4.16571
291.184	4.15308
290.72	4.13844
290.257	4.12214
289.795	4.10545
289.335	4.08919
288.877	4.0735
288.419	4.05887
287.964	4.04652
287.509	4.03722
287.057	4.03007
286.605	4.02323
286.155	4.01578
285.706	4.00791
285.259	3.99939
284.813	3.98861
284.369	3.97413
283.926	3.95669
283.484	3.93887
283.044	3.92235
282.605	3.90643
282.168	3.8895
281.731	3.87148
281.297	3.85381
280.863	3.83722
280.431	3.82057
280	3.8024
