1200	98.6099
1192.15	98.6296
1184.4	98.6476
1176.75	98.666
1169.21	98.6861
1161.75	98.707
1154.39	98.7265
1147.13	98.7443
1139.95	98.7623
1132.86	98.782
1125.87	98.8026
1118.95	98.8218
1112.13	98.8392
1105.38	98.8568
1098.72	98.8761
1092.13	98.8962
1085.63	98.9151
1079.2	98.9321
1072.84	98.9492
1066.56	98.9679
1060.36	98.9875
1054.23	99.006
1048.16	99.0225
1042.17	99.039
1036.24	99.0571
1030.38	99.0762
1024.59	99.0942
1018.86	99.1102
1013.2	99.126
1007.6	99.1434
1002.06	99.1619
996.576	99.1793
991.156	99.1947
985.795	99.2097
980.491	99.2264
975.244	99.2442
970.053	99.261
964.917	99.2758
959.835	99.29
954.806	99.3059
949.83	99.323
944.905	99.3391
940.031	99.3531
935.207	99.3666
930.433	99.3816
925.707	99.3979
921.028	99.4133
916.397	99.4266
911.812	99.4391
907.273	99.4532
902.778	99.4687
898.328	99.4834
893.922	99.4959
889.559	99.5074
885.238	99.5205
880.958	99.5352
876.72	99.5491
872.523	99.5607
868.365	99.5713
864.247	99.5833
860.168	99.5971
856.127	99.6101
852.124	99.6208
848.159	99.6303
844.23	99.6413
840.337	99.654
836.48	99.6662
832.658	99.6759
828.871	99.6842
825.118	99.694
821.399	99.7057
817.714	99.7169
814.061	99.7256
810.441	99.7327
806.853	99.7411
803.296	99.7517
799.771	99.7619
796.277	99.7694
792.813	99.7752
789.379	99.7823
785.974	99.7916
782.599	99.8007
779.253	99.807
775.935	99.8113
772.645	99.8169
769.383	99.8249
766.149	99.8328
762.941	99.8378
759.761	99.8406
756.606	99.8445
753.478	99.8511
750.376	99.8578
747.299	99.8614
744.247	99.8625
741.22	99.8647
738.218	99.8697
735.239	99.8751
732.285	99.8773
729.354	99.8765
726.447	99.8768
723.563	99.8803
720.702	99.8844
717.863	99.885
715.046	99.8824
712.251	99.8807
709.479	99.8826
706.727	99.8853
703.997	99.8844
701.288	99.8797
698.6	99.8759
695.932	99.8761
693.285	99.8776
690.657	99.8751
688.05	99.8684
685.462	99.8624
682.893	99.8609
680.344	99.8611
677.814	99.8571
675.302	99.8482
672.809	99.8399
670.334	99.8368
667.878	99.8359
665.439	99.8305
663.018	99.8193
660.615	99.8085
658.229	99.8038
655.86	99.8022
653.508	99.7955
651.173	99.7816
648.854	99.7682
646.553	99.7623
644.267	99.7604
641.997	99.7524
639.744	99.7354
637.506	99.7188
635.283	99.7122
633.077	99.7114
630.885	99.7024
628.709	99.6802
626.547	99.6586
624.4	99.6532
622.268	99.6598
620.151	99.6557
618.048	99.6275
615.959	99.5917
613.884	99.5792
611.823	99.5984
609.776	99.6212
607.742	99.6129
605.723	99.5726
603.716	99.5347
601.723	99.5287
599.742	99.5447
597.775	99.5462
595.821	99.5166
593.879	99.4798
591.95	99.4707
590.034	99.4906
588.13	99.5046
586.238	99.4847
584.358	99.4446
582.49	99.4231
580.634	99.4353
578.79	99.4539
576.958	99.4432
575.137	99.4041
573.328	99.3723
571.53	99.3731
569.743	99.389
567.967	99.3829
566.203	99.3453
564.449	99.3063
562.706	99.2973
560.974	99.3105
559.253	99.3096
557.542	99.2769
555.841	99.2357
554.151	99.2201
552.471	99.2302
550.802	99.2329
549.142	99.2053
547.492	99.1656
545.852	99.1489
544.222	99.1607
542.602	99.1682
540.991	99.1446
539.39	99.1062
537.798	99.0934
536.216	99.117
534.643	99.1393
533.079	99.12
531.524	99.0687
529.979	99.0376
528.442	99.0571
526.914	99.096
525.395	99.0973
523.885	99.0497
522.383	99.0044
520.89	99.0139
519.405	99.0665
517.929	99.0975
516.461	99.0657
515.002	99.0017
513.551	98.9699
512.108	98.991
510.673	99.0204
509.246	99.0071
507.827	98.9575
506.415	98.9249
505.012	98.9403
503.616	98.9732
502.229	98.9709
500.848	98.9259
499.476	98.8854
498.111	98.8907
496.753	98.9248
495.402	98.9344
494.059	98.8974
492.724	98.8504
491.395	98.8415
490.074	98.8697
488.759	98.8871
487.452	98.86
486.152	98.8114
484.858	98.7907
483.572	98.8108
482.292	98.8326
481.019	98.8162
479.753	98.7712
478.493	98.7438
477.24	98.7571
475.994	98.7821
474.754	98.7762
473.52	98.7376
472.293	98.7072
471.072	98.7153
469.858	98.7431
468.649	98.7476
467.447	98.7172
466.251	98.6863
465.062	98.6906
463.878	98.7212
462.7	98.7368
461.528	98.7169
460.362	98.6884
459.202	98.6904
458.048	98.7244
456.9	98.7524
455.757	98.7464
454.62	98.7239
453.489	98.7256
452.363	98.7632
451.243	98.8045
450.129	98.815
449.02	98.8009
447.916	98.8001
446.818	98.8335
445.725	98.8776
444.638	98.8932
443.556	98.8705
442.479	98.8352
441.407	98.8091
440.34	98.7795
439.279	98.7162
438.223	98.6122
437.171	98.4941
436.125	98.3896
435.084	98.295
434.048	98.1861
433.017	98.0578
431.99	97.9379
430.969	97.8571
429.952	97.8129
428.94	97.7737
427.933	97.7186
426.93	97.6623
425.932	97.6326
424.939	97.6317
423.951	97.6316
422.967	97.6095
421.987	97.5765
421.012	97.5621
420.042	97.5742
419.076	97.5876
418.115	97.5758
417.158	97.5455
416.205	97.5278
415.257	97.5377
414.313	97.5531
413.373	97.5419
412.437	97.5028
411.506	97.4687
410.579	97.4664
409.656	97.4849
408.737	97.4898
407.823	97.4673
406.912	97.4403
406.005	97.4384
405.103	97.4595
404.204	97.473
403.31	97.4585
402.419	97.4313
401.533	97.4227
400.65	97.4403
399.771	97.4588
398.896	97.4522
398.025	97.4265
397.157	97.4125
396.294	97.4272
395.434	97.4533
394.578	97.4598
393.725	97.4383
392.877	97.4116
392.031	97.4064
391.19	97.4247
390.352	97.4469
389.518	97.4566
388.687	97.457
387.86	97.4606
387.036	97.4709
386.216	97.48
385.399	97.4817
384.586	97.4808
383.776	97.4862
382.969	97.4988
382.166	97.5107
381.367	97.5165
380.57	97.5197
379.777	97.5269
378.987	97.5396
378.201	97.553
377.418	97.5633
376.638	97.5724
375.861	97.5836
375.087	97.5966
374.317	97.609
373.55	97.6196
372.785	97.6293
372.024	97.6374
371.267	97.6423
370.512	97.6467
369.76	97.6568
369.011	97.6706
368.266	97.6712
367.523	97.6391
366.783	97.5784
366.047	97.5253
365.313	97.5182
364.582	97.5565
363.854	97.5932
363.129	97.5783
362.407	97.5094
361.688	97.4323
360.971	97.39
360.258	97.3769
359.547	97.3517
358.839	97.2922
358.134	97.2245
357.432	97.1914
356.732	97.1985
356.035	97.2065
355.341	97.181
354.649	97.136
353.96	97.1179
353.274	97.1462
352.591	97.1863
351.91	97.19
351.232	97.1535
350.556	97.1221
349.883	97.1331
349.213	97.1685
348.545	97.1754
347.879	97.1302
347.217	97.066
346.556	97.0299
345.899	97.0235
345.243	97.0012
344.591	96.9276
343.94	96.8214
343.292	96.7323
342.647	96.6791
342.004	96.6299
341.363	96.5461
340.725	96.4346
340.089	96.3416
339.456	96.2955
338.825	96.2733
338.196	96.2318
337.569	96.164
336.945	96.1078
336.324	96.0968
335.704	96.1159
335.087	96.1198
334.472	96.0899
333.859	96.057
333.249	96.061
332.64	96.0985
332.034	96.1267
331.43	96.1171
330.829	96.0914
330.229	96.0935
329.632	96.1327
329.037	96.172
328.444	96.175
327.853	96.1522
327.264	96.147
326.678	96.1806
326.093	96.2246
325.511	96.2376
324.93	96.2182
324.352	96.2061
323.776	96.2313
323.201	96.2759
322.629	96.2973
322.059	96.2829
321.491	96.2657
320.925	96.2818
320.361	96.3243
319.799	96.3525
319.238	96.344
318.68	96.3236
318.124	96.3307
317.57	96.3689
317.017	96.4016
316.467	96.3988
315.918	96.3759
315.371	96.3734
314.826	96.405
314.284	96.4398
313.743	96.4418
313.203	96.4159
312.666	96.4025
312.13	96.4261
311.597	96.4647
311.065	96.4771
310.535	96.4544
310.007	96.4303
309.48	96.4394
308.956	96.4756
308.433	96.5021
307.912	96.4985
307.392	96.4842
306.875	96.4913
306.359	96.5231
305.845	96.5514
305.332	96.5539
304.821	96.542
304.312	96.5447
303.805	96.5708
303.3	96.599
302.796	96.6067
302.293	96.5986
301.793	96.5985
301.294	96.6171
300.797	96.6385
300.301	96.6434
299.807	96.6352
299.314	96.6355
298.824	96.6549
298.335	96.6784
297.847	96.6859
297.361	96.6793
296.877	96.6801
296.394	96.7007
295.912	96.727
295.433	96.7369
294.955	96.7299
294.478	96.7279
294.003	96.7464
293.529	96.7733
293.057	96.7844
292.587	96.776
292.118	96.7703
291.65	96.7862
291.184	96.8137
290.72	96.8259
290.257	96.8149
289.795	96.8034
289.335	96.8161
288.877	96.8465
288.419	96.864
287.964	96.8533
287.509	96.8357
287.057	96.8427
286.605	96.8748
286.155	96.8996
285.706	96.8925
285.259	96.8698
284.813	96.8689
284.369	96.9005
283.926	96.9331
283.484	96.9321
283.044	96.9049
282.605	96.8939
282.168	96.9231
281.731	96.9663
281.297	96.9768
280.863	96.9455
280.431	96.9139
280	96.9248
