1200	97.7175
1192.15	97.7458
1184.4	97.7756
1176.75	97.8016
1169.21	97.8238
1161.75	97.8478
1154.39	97.8764
1147.13	97.9057
1139.95	97.9306
1132.86	97.9524
1125.87	97.9769
1118.95	98.0057
1112.13	98.0342
1105.38	98.0581
1098.72	98.0797
1092.13	98.1046
1085.63	98.1334
1079.2	98.1609
1072.84	98.1838
1066.56	98.2053
1060.36	98.2306
1054.23	98.2592
1048.16	98.2856
1042.17	98.3075
1036.24	98.329
1030.38	98.3545
1024.59	98.3826
1018.86	98.4078
1013.2	98.4288
1007.6	98.4502
1002.06	98.4759
996.576	98.5034
991.156	98.5273
985.795	98.5475
980.491	98.5689
975.244	98.5946
970.053	98.6212
964.917	98.6438
959.835	98.6632
954.806	98.6846
949.83	98.7101
944.905	98.7358
940.031	98.7571
935.207	98.7758
930.433	98.7972
925.707	98.8224
921.028	98.8469
916.397	98.8669
911.812	98.885
907.273	98.9064
902.778	98.9312
898.328	98.9545
893.922	98.9732
889.559	98.9908
885.238	99.0121
880.958	99.0364
876.72	99.0584
872.523	99.0759
868.365	99.093
864.247	99.1141
860.168	99.1377
856.127	99.1584
852.124	99.1747
848.159	99.1914
844.23	99.2124
840.337	99.2352
836.48	99.2544
832.658	99.2696
828.871	99.2859
825.118	99.3067
821.399	99.3285
817.714	99.3463
814.061	99.3604
810.441	99.3763
806.853	99.3967
803.296	99.4175
799.771	99.4337
796.277	99.4467
792.813	99.4622
789.379	99.4822
785.974	99.5018
782.599	99.5164
779.253	99.5282
775.935	99.5432
772.645	99.5626
769.383	99.581
766.149	99.5939
762.941	99.6045
759.761	99.6189
756.606	99.6377
753.478	99.6546
750.376	99.6657
747.299	99.6748
744.247	99.6886
741.22	99.7067
738.218	99.7221
735.239	99.731
732.285	99.7385
729.354	99.7515
726.447	99.769
723.563	99.7828
720.702	99.789
717.863	99.7942
715.046	99.8066
712.251	99.824
709.479	99.836
706.727	99.8381
703.997	99.8394
701.288	99.8512
698.6	99.871
695.932	99.8828
693.285	99.876
690.657	99.8603
688.05	99.8566
685.462	99.873
682.893	99.8955
680.344	99.9043
677.814	99.8964
675.302	99.8876
672.809	99.892
670.334	99.9058
667.878	99.9137
665.439	99.9095
663.018	99.9032
660.615	99.9073
658.229	99.9203
655.86	99.9292
653.508	99.9263
651.173	99.9194
648.854	99.9213
646.553	99.9326
644.267	99.9413
641.997	99.9384
639.744	99.9299
637.506	99.9288
635.283	99.9376
633.077	99.9455
630.885	99.9424
628.709	99.9324
626.547	99.9285
624.4	99.9349
622.268	99.9416
620.151	99.938
618.048	99.9268
615.959	99.9206
613.884	99.9248
611.823	99.9304
609.776	99.9261
607.742	99.9137
605.723	99.9056
603.716	99.908
601.723	99.9124
599.742	99.907
597.775	99.8933
595.821	99.8835
593.879	99.8842
591.95	99.8872
590.034	99.8805
588.13	99.8651
586.238	99.8534
584.358	99.8524
582.49	99.8537
580.634	99.8452
578.79	99.8277
576.958	99.8139
575.137	99.8108
573.328	99.81
571.53	99.7993
569.743	99.7793
567.967	99.7629
566.203	99.7572
564.449	99.7537
562.706	99.74
560.974	99.7168
559.253	99.6968
557.542	99.6874
555.841	99.6803
554.151	99.6629
552.471	99.6353
550.802	99.6101
549.142	99.5953
547.492	99.5836
545.852	99.5628
544.222	99.5311
542.602	99.4983
540.991	99.4719
539.39	99.4479
537.798	99.4188
536.216	99.3842
534.643	99.35
533.079	99.3182
531.524	99.2836
529.979	99.2426
528.442	99.1995
526.914	99.1608
525.395	99.1251
523.885	99.0852
522.383	99.0388
520.89	98.9934
519.405	98.9556
517.929	98.921
516.461	98.8801
515.002	98.8318
513.551	98.7859
512.108	98.7484
510.673	98.7104
509.246	98.6571
507.827	98.5857
506.415	98.5073
505.012	98.43
503.616	98.3475
502.229	98.25
500.848	98.1429
499.476	98.0455
498.111	97.9697
496.753	97.9072
495.402	97.8432
494.059	97.7778
492.724	97.7257
491.395	97.6934
490.074	97.6682
488.759	97.634
487.452	97.5931
486.152	97.5622
484.858	97.5481
483.572	97.5366
482.292	97.5116
481.019	97.4777
479.753	97.4537
478.493	97.4461
477.24	97.4389
475.994	97.4156
474.754	97.3829
473.52	97.3613
472.293	97.3562
471.072	97.3499
469.858	97.326
468.649	97.2929
467.447	97.2724
466.251	97.2688
465.062	97.2623
463.878	97.237
462.7	97.2035
461.528	97.1844
460.362	97.1821
459.202	97.1751
458.048	97.1483
456.9	97.1148
455.757	97.0976
454.62	97.0969
453.489	97.0892
452.363	97.0608
451.243	97.0277
450.129	97.013
449.02	97.0141
447.916	97.0054
446.818	96.9753
445.725	96.943
444.638	96.9316
443.556	96.9347
442.479	96.9246
441.407	96.8925
440.34	96.8615
439.279	96.8543
438.223	96.8596
437.171	96.8476
436.125	96.813
435.084	96.784
434.048	96.7823
433.017	96.7903
431.99	96.7755
430.969	96.7377
429.952	96.712
428.94	96.7183
427.933	96.7302
426.93	96.7109
425.932	96.6681
424.939	96.6474
423.951	96.6674
422.967	96.6869
421.987	96.6594
421.012	96.6034
420.042	96.5885
419.076	96.644
418.115	96.7135
417.158	96.7233
416.205	96.6802
415.257	96.6635
414.313	96.7136
413.373	96.7642
412.437	96.7194
411.506	96.5818
410.579	96.464
409.656	96.4578
408.737	96.5268
407.823	96.5597
406.912	96.5147
406.005	96.4661
405.103	96.4956
404.204	96.578
403.31	96.6158
402.419	96.5742
401.533	96.5301
400.65	96.5663
399.771	96.6562
398.896	96.6964
398.025	96.6461
397.157	96.5842
396.294	96.603
395.434	96.6824
394.578	96.7148
393.725	96.6492
392.877	96.5609
392.031	96.5513
391.19	96.6129
390.352	96.6405
389.518	96.5738
388.687	96.4785
387.86	96.4576
387.036	96.5135
386.216	96.547
385.399	96.4923
384.586	96.405
383.776	96.3855
382.969	96.4442
382.166	96.4898
381.367	96.4546
380.57	96.3842
379.777	96.3734
378.987	96.4381
378.201	96.4964
377.418	96.4813
376.638	96.4285
375.861	96.4225
375.087	96.4809
374.317	96.5339
373.55	96.5237
372.785	96.4829
372.024	96.4854
371.267	96.5424
370.512	96.5883
369.76	96.573
369.011	96.5308
368.266	96.5313
367.523	96.5828
366.783	96.6225
366.047	96.6052
365.313	96.5645
364.582	96.5635
363.854	96.6063
363.129	96.6337
362.407	96.6081
361.688	96.566
360.971	96.5664
360.258	96.6072
359.547	96.629
358.839	96.5987
358.134	96.5562
357.432	96.5584
356.732	96.5993
356.035	96.6184
355.341	96.5856
354.649	96.5428
353.96	96.5455
353.274	96.5855
352.591	96.6026
351.91	96.5687
351.232	96.5265
350.556	96.53
349.883	96.5694
349.213	96.5857
348.545	96.5527
347.879	96.5127
347.217	96.517
346.556	96.5562
345.899	96.5756
345.243	96.5533
344.591	96.529
343.94	96.5457
343.292	96.5871
342.647	96.6
342.004	96.5698
341.363	96.5415
340.725	96.5569
340.089	96.5968
339.456	96.6089
338.825	96.5817
338.196	96.56
337.569	96.5817
336.945	96.6252
336.324	96.6418
335.704	96.6253
335.087	96.6188
334.472	96.6497
333.859	96.6877
333.249	96.6882
332.64	96.6593
332.034	96.6544
331.43	96.6968
330.829	96.7436
330.229	96.7433
329.632	96.7091
329.037	96.7029
328.444	96.7483
327.853	96.7942
327.264	96.7838
326.678	96.7352
326.093	96.7202
325.511	96.7663
324.93	96.817
324.352	96.8078
323.776	96.7558
323.201	96.7382
322.629	96.786
322.059	96.8404
321.491	96.8321
320.925	96.778
320.361	96.7585
319.799	96.8076
319.238	96.8643
318.68	96.8561
318.124	96.7995
317.57	96.7779
317.017	96.8273
316.467	96.8852
315.918	96.8767
315.371	96.818
314.826	96.795
314.284	96.8448
313.743	96.9041
313.203	96.896
312.666	96.8368
312.13	96.8142
311.597	96.8663
311.065	96.928
310.535	96.9211
310.007	96.8627
309.48	96.8422
308.956	96.8978
308.433	96.9627
307.912	96.9575
307.392	96.9002
306.875	96.8824
306.359	96.942
305.845	97.0102
305.332	97.0063
304.821	96.9496
304.312	96.9339
303.805	96.9971
303.3	97.068
302.796	97.0642
302.293	97.0068
301.793	96.9918
301.294	97.0574
300.797	97.1297
300.301	97.1246
299.807	97.0645
299.314	97.0485
298.824	97.1149
298.335	97.1871
297.847	97.179
297.361	97.1144
296.877	97.0954
296.394	97.1609
295.912	97.2319
295.433	97.2196
294.955	97.149
294.478	97.1253
294.003	97.1888
293.529	97.2578
293.057	97.241
292.587	97.1639
292.118	97.1351
291.65	97.1962
291.184	97.2636
290.72	97.2432
290.257	97.1606
289.795	97.1272
289.335	97.1866
288.877	97.2538
288.419	97.2316
287.964	97.1455
287.509	97.1093
287.057	97.1684
286.605	97.2368
286.155	97.215
285.706	97.1278
285.259	97.0905
284.813	97.1506
284.369	97.2214
283.926	97.2015
283.484	97.1147
283.044	97.0779
282.605	97.1398
282.168	97.2134
281.731	97.196
281.297	97.1107
280.863	97.0751
280.431	97.1391
280	97.2156
