1200	98.6317
1192.15	98.6503
1184.4	98.6675
1176.75	98.6859
1169.21	98.7065
1161.75	98.7275
1154.39	98.7465
1147.13	98.7636
1139.95	98.7811
1132.86	98.8006
1125.87	98.8214
1118.95	98.8409
1112.13	98.8581
1105.38	98.8747
1098.72	98.893
1092.13	98.9132
1085.63	98.9329
1079.2	98.9504
1072.84	98.9664
1066.56	98.9835
1060.36	99.0026
1054.23	99.0222
1048.16	99.04
1042.17	99.0558
1036.24	99.0716
1030.38	99.0894
1024.59	99.1086
1018.86	99.1266
1013.2	99.1423
1007.6	99.1571
1002.06	99.1735
996.576	99.1917
991.156	99.2097
985.795	99.2255
980.491	99.2396
975.244	99.2544
970.053	99.2714
964.917	99.2891
959.835	99.305
954.806	99.3186
949.83	99.3321
944.905	99.3476
940.031	99.3645
935.207	99.3804
930.433	99.3939
925.707	99.4062
921.028	99.42
916.397	99.4359
911.812	99.4516
907.273	99.465
902.778	99.4765
898.328	99.4886
893.922	99.5029
889.559	99.5181
885.238	99.5316
880.958	99.5425
876.72	99.5531
872.523	99.5657
868.365	99.5799
864.247	99.5933
860.168	99.6039
856.127	99.6132
852.124	99.6239
848.159	99.6368
844.23	99.6497
840.337	99.6603
836.48	99.6685
832.658	99.6773
828.871	99.6884
825.118	99.7007
821.399	99.7111
817.714	99.7187
814.061	99.7256
810.441	99.7347
806.853	99.7457
803.296	99.7559
799.771	99.763
796.277	99.7684
792.813	99.7752
789.379	99.7845
785.974	99.7941
782.599	99.801
779.253	99.8052
775.935	99.8096
772.645	99.8167
769.383	99.8253
766.149	99.832
762.941	99.8353
759.761	99.8375
756.606	99.8421
753.478	99.8492
750.376	99.8554
747.299	99.8581
744.247	99.8585
741.22	99.8603
738.218	99.8652
735.239	99.8707
732.285	99.8731
729.354	99.872
726.447	99.871
723.563	99.8732
720.702	99.8775
717.863	99.8797
715.046	99.8775
712.251	99.8738
709.479	99.873
706.727	99.8755
703.997	99.8773
701.288	99.8747
698.6	99.8688
695.932	99.8645
693.285	99.8646
690.657	99.8658
688.05	99.8631
685.462	99.8555
682.893	99.8479
680.344	99.8448
677.814	99.845
675.302	99.8424
672.809	99.8339
670.334	99.8231
667.878	99.8164
665.439	99.8148
663.018	99.8126
660.615	99.8041
658.229	99.7906
655.86	99.7796
653.508	99.7755
651.173	99.7737
648.854	99.7659
646.553	99.7504
644.267	99.7349
641.997	99.7274
639.744	99.7257
637.506	99.7196
635.283	99.703
633.077	99.6825
630.885	99.6704
628.709	99.6691
626.547	99.6664
624.4	99.6493
622.268	99.6215
620.151	99.6018
618.048	99.6029
615.959	99.6132
613.884	99.6062
611.823	99.5699
609.776	99.5254
607.742	99.509
605.723	99.5337
603.716	99.5714
601.723	99.5778
599.742	99.5371
597.775	99.4794
595.821	99.4499
593.879	99.4619
591.95	99.4841
590.034	99.4761
588.13	99.4328
586.238	99.3896
584.358	99.3822
582.49	99.4057
580.634	99.4203
578.79	99.396
576.958	99.347
575.137	99.3161
573.328	99.3261
571.53	99.354
569.743	99.357
567.967	99.3208
566.203	99.2764
564.449	99.2642
562.706	99.2883
560.974	99.3116
559.253	99.2982
557.542	99.2548
555.841	99.2226
554.151	99.2293
552.471	99.2569
550.802	99.2621
549.142	99.2272
547.492	99.1811
545.852	99.1659
544.222	99.1871
542.602	99.2059
540.991	99.184
539.39	99.1299
537.798	99.0916
536.216	99.1018
534.643	99.1381
533.079	99.1458
531.524	99.1007
529.979	99.0403
528.442	99.0257
526.914	99.073
525.395	99.1322
523.885	99.1375
522.383	99.0776
520.89	99.0075
519.405	98.9894
517.929	99.0266
516.461	99.0633
515.002	99.0485
513.551	98.9928
512.108	98.9537
510.673	98.9696
509.246	99.016
507.827	99.0341
506.415	98.9976
505.012	98.9425
503.616	98.9254
502.229	98.9591
500.848	98.9983
499.476	98.9912
498.111	98.938
496.753	98.8901
495.402	98.8913
494.059	98.9289
492.724	98.9487
491.395	98.9174
490.074	98.8597
488.759	98.8294
487.452	98.8481
486.152	98.8814
484.858	98.8794
483.572	98.8336
482.292	98.7861
481.019	98.7803
479.753	98.8118
478.493	98.8342
477.24	98.813
475.994	98.765
474.754	98.7383
473.52	98.7563
472.293	98.7918
471.072	98.7985
469.858	98.7649
468.649	98.7269
467.447	98.7262
466.251	98.7618
465.062	98.7922
463.878	98.7831
462.7	98.7475
461.528	98.73
460.362	98.7552
459.202	98.7996
458.048	98.8192
456.9	98.8002
455.757	98.7755
454.62	98.7858
453.489	98.8334
452.363	98.8793
451.243	98.8888
450.129	98.8718
449.02	98.8712
447.916	98.9135
446.818	98.9784
445.725	99.0221
444.638	99.028
443.556	99.0255
442.479	99.0554
441.407	99.1224
440.34	99.1879
439.279	99.2123
438.223	99.1978
437.171	99.1815
436.125	99.1881
435.084	99.196
434.048	99.1568
433.017	99.0459
431.99	98.8882
430.969	98.7309
429.952	98.5942
428.94	98.4573
427.933	98.2925
426.93	98.1063
425.932	97.94
424.939	97.8276
423.951	97.7609
422.967	97.7008
421.987	97.6221
421.012	97.5396
420.042	97.4879
419.076	97.4777
418.115	97.4816
417.158	97.4646
416.205	97.4234
415.257	97.389
414.313	97.3895
413.373	97.4162
412.437	97.4325
411.506	97.4152
410.579	97.3809
409.656	97.366
408.737	97.3847
407.823	97.413
406.912	97.4163
406.005	97.3897
405.103	97.3636
404.204	97.3685
403.31	97.4
402.419	97.4239
401.533	97.4158
400.65	97.389
399.771	97.3792
398.896	97.4025
398.025	97.4374
397.157	97.4489
396.294	97.4292
395.434	97.4059
394.578	97.4103
393.725	97.4403
392.877	97.463
392.031	97.4527
391.19	97.4214
390.352	97.4056
389.518	97.4237
388.687	97.4529
387.86	97.4519
387.036	97.4078
386.216	97.3526
385.399	97.3323
384.586	97.3595
383.776	97.4006
382.969	97.4094
382.166	97.3712
381.367	97.3125
380.57	97.2698
379.777	97.2546
378.987	97.2503
378.201	97.2388
377.418	97.2224
376.638	97.2166
375.861	97.2272
375.087	97.2396
374.317	97.2352
373.55	97.2143
372.785	97.197
372.024	97.2017
371.267	97.2249
370.512	97.2461
369.76	97.2511
369.011	97.2469
368.266	97.2511
367.523	97.2709
366.783	97.2948
366.047	97.3081
365.313	97.3109
364.582	97.3177
363.854	97.3395
363.129	97.3691
362.407	97.389
361.688	97.3919
360.971	97.3893
360.258	97.3983
359.547	97.4209
358.839	97.4405
358.134	97.4398
357.432	97.42
356.732	97.3977
356.035	97.385
355.341	97.3739
354.649	97.3442
353.96	97.2851
353.274	97.2062
352.591	97.1248
351.91	97.0462
351.232	96.9585
350.556	96.8489
349.883	96.7217
349.213	96.5963
348.545	96.4891
347.879	96.3981
347.217	96.3099
346.556	96.2191
345.899	96.1362
345.243	96.0771
344.591	96.0435
343.94	96.0207
343.292	95.9936
342.647	95.9631
342.004	95.9439
341.363	95.9457
340.725	95.9604
340.089	95.97
339.456	95.9666
338.825	95.9611
338.196	95.9694
337.569	95.9939
336.945	96.0196
336.324	96.0313
335.704	96.0309
335.087	96.0348
334.472	96.0552
333.859	96.0853
333.249	96.1072
332.64	96.1126
332.034	96.1123
331.43	96.1235
330.829	96.15
330.229	96.1777
329.632	96.1909
329.037	96.1906
328.444	96.193
327.853	96.2112
327.264	96.2395
326.678	96.2603
326.093	96.2646
325.511	96.2621
324.93	96.2703
324.352	96.2939
323.776	96.3197
323.201	96.3315
322.629	96.3293
322.059	96.3291
321.491	96.3443
320.925	96.3705
320.361	96.3902
319.799	96.3933
319.238	96.3886
318.68	96.3941
318.124	96.4158
317.57	96.4408
317.017	96.4523
316.467	96.4488
315.918	96.4461
315.371	96.4591
314.826	96.4847
314.284	96.5051
313.743	96.5081
313.203	96.5016
312.666	96.5042
312.13	96.5246
311.597	96.5511
311.065	96.5648
310.535	96.5606
310.007	96.554
309.48	96.5635
308.956	96.5906
308.433	96.6175
307.912	96.6259
307.392	96.6159
306.875	96.6054
306.359	96.6116
305.845	96.6347
305.332	96.6597
304.821	96.6737
304.312	96.6774
303.805	96.6816
303.3	96.6938
302.796	96.711
302.293	96.7247
301.793	96.731
301.294	96.7334
300.797	96.7375
300.301	96.7448
299.807	96.7528
299.314	96.7591
298.824	96.7635
298.335	96.766
297.847	96.7651
297.361	96.7605
296.877	96.7559
296.394	96.7573
295.912	96.766
295.433	96.7758
294.955	96.7783
294.478	96.773
294.003	96.7692
293.529	96.7765
293.057	96.793
292.587	96.8064
292.118	96.8064
291.65	96.7979
291.184	96.796
290.72	96.8093
290.257	96.8292
289.795	96.8382
289.335	96.8299
288.877	96.8173
288.419	96.8195
287.964	96.8397
287.509	96.8611
287.057	96.8644
286.605	96.8506
286.155	96.8405
285.706	96.852
285.259	96.8794
284.813	96.8984
284.369	96.8932
283.926	96.8748
283.484	96.8692
283.044	96.8888
282.605	96.9177
282.168	96.9291
281.731	96.9157
281.297	96.8982
280.863	96.9028
280.431	96.9314
280	96.9588
