1200	98.3509
1192.15	98.3758
1184.4	98.3991
1176.75	98.4181
1169.21	98.4365
1161.75	98.4585
1154.39	98.4833
1147.13	98.5059
1139.95	98.5245
1132.86	98.5428
1125.87	98.5648
1118.95	98.5892
1112.13	98.6113
1105.38	98.6294
1098.72	98.6475
1092.13	98.6694
1085.63	98.6934
1079.2	98.7148
1072.84	98.7323
1066.56	98.7502
1060.36	98.7719
1054.23	98.7955
1048.16	98.816
1042.17	98.8329
1036.24	98.8505
1030.38	98.872
1024.59	98.895
1018.86	98.9147
1013.2	98.9309
1007.6	98.9482
1002.06	98.9694
996.576	98.9917
991.156	99.0105
985.795	99.026
980.491	99.0428
975.244	99.0637
970.053	99.0853
964.917	99.1031
959.835	99.1177
954.806	99.1342
949.83	99.1546
944.905	99.1754
940.031	99.1921
935.207	99.2059
930.433	99.2219
925.707	99.2419
921.028	99.2618
916.397	99.2774
911.812	99.2903
907.273	99.3059
902.778	99.3253
898.328	99.3443
893.922	99.3587
889.559	99.3707
885.238	99.3857
880.958	99.4047
876.72	99.4226
872.523	99.4357
868.365	99.4467
864.247	99.4613
860.168	99.4796
856.127	99.4964
852.124	99.5082
848.159	99.5182
844.23	99.5322
840.337	99.5499
836.48	99.5655
832.658	99.5758
828.871	99.5848
825.118	99.5982
821.399	99.6153
817.714	99.6296
814.061	99.6382
810.441	99.646
806.853	99.659
803.296	99.6754
799.771	99.6882
796.277	99.695
792.813	99.7016
789.379	99.714
785.974	99.7297
782.599	99.7409
779.253	99.7457
775.935	99.751
772.645	99.763
769.383	99.7779
766.149	99.7873
762.941	99.7898
759.761	99.7938
756.606	99.8053
753.478	99.8195
750.376	99.8268
747.299	99.8267
744.247	99.8292
741.22	99.8406
738.218	99.8541
735.239	99.8588
732.285	99.8556
729.354	99.8567
726.447	99.8685
723.563	99.8815
720.702	99.8828
717.863	99.8755
715.046	99.8754
712.251	99.8892
709.479	99.9021
706.727	99.8979
703.997	99.8833
701.288	99.8831
698.6	99.9055
695.932	99.9254
693.285	99.9115
690.657	99.8693
688.05	99.8425
685.462	99.8634
682.893	99.9116
680.344	99.9351
677.814	99.9104
675.302	99.8705
672.809	99.863
670.334	99.8922
667.878	99.9154
665.439	99.8994
663.018	99.8626
660.615	99.85
658.229	99.874
655.86	99.8985
653.508	99.8868
651.173	99.8494
648.854	99.8303
646.553	99.8489
644.267	99.8749
641.997	99.8681
639.744	99.8312
637.506	99.8057
635.283	99.8171
633.077	99.8419
630.885	99.8391
628.709	99.804
626.547	99.7739
624.4	99.7782
622.268	99.8002
620.151	99.7999
618.048	99.7671
615.959	99.7342
613.884	99.7327
611.823	99.7516
609.776	99.7529
607.742	99.7225
605.723	99.6881
603.716	99.6819
601.723	99.6979
599.742	99.7006
597.775	99.6726
595.821	99.6374
593.879	99.6275
591.95	99.6411
590.034	99.6451
588.13	99.6196
586.238	99.5843
584.358	99.5715
582.49	99.5831
580.634	99.5886
578.79	99.5661
576.958	99.5312
575.137	99.5161
573.328	99.5264
571.53	99.5341
569.743	99.5154
567.967	99.4819
566.203	99.4655
564.449	99.4758
562.706	99.4882
560.974	99.4766
559.253	99.4477
557.542	99.4321
555.841	99.4447
554.151	99.4669
552.471	99.472
550.802	99.4602
549.142	99.4561
547.492	99.4754
545.852	99.5049
544.222	99.5209
542.602	99.5208
540.991	99.5252
539.39	99.5495
537.798	99.5837
536.216	99.6072
534.643	99.6166
533.079	99.6313
531.524	99.6681
529.979	99.7207
528.442	99.7692
526.914	99.8071
525.395	99.8489
523.885	99.9101
522.383	99.9847
520.89	100.05
519.405	100.087
517.929	100.095
516.461	100.074
515.002	100.009
513.551	99.875
512.108	99.6613
510.673	99.3893
509.246	99.1012
507.827	98.834
506.415	98.6033
505.012	98.4092
503.616	98.2496
502.229	98.1261
500.848	98.0381
499.476	97.9779
498.111	97.9335
496.753	97.897
495.402	97.8672
494.059	97.8466
492.724	97.8347
491.395	97.8275
490.074	97.8196
488.759	97.8098
487.452	97.8011
486.152	97.7971
484.858	97.7969
483.572	97.7957
482.292	97.7898
481.019	97.7816
479.753	97.7773
478.493	97.7788
477.24	97.7805
475.994	97.7758
474.754	97.7662
473.52	97.7604
472.293	97.7634
471.072	97.7686
469.858	97.7658
468.649	97.755
467.447	97.7483
466.251	97.7542
465.062	97.765
463.878	97.7663
462.7	97.7569
461.528	97.7537
460.362	97.7695
459.202	97.7924
458.048	97.7973
456.9	97.7793
455.757	97.7665
454.62	97.79
453.489	97.8426
452.363	97.8815
451.243	97.8751
450.129	97.841
449.02	97.8248
447.916	97.8443
446.818	97.8666
445.725	97.8499
444.638	97.7979
443.556	97.7584
442.479	97.7655
441.407	97.7986
440.34	97.8097
439.279	97.7848
438.223	97.7599
437.171	97.7722
436.125	97.8093
435.084	97.8251
434.048	97.8004
433.017	97.7696
431.99	97.7759
430.969	97.8134
429.952	97.8329
428.94	97.805
427.933	97.7596
426.93	97.7481
425.932	97.777
424.939	97.7987
423.951	97.7731
422.967	97.7202
421.987	97.6943
421.012	97.7147
420.042	97.7407
419.076	97.7252
418.115	97.6762
417.158	97.6457
416.205	97.6618
415.257	97.6925
414.313	97.6882
413.373	97.647
412.437	97.6163
411.506	97.6301
410.579	97.6642
409.656	97.6691
408.737	97.6352
407.823	97.6051
406.912	97.6166
406.005	97.6527
405.103	97.6645
404.204	97.6363
403.31	97.6061
402.419	97.6145
401.533	97.6509
400.65	97.6679
399.771	97.6442
398.896	97.6129
398.025	97.617
397.157	97.6523
396.294	97.673
395.434	97.653
394.578	97.6202
393.725	97.6192
392.877	97.652
392.031	97.6754
391.19	97.6589
390.352	97.6249
389.518	97.6187
388.687	97.6481
387.86	97.6733
387.036	97.6603
386.216	97.6257
385.399	97.6142
384.586	97.639
383.776	97.6642
382.969	97.6532
382.166	97.6168
381.367	97.598
380.57	97.6141
379.777	97.6337
378.987	97.6183
378.201	97.573
377.418	97.5382
376.638	97.5342
375.861	97.5339
375.087	97.4984
374.317	97.4283
373.55	97.3618
372.785	97.3224
372.024	97.2883
371.267	97.2231
370.512	97.1263
369.76	97.0356
369.011	96.978
368.266	96.9363
367.523	96.8753
366.783	96.792
366.047	96.7206
365.313	96.6874
364.582	96.6754
363.854	96.6477
363.129	96.5972
362.407	96.5556
361.688	96.5489
360.971	96.5617
360.258	96.5571
359.547	96.5262
358.839	96.4995
358.134	96.5045
357.432	96.5279
356.732	96.5331
356.035	96.5101
355.341	96.4887
354.649	96.4975
353.96	96.5244
353.274	96.5332
352.591	96.5131
351.91	96.4938
351.232	96.5041
350.556	96.5318
349.883	96.5408
349.213	96.5216
348.545	96.505
347.879	96.5185
347.217	96.5456
346.556	96.5482
345.899	96.5225
345.243	96.5098
344.591	96.5404
343.94	96.5863
343.292	96.5926
342.647	96.5535
342.004	96.5293
341.363	96.5707
340.725	96.6438
340.089	96.6602
339.456	96.5861
338.825	96.4952
338.196	96.4888
337.569	96.5757
336.945	96.659
336.324	96.6523
335.704	96.5819
335.087	96.5491
334.472	96.6006
333.859	96.6715
333.249	96.6728
332.64	96.6082
332.034	96.569
331.43	96.6136
330.829	96.6886
330.229	96.6968
329.632	96.6243
329.037	96.5614
328.444	96.5888
327.853	96.6725
327.264	96.7067
326.678	96.649
326.093	96.5752
325.511	96.5832
324.93	96.6677
324.352	96.7279
323.776	96.6968
323.201	96.6257
322.629	96.6168
322.059	96.6908
321.491	96.7618
320.925	96.7494
320.361	96.6819
319.799	96.6576
319.238	96.7169
318.68	96.7908
318.124	96.792
317.57	96.7279
317.017	96.6901
316.467	96.7343
315.918	96.8086
315.371	96.8221
314.826	96.7635
314.284	96.7146
313.743	96.7437
313.203	96.8168
312.666	96.8434
312.13	96.7939
311.597	96.7377
311.065	96.7519
310.535	96.8222
310.007	96.8621
309.48	96.8258
308.956	96.7664
308.433	96.7663
307.912	96.8309
307.392	96.8829
306.875	96.8623
306.359	96.803
305.845	96.7878
305.332	96.8426
304.821	96.9049
304.312	96.9043
303.805	96.85
303.3	96.8157
302.796	96.8456
302.293	96.9038
301.793	96.9253
301.294	96.8978
300.797	96.8706
300.301	96.8866
299.807	96.9291
299.314	96.9511
298.824	96.9381
298.335	96.923
297.847	96.9368
297.361	96.967
296.877	96.9785
296.394	96.9633
295.912	96.9493
295.433	96.9589
294.955	96.9766
294.478	96.9727
294.003	96.948
293.529	96.9356
293.057	96.956
292.587	96.9865
292.118	96.9903
291.65	96.967
291.184	96.9547
290.72	96.9796
290.257	97.0196
289.795	97.0317
289.335	97.0099
288.877	96.9943
288.419	97.0185
287.964	97.0636
287.509	97.0816
287.057	97.0588
286.605	97.0349
286.155	97.0523
285.706	97.0994
285.259	97.1248
284.813	97.1039
284.369	97.0725
283.926	97.0808
283.484	97.1279
283.044	97.1626
282.605	97.1494
282.168	97.1153
281.731	97.1151
281.297	97.1602
280.863	97.2033
280.431	97.199
280	97.1624
