1200	2.60136
1192.15	2.56831
1184.4	2.53528
1176.75	2.50161
1169.21	2.46759
1161.75	2.4341
1154.39	2.40133
1147.13	2.36853
1139.95	2.33511
1132.86	2.30148
1125.87	2.26844
1118.95	2.23608
1112.13	2.20366
1105.38	2.17068
1098.72	2.13759
1092.13	2.10515
1085.63	2.07337
1079.2	2.04151
1072.84	2.00913
1066.56	1.97674
1060.36	1.94506
1054.23	1.91401
1048.16	1.88286
1042.17	1.85125
1036.24	1.81972
1030.38	1.78895
1024.59	1.75878
1018.86	1.72848
1013.2	1.69779
1007.6	1.66727
1002.06	1.63753
996.576	1.60837
991.156	1.57907
985.795	1.54943
980.491	1.52003
975.244	1.49145
970.053	1.46341
964.917	1.43523
959.835	1.40673
954.806	1.37856
949.83	1.35122
944.905	1.3244
940.031	1.29741
935.207	1.27015
930.433	1.24328
925.707	1.21725
921.028	1.19171
916.397	1.16598
911.812	1.14
907.273	1.11446
902.778	1.08979
898.328	1.06557
893.922	1.04113
889.559	1.01646
885.238	0.99227
880.958	0.968967
876.72	0.946084
872.523	0.922927
868.365	0.899551
864.247	0.876699
860.168	0.854761
856.127	0.83321
852.124	0.811319
848.159	0.789192
844.23	0.767641
840.337	0.747057
836.48	0.726828
832.658	0.706164
828.871	0.685221
825.118	0.66493
821.399	0.645706
817.714	0.626809
814.061	0.607322
810.441	0.587468
806.853	0.568396
803.296	0.550594
799.771	0.533079
796.277	0.514649
792.813	0.495638
789.379	0.477682
785.974	0.461458
782.599	0.445351
779.253	0.427293
775.935	0.408133
772.645	0.392315
769.383	0.384185
766.149	0.383265
762.941	0.383619
759.761	0.378439
756.606	0.365532
753.478	0.348419
750.376	0.332397
747.299	0.319923
744.247	0.309693
741.22	0.299402
738.218	0.288505
735.239	0.27816
732.285	0.269234
729.354	0.261167
726.447	0.25285
723.563	0.244035
720.702	0.235432
717.863	0.227577
715.046	0.220118
712.251	0.212357
709.479	0.2042
706.727	0.196212
703.997	0.188818
701.288	0.181779
698.6	0.174603
695.932	0.167264
693.285	0.160232
690.657	0.15383
688.05	0.147836
685.462	0.141839
682.893	0.135824
680.344	0.130176
677.814	0.125134
675.302	0.120458
672.809	0.115771
670.334	0.111057
667.878	0.10665
665.439	0.102724
663.018	0.0990183
660.615	0.0951622
658.229	0.0911415
655.86	0.0872569
653.508	0.0836373
651.173	0.0799889
648.854	0.0759285
646.553	0.071434
644.267	0.0667837
641.997	0.0620625
639.744	0.0569217
637.506	0.0509303
635.283	0.0440337
633.077	0.0364746
630.885	0.0282663
628.709	0.0189434
626.547	0.00794801
624.4	-0.00487441
622.268	-0.0193781
620.151	-0.0357156
618.048	-0.0546134
615.959	-0.0769078
613.884	-0.102949
611.823	-0.132723
609.776	-0.166557
607.742	-0.205366
605.723	-0.249858
603.716	-0.299469
601.723	-0.352133
599.742	-0.404658
597.775	-0.452047
595.821	-0.485068
593.879	-0.488271
591.95	-0.442299
590.034	-0.331839
588.13	-0.155349
586.238	0.0703916
584.358	0.315156
582.49	0.547086
580.634	0.744028
578.79	0.898012
576.958	1.01215
575.137	1.0943
573.328	1.15231
571.53	1.1925
569.743	1.22
567.967	1.23909
566.203	1.25302
564.449	1.26387
562.706	1.27286
560.974	1.2807
559.253	1.28783
557.542	1.29455
555.841	1.30117
554.151	1.30795
552.471	1.31499
550.802	1.32209
549.142	1.32904
547.492	1.33597
545.852	1.34327
544.222	1.35109
542.602	1.35898
540.991	1.36647
539.39	1.37374
537.798	1.3815
536.216	1.38999
534.643	1.39846
533.079	1.40606
531.524	1.41312
529.979	1.42101
528.442	1.43014
526.914	1.43862
525.395	1.44364
523.885	1.44462
522.383	1.44463
520.89	1.44781
519.405	1.45546
517.929	1.46503
516.461	1.4731
515.002	1.47905
513.551	1.4852
512.108	1.4939
510.673	1.50504
509.246	1.51693
507.827	1.52879
506.415	1.54136
505.012	1.55535
503.616	1.57009
502.229	1.5845
500.848	1.59877
499.476	1.61414
498.111	1.63099
496.753	1.64805
495.402	1.6641
494.059	1.67988
492.724	1.69718
491.395	1.71609
490.074	1.73441
488.759	1.75057
487.452	1.76629
486.152	1.78464
484.858	1.80482
483.572	1.82045
482.292	1.82506
481.019	1.81998
479.753	1.81547
478.493	1.82275
477.24	1.84438
475.994	1.87264
474.754	1.89727
473.52	1.91402
472.293	1.926
471.072	1.93819
469.858	1.95228
468.649	1.9668
467.447	1.98064
466.251	1.99473
465.062	2.01046
463.878	2.02768
462.7	2.04508
461.528	2.06183
460.362	2.07809
459.202	2.09408
458.048	2.10941
456.9	2.12397
455.757	2.13877
454.62	2.15507
453.489	2.17276
452.363	2.19005
451.243	2.20538
450.129	2.21932
449.02	2.23413
447.916	2.25163
446.818	2.27179
445.725	2.29338
444.638	2.31549
443.556	2.338
442.479	2.36088
441.407	2.38361
440.34	2.4056
439.279	2.42676
438.223	2.44741
437.171	2.46769
436.125	2.48734
435.084	2.50612
434.048	2.52414
433.017	2.54163
431.99	2.55854
430.969	2.57464
429.952	2.58996
428.94	2.60476
427.933	2.61914
426.93	2.63288
425.932	2.64581
424.939	2.65816
423.951	2.6703
422.967	2.68216
421.987	2.69336
421.012	2.70376
420.042	2.71382
419.076	2.72394
418.115	2.73391
417.158	2.74316
416.205	2.75164
415.257	2.76
414.313	2.76871
413.373	2.77737
412.437	2.78523
411.506	2.79235
410.579	2.79963
409.656	2.80759
408.737	2.81559
407.823	2.82273
406.912	2.82923
406.005	2.83628
405.103	2.84448
404.204	2.85293
403.31	2.86058
402.419	2.86789
401.533	2.8765
400.65	2.88711
399.771	2.89854
398.896	2.9095
398.025	2.92077
397.157	2.93453
396.294	2.95157
395.434	2.97028
394.578	2.98929
393.725	3.01062
392.877	3.03895
392.031	3.07777
391.19	3.12701
390.352	3.18527
389.518	3.25286
388.687	3.33089
387.86	3.41707
387.036	3.50428
386.216	3.58475
385.399	3.65562
384.586	3.71905
383.776	3.77716
382.969	3.82866
382.166	3.8713
381.367	3.90598
380.57	3.93595
379.777	3.96181
378.987	3.98014
378.201	3.98883
377.418	3.99206
376.638	3.99663
375.861	4.00307
375.087	4.00387
374.317	3.99359
373.55	3.97851
372.785	3.97066
372.024	3.96977
371.267	3.95582
370.512	3.90693
369.76	3.8279
369.011	3.7566
368.266	3.73563
367.523	3.77413
366.783	3.83864
366.047	3.88282
365.313	3.88595
364.582	3.86283
363.854	3.84004
363.129	3.82802
362.407	3.81731
361.688	3.7966
360.971	3.76748
360.258	3.74009
359.547	3.71923
358.839	3.69972
358.134	3.67515
357.432	3.64676
356.732	3.62132
356.035	3.60231
355.341	3.58651
354.649	3.56975
353.96	3.55299
353.274	3.54082
352.591	3.53514
351.91	3.53288
351.232	3.53011
350.556	3.52662
349.883	3.52491
349.213	3.52586
348.545	3.52719
347.879	3.52623
347.217	3.5226
346.556	3.51721
345.899	3.50998
345.243	3.50025
344.591	3.48905
343.94	3.47917
343.292	3.47169
342.647	3.46354
342.004	3.45014
341.363	3.43057
340.725	3.40894
340.089	3.38983
339.456	3.37354
338.825	3.35675
338.196	3.33754
337.569	3.31798
336.945	3.3012
336.324	3.28704
335.704	3.27222
335.087	3.25463
334.472	3.23581
333.859	3.21854
333.249	3.20293
332.64	3.18639
332.034	3.1673
331.43	3.14726
330.829	3.12891
330.229	3.11238
329.632	3.0953
329.037	3.07617
328.444	3.05646
327.853	3.03857
327.264	3.02255
326.678	3.00606
326.093	2.98764
325.511	2.96869
324.93	2.95147
324.352	2.93606
323.776	2.92028
323.201	2.90286
322.629	2.88537
322.059	2.87033
321.491	2.85825
320.925	2.84753
320.361	2.83754
319.799	2.83038
319.238	2.82902
318.68	2.83409
318.124	2.84375
317.57	2.85646
317.017	2.87278
316.467	2.89349
315.918	2.91656
315.371	2.9376
314.826	2.95368
314.284	2.96587
313.743	2.97695
313.203	2.9867
312.666	2.99065
312.13	2.98435
311.597	2.96856
311.065	2.94962
310.535	2.93422
310.007	2.92405
309.48	2.91514
308.956	2.90208
308.433	2.88243
307.912	2.85782
307.392	2.83175
306.875	2.80681
306.359	2.78344
305.845	2.76046
305.332	2.7365
304.821	2.71114
304.312	2.68515
303.805	2.65974
303.3	2.63543
302.796	2.61178
302.293	2.58824
301.793	2.56508
301.294	2.54315
300.797	2.52279
300.301	2.50323
299.807	2.48335
299.314	2.46302
298.824	2.44309
298.335	2.42428
297.847	2.4062
297.361	2.38793
296.877	2.3693
296.394	2.3513
295.912	2.33516
295.433	2.32143
294.955	2.31013
294.478	2.30154
294.003	2.29635
293.529	2.29525
293.057	2.29859
292.587	2.30678
292.118	2.32039
291.65	2.3391
291.184	2.36049
290.72	2.38057
290.257	2.39628
289.795	2.40745
289.335	2.41621
288.877	2.4243
288.419	2.43164
287.964	2.43753
287.509	2.44266
287.057	2.44912
286.605	2.45832
286.155	2.46961
285.706	2.48157
285.259	2.49431
284.813	2.50968
284.369	2.52903
283.926	2.5515
283.484	2.57518
283.044	2.59968
282.605	2.62667
282.168	2.65752
281.731	2.69115
281.297	2.72496
280.863	2.75778
280.431	2.79092
280	2.82583
