1200	1.56186
1192.15	1.54061
1184.4	1.51905
1176.75	1.49725
1169.21	1.47571
1161.75	1.45464
1154.39	1.43367
1147.13	1.41239
1139.95	1.39093
1132.86	1.36978
1125.87	1.34909
1118.95	1.32846
1112.13	1.30754
1105.38	1.2865
1098.72	1.26582
1092.13	1.24558
1085.63	1.22536
1079.2	1.20487
1072.84	1.18433
1066.56	1.16418
1060.36	1.14445
1054.23	1.12471
1048.16	1.10473
1042.17	1.08476
1036.24	1.0652
1030.38	1.04603
1024.59	1.02684
1018.86	1.00743
1013.2	0.988086
1007.6	0.969175
1002.06	0.950623
996.576	0.932029
991.156	0.913242
985.795	0.894573
980.491	0.876348
975.244	0.858452
970.053	0.840496
964.917	0.82238
959.835	0.804425
954.806	0.786919
949.83	0.769709
944.905	0.752426
940.031	0.735014
935.207	0.717803
930.433	0.70104
925.707	0.684539
921.028	0.667958
916.397	0.651279
911.812	0.634835
907.273	0.618832
902.778	0.603062
898.328	0.587205
893.922	0.571285
889.559	0.55563
885.238	0.540406
880.958	0.525387
876.72	0.510281
872.523	0.495147
868.365	0.480303
864.247	0.465881
860.168	0.45164
856.127	0.437318
852.124	0.423003
848.159	0.409003
844.23	0.395413
840.337	0.381987
836.48	0.368492
832.658	0.355041
828.871	0.341929
825.118	0.329218
821.399	0.316658
817.714	0.304048
814.061	0.291522
810.441	0.279356
806.853	0.267585
803.296	0.255961
799.771	0.244312
796.277	0.232787
792.813	0.221644
789.379	0.210894
785.974	0.200293
782.599	0.189698
779.253	0.179269
775.935	0.169245
772.645	0.159612
769.383	0.150139
766.149	0.140709
762.941	0.131489
759.761	0.122693
756.606	0.114291
753.478	0.106066
750.376	0.0979259
747.299	0.0900379
744.247	0.0825924
741.22	0.0755466
738.218	0.0687002
735.239	0.0619859
732.285	0.0555645
729.354	0.0496001
726.447	0.0440415
723.563	0.0387113
720.702	0.0335644
717.863	0.0287492
715.046	0.0243997
712.251	0.0204607
709.479	0.0167858
706.727	0.0133516
703.997	0.0102854
701.288	0.00768358
698.6	0.00549251
695.932	0.0036103
693.285	0.00204028
690.657	0.00087355
688.05	0.000150899
685.462	-0.000172341
682.893	-0.000119256
680.344	0.000360618
677.814	0.00129041
675.302	0.00260065
672.809	0.00427324
670.334	0.00650012
667.878	0.00949983
665.439	0.0130548
663.018	0.0163597
660.615	0.0185996
658.229	0.019821
655.86	0.0211294
653.508	0.023837
651.173	0.0283387
648.854	0.0338688
646.553	0.0393624
644.267	0.0444581
641.997	0.0496064
639.744	0.055329
637.506	0.0615927
635.283	0.0679736
633.077	0.074263
630.885	0.0807036
628.709	0.0876301
626.547	0.0950531
624.4	0.102697
622.268	0.110337
620.151	0.117929
618.048	0.12544
615.959	0.132757
613.884	0.139914
611.823	0.147272
609.776	0.155253
607.742	0.163803
605.723	0.172299
603.716	0.180158
601.723	0.187509
599.742	0.195118
597.775	0.203618
595.821	0.212951
593.879	0.222674
591.95	0.232677
590.034	0.243344
588.13	0.254974
586.238	0.267277
584.358	0.279667
582.49	0.291975
580.634	0.30461
578.79	0.317931
576.958	0.331687
575.137	0.345308
573.328	0.358667
571.53	0.372252
569.743	0.386476
567.967	0.401066
566.203	0.415405
564.449	0.429386
562.706	0.443586
560.974	0.458469
559.253	0.473713
557.542	0.488623
555.841	0.503121
554.151	0.517901
552.471	0.533488
550.802	0.549471
549.142	0.565045
547.492	0.580162
545.852	0.595675
544.222	0.612168
542.602	0.629087
540.991	0.645457
539.39	0.661277
537.798	0.677612
536.216	0.695111
534.643	0.712998
533.079	0.730054
531.524	0.746358
529.979	0.763291
528.442	0.781589
526.914	0.800117
525.395	0.81728
523.885	0.833314
522.383	0.85015
520.89	0.868658
519.405	0.887028
517.929	0.902941
516.461	0.917004
515.002	0.932396
513.551	0.950166
512.108	0.965839
510.673	0.97259
509.246	0.968561
507.827	0.960107
506.415	0.9566
505.012	0.961979
503.616	0.971997
502.229	0.979513
500.848	0.981261
499.476	0.978918
498.111	0.974939
496.753	0.96942
495.402	0.961376
494.059	0.951285
492.724	0.940775
491.395	0.930436
490.074	0.920013
488.759	0.911591
487.452	0.911335
486.152	0.926825
484.858	0.963296
483.572	1.02384
482.292	1.1122
481.019	1.23134
479.753	1.37568
478.493	1.52607
477.24	1.65754
475.994	1.75711
474.754	1.83436
473.52	1.91201
472.293	2.00382
471.072	2.10169
469.858	2.18484
468.649	2.24052
467.447	2.27418
466.251	2.30041
465.062	2.32725
463.878	2.35147
462.7	2.36746
461.528	2.3765
460.362	2.38529
459.202	2.39756
458.048	2.4105
456.9	2.41991
455.757	2.42642
454.62	2.4345
453.489	2.44648
452.363	2.45987
451.243	2.47128
450.129	2.48113
449.02	2.49279
447.916	2.50772
446.818	2.5235
445.725	2.53713
444.638	2.54888
443.556	2.56148
442.479	2.57598
441.407	2.59022
440.34	2.60171
439.279	2.61091
438.223	2.62032
437.171	2.63091
436.125	2.64082
435.084	2.64804
434.048	2.65317
433.017	2.65853
431.99	2.66497
430.969	2.67083
429.952	2.6744
428.94	2.67634
427.933	2.67873
426.93	2.68224
425.932	2.6853
424.939	2.68643
423.951	2.68628
422.967	2.68672
421.987	2.68828
421.012	2.68945
420.042	2.68891
419.076	2.68729
418.115	2.68634
417.158	2.68654
416.205	2.68653
415.257	2.68499
414.313	2.68217
413.373	2.67908
412.437	2.67567
411.506	2.67074
410.579	2.66377
409.656	2.65605
408.737	2.6495
407.823	2.64455
406.912	2.64007
406.005	2.63507
405.103	2.62997
404.204	2.62565
403.31	2.62188
402.419	2.61744
401.533	2.61163
400.65	2.60518
399.771	2.5991
398.896	2.59324
398.025	2.58648
397.157	2.57836
396.294	2.56969
395.434	2.5614
394.578	2.55325
393.725	2.5442
392.877	2.53392
392.031	2.52324
391.19	2.513
390.352	2.50288
389.518	2.49191
388.687	2.47989
387.86	2.4677
387.036	2.45604
386.216	2.44446
385.399	2.43207
384.586	2.41885
383.776	2.40572
382.969	2.39318
382.166	2.38058
381.367	2.36712
380.57	2.35316
379.777	2.33985
378.987	2.3273
378.201	2.31391
377.418	2.29812
376.638	2.2805
375.861	2.26351
375.087	2.24892
374.317	2.23599
373.55	2.22253
372.785	2.20739
372.024	2.19143
371.267	2.17596
370.512	2.16109
369.76	2.14593
369.011	2.13015
368.266	2.11443
367.523	2.09946
366.783	2.08488
366.047	2.06982
365.313	2.05413
364.582	2.03862
363.854	2.02385
363.129	2.0094
362.407	1.99454
361.688	1.97933
360.971	1.9646
360.258	1.95076
359.547	1.93719
358.839	1.92317
358.134	1.90886
357.432	1.89508
356.732	1.8821
356.035	1.86918
355.341	1.8556
354.649	1.84165
353.96	1.82817
353.274	1.81526
352.591	1.80197
351.91	1.78758
351.232	1.77252
350.556	1.75773
349.883	1.7433
349.213	1.72836
348.545	1.71253
347.879	1.69679
347.217	1.68252
346.556	1.6698
345.899	1.65742
345.243	1.6447
344.591	1.63249
343.94	1.62197
343.292	1.61284
342.647	1.60351
342.004	1.59326
341.363	1.58332
340.725	1.57526
340.089	1.5687
339.456	1.5617
338.825	1.55351
338.196	1.54594
337.569	1.54112
336.945	1.53849
336.324	1.53536
335.704	1.53072
335.087	1.52733
334.472	1.52853
333.859	1.53362
333.249	1.53821
332.64	1.54055
332.034	1.54611
331.43	1.56353
330.829	1.59461
330.229	1.62942
329.632	1.65345
329.037	1.66073
328.444	1.65965
327.853	1.66547
327.264	1.68718
326.678	1.7216
326.093	1.7592
325.511	1.79373
324.93	1.8258
324.352	1.85861
323.776	1.89247
323.201	1.92439
322.629	1.95173
322.059	1.97465
321.491	1.99471
320.925	2.01231
320.361	2.0263
319.799	2.03584
319.238	2.04171
318.68	2.04543
318.124	2.04772
317.57	2.0484
317.017	2.04738
316.467	2.04536
315.918	2.04317
315.371	2.04099
314.826	2.03853
314.284	2.03579
313.743	2.0332
313.203	2.03108
312.666	2.02925
312.13	2.02747
311.597	2.02589
311.065	2.02488
310.535	2.02443
310.007	2.02427
309.48	2.02445
308.956	2.02556
308.433	2.02772
307.912	2.02992
307.392	2.03093
306.875	2.0311
306.359	2.03265
305.845	2.03726
305.332	2.0434
304.821	2.04695
304.312	2.04524
303.805	2.04052
303.3	2.03867
302.796	2.04388
302.293	2.05467
301.793	2.06523
301.294	2.07078
300.797	2.07138
300.301	2.07061
299.807	2.07137
299.314	2.07348
298.824	2.07535
298.335	2.07707
297.847	2.08105
297.361	2.08971
296.877	2.10282
296.394	2.1176
295.912	2.13127
295.433	2.14321
294.955	2.15498
294.478	2.16847
294.003	2.18431
293.529	2.20166
293.057	2.21907
292.587	2.2354
292.118	2.25025
291.65	2.2639
291.184	2.27691
290.72	2.28971
290.257	2.30224
289.795	2.31414
289.335	2.32526
288.877	2.33589
288.419	2.34641
287.964	2.35678
287.509	2.36648
287.057	2.37509
286.605	2.38281
286.155	2.39023
285.706	2.3977
285.259	2.40497
284.813	2.41168
284.369	2.41789
283.926	2.42411
283.484	2.43064
283.044	2.43715
282.605	2.44309
282.168	2.44841
281.731	2.4536
281.297	2.45908
280.863	2.4646
280.431	2.4695
280	2.4735
