1200	98.2757
1192.15	98.3024
1184.4	98.3275
1176.75	98.3466
1169.21	98.3639
1161.75	98.3858
1154.39	98.4124
1147.13	98.437
1139.95	98.4556
1132.86	98.4727
1125.87	98.4947
1118.95	98.521
1112.13	98.545
1105.38	98.5632
1098.72	98.58
1092.13	98.6019
1085.63	98.6279
1079.2	98.6513
1072.84	98.6688
1066.56	98.6854
1060.36	98.7071
1054.23	98.7327
1048.16	98.7554
1042.17	98.7723
1036.24	98.7885
1030.38	98.8099
1024.59	98.8351
1018.86	98.8571
1013.2	98.8732
1007.6	98.8889
1002.06	98.9101
996.576	98.9348
991.156	98.9559
985.795	98.9711
980.491	98.9863
975.244	99.0072
970.053	99.0313
964.917	99.0515
959.835	99.0659
954.806	99.0805
949.83	99.1009
944.905	99.1245
940.031	99.1437
935.207	99.1572
930.433	99.1711
925.707	99.1911
921.028	99.214
916.397	99.2323
911.812	99.2447
907.273	99.258
902.778	99.2775
898.328	99.2997
893.922	99.3169
889.559	99.3282
885.238	99.3408
880.958	99.3598
876.72	99.3813
872.523	99.3975
868.365	99.4076
864.247	99.4193
860.168	99.4379
856.127	99.4587
852.124	99.4736
848.159	99.4825
844.23	99.4934
840.337	99.5114
836.48	99.5315
832.658	99.5452
828.871	99.5526
825.118	99.5626
821.399	99.5801
817.714	99.5994
814.061	99.6118
810.441	99.6177
806.853	99.6266
803.296	99.6436
799.771	99.6622
796.277	99.673
792.813	99.6772
789.379	99.6849
785.974	99.7015
782.599	99.7194
779.253	99.7286
775.935	99.7307
772.645	99.7372
769.383	99.7534
766.149	99.7706
762.941	99.7779
759.761	99.7777
756.606	99.7828
753.478	99.7988
750.376	99.8154
747.299	99.8205
744.247	99.8173
741.22	99.821
738.218	99.8372
735.239	99.8535
732.285	99.8555
729.354	99.8484
726.447	99.8507
723.563	99.8687
720.702	99.8853
717.863	99.8826
715.046	99.8684
712.251	99.8695
709.479	99.8952
706.727	99.9191
703.997	99.9087
701.288	99.8681
698.6	99.8403
695.932	99.8585
693.285	99.9058
690.657	99.9325
688.05	99.9142
685.462	99.8792
682.893	99.872
680.344	99.8991
677.814	99.923
675.302	99.9122
672.809	99.8806
670.334	99.8684
667.878	99.8893
665.439	99.9135
663.018	99.907
660.615	99.8758
658.229	99.8575
655.86	99.8722
653.508	99.8967
651.173	99.8952
648.854	99.8658
646.553	99.842
644.267	99.849
641.997	99.8712
639.744	99.8734
637.506	99.8468
635.283	99.8194
633.077	99.8191
630.885	99.8373
628.709	99.8415
626.547	99.8177
624.4	99.7884
622.268	99.7821
620.151	99.7962
618.048	99.8013
615.959	99.7801
613.884	99.7499
611.823	99.739
609.776	99.7493
607.742	99.755
605.723	99.7364
603.716	99.7062
601.723	99.6916
599.742	99.6987
597.775	99.7049
595.821	99.6892
593.879	99.6596
591.95	99.6424
590.034	99.6468
588.13	99.6538
586.238	99.6414
584.358	99.6137
582.49	99.5952
580.634	99.5982
578.79	99.6069
576.958	99.5988
575.137	99.5749
573.328	99.5582
571.53	99.5634
569.743	99.5777
567.967	99.578
566.203	99.5613
564.449	99.5484
562.706	99.5561
560.974	99.5749
559.253	99.5816
557.542	99.5699
555.841	99.559
554.151	99.5683
552.471	99.5921
550.802	99.6078
549.142	99.6064
547.492	99.6053
545.852	99.626
544.222	99.666
542.602	99.7024
540.991	99.7228
539.39	99.7429
537.798	99.787
536.216	99.8554
534.643	99.9222
533.079	99.967
531.524	99.9988
529.979	100.04
528.442	100.089
526.914	100.103
525.395	100.038
523.885	99.8833
522.383	99.6691
520.89	99.4329
519.405	99.1901
517.929	98.9414
516.461	98.7004
515.002	98.4977
513.551	98.355
512.108	98.2614
510.673	98.1856
509.246	98.1101
507.827	98.0457
506.415	98.0102
505.012	97.999
503.616	97.9877
502.229	97.9606
500.848	97.9291
499.476	97.9148
498.111	97.9196
496.753	97.9228
495.402	97.9074
494.059	97.8824
492.724	97.8702
491.395	97.8772
490.074	97.8849
488.759	97.8746
487.452	97.8519
486.152	97.8394
484.858	97.8465
483.572	97.857
482.292	97.8507
481.019	97.8309
479.753	97.8202
478.493	97.8306
477.24	97.8467
475.994	97.8456
474.754	97.8267
473.52	97.8126
472.293	97.819
471.072	97.8333
469.858	97.8314
468.649	97.81
467.447	97.7918
466.251	97.7951
465.062	97.8086
463.878	97.8058
462.7	97.7811
461.528	97.7589
460.362	97.7619
459.202	97.7796
458.048	97.7807
456.9	97.755
455.757	97.7285
454.62	97.7311
453.489	97.7553
452.363	97.7643
451.243	97.7392
450.129	97.7065
449.02	97.7053
447.916	97.7351
446.818	97.7535
445.725	97.7309
444.638	97.6928
443.556	97.6924
442.479	97.7429
441.407	97.7957
440.34	97.7956
439.279	97.7478
438.223	97.7118
437.171	97.7278
436.125	97.7665
435.084	97.7659
434.048	97.7099
433.017	97.6496
431.99	97.6415
430.969	97.6792
429.952	97.7049
428.94	97.6837
427.933	97.6457
426.93	97.6439
425.932	97.6836
424.939	97.7155
423.951	97.7004
422.967	97.6608
421.987	97.6513
421.012	97.6873
420.042	97.7236
419.076	97.7124
418.115	97.6647
417.158	97.6368
416.205	97.6579
415.257	97.6929
414.313	97.6879
413.373	97.6396
412.437	97.5989
411.506	97.6061
410.579	97.6397
409.656	97.6459
408.737	97.6081
407.823	97.5673
406.912	97.5679
406.005	97.6011
405.103	97.6175
404.204	97.5922
403.31	97.5558
402.419	97.5529
401.533	97.5837
400.65	97.6049
399.771	97.5866
398.896	97.5507
398.025	97.54
397.157	97.5609
396.294	97.5753
395.434	97.5505
394.578	97.5016
393.725	97.4696
392.877	97.4666
392.031	97.4599
391.19	97.4167
390.352	97.3487
389.518	97.2977
388.687	97.2818
387.86	97.2735
387.036	97.2382
386.216	97.1814
385.399	97.1424
384.586	97.1419
383.776	97.1549
382.969	97.1433
382.166	97.106
381.367	97.0793
380.57	97.0885
379.777	97.1134
378.987	97.1152
378.201	97.0875
377.418	97.0638
376.638	97.0733
375.861	97.1015
375.087	97.1102
374.317	97.0876
373.55	97.064
372.785	97.0712
372.024	97.1002
371.267	97.1136
370.512	97.0954
369.76	97.0722
369.011	97.0773
368.266	97.1066
367.523	97.1242
366.783	97.1106
366.047	97.0884
365.313	97.0921
364.582	97.1219
363.854	97.1435
363.129	97.1342
362.407	97.1134
361.688	97.1163
360.971	97.1467
360.258	97.1719
359.547	97.1662
358.839	97.1461
358.134	97.1478
357.432	97.1786
356.732	97.2062
356.035	97.2022
355.341	97.1802
354.649	97.1785
353.96	97.2083
353.274	97.2366
352.591	97.2289
351.91	97.1943
351.232	97.1749
350.556	97.1914
349.883	97.2157
349.213	97.2071
348.545	97.1632
347.879	97.1198
347.217	97.1017
346.556	97.0901
345.899	97.0509
345.243	96.9831
344.591	96.9215
343.94	96.8885
343.292	96.8622
342.647	96.8049
342.004	96.7175
341.363	96.6439
340.725	96.6186
340.089	96.6218
339.456	96.6047
338.825	96.5518
338.196	96.5
337.569	96.4893
336.945	96.5096
336.324	96.5146
335.704	96.4836
335.087	96.4493
334.472	96.4528
333.859	96.4865
333.249	96.5023
332.64	96.4754
332.034	96.4391
331.43	96.4422
330.829	96.483
330.229	96.5095
329.632	96.4878
329.037	96.4487
328.444	96.4487
327.853	96.4946
327.264	96.5318
326.678	96.5158
326.093	96.4738
325.511	96.4725
324.93	96.5292
324.352	96.5813
323.776	96.5611
323.201	96.4836
322.629	96.4344
322.059	96.4688
321.491	96.5456
320.925	96.5786
320.361	96.5415
319.799	96.4944
319.238	96.5031
318.68	96.5553
318.124	96.5816
317.57	96.549
317.017	96.5047
316.467	96.5126
315.918	96.5681
315.371	96.6038
314.826	96.5774
314.284	96.5277
313.743	96.524
313.203	96.5756
312.666	96.6199
312.13	96.6049
311.597	96.5581
311.065	96.5505
310.535	96.6037
310.007	96.6613
309.48	96.6622
308.956	96.6203
308.433	96.6062
307.912	96.6543
307.392	96.7172
306.875	96.7273
306.359	96.6852
305.845	96.6587
305.332	96.6941
304.821	96.7551
304.312	96.77
303.805	96.7258
303.3	96.686
302.796	96.7083
302.293	96.7697
301.793	96.7957
301.294	96.7575
300.797	96.7101
300.301	96.7216
299.807	96.7851
299.314	96.8275
298.824	96.8033
298.335	96.7534
297.847	96.752
297.361	96.8113
296.877	96.8664
296.394	96.8579
295.912	96.8077
295.433	96.7893
294.955	96.8336
294.478	96.8911
294.003	96.8964
293.529	96.8511
293.057	96.82
292.587	96.8475
292.118	96.9032
291.65	96.924
291.184	96.8949
290.72	96.8652
290.257	96.8828
289.795	96.9338
289.335	96.9636
288.877	96.9488
288.419	96.9245
287.964	96.9364
287.509	96.9822
287.057	97.0167
286.605	97.0122
286.155	96.9915
285.706	96.9954
285.259	97.0296
284.813	97.0601
284.369	97.0607
283.926	97.0452
283.484	97.0468
283.044	97.0732
282.605	97.099
282.168	97.1021
281.731	97.092
281.297	97.095
280.863	97.1177
280.431	97.1397
280	97.143
