1200	88.0343
1192.15	88.0798
1184.4	88.1288
1176.75	88.1912
1169.21	88.269
1161.75	88.3547
1154.39	88.4361
1147.13	88.5035
1139.95	88.556
1132.86	88.6021
1125.87	88.6546
1118.95	88.7225
1112.13	88.8056
1105.38	88.8944
1098.72	88.9758
1092.13	89.0412
1085.63	89.0919
1079.2	89.1385
1072.84	89.1944
1066.56	89.2679
1060.36	89.3563
1054.23	89.4478
1048.16	89.5286
1042.17	89.5911
1036.24	89.6392
1030.38	89.6858
1024.59	89.7453
1018.86	89.8245
1013.2	89.9183
1007.6	90.0123
1002.06	90.0917
996.576	90.1503
991.156	90.1946
985.795	90.2406
980.491	90.3038
975.244	90.3899
970.053	90.4905
964.917	90.588
959.835	90.6657
954.806	90.7184
949.83	90.7564
944.905	90.8
940.031	90.8674
935.207	90.9637
930.433	91.0764
925.707	91.1811
921.028	91.255
916.397	91.2894
911.812	91.2949
907.273	91.2964
902.778	91.3191
898.328	91.3748
893.922	91.4558
889.559	91.5396
885.238	91.6025
880.958	91.6337
876.72	91.6417
872.523	91.65
868.365	91.683
864.247	91.7521
860.168	91.8485
856.127	91.9481
852.124	92.0248
848.159	92.0659
844.23	92.0792
840.337	92.0886
836.48	92.12
832.658	92.1865
828.871	92.2798
825.118	92.3752
821.399	92.4455
817.714	92.4774
814.061	92.4796
810.441	92.4788
806.853	92.505
803.296	92.5742
799.771	92.6794
796.277	92.7938
792.813	92.8856
789.379	92.9364
785.974	92.9514
782.599	92.9569
779.253	92.9851
775.935	93.0542
772.645	93.1566
769.383	93.2599
766.149	93.3233
762.941	93.3195
759.761	93.2514
756.606	93.1542
753.478	93.0813
750.376	93.0801
747.299	93.1702
744.247	93.3331
741.22	93.5195
738.218	93.6702
735.239	93.7396
732.285	93.7126
729.354	93.6075
726.447	93.4649
723.563	93.3299
720.702	93.2359
717.863	93.1959
715.046	93.2041
712.251	93.2451
709.479	93.3026
706.727	93.366
703.997	93.4315
701.288	93.4982
698.6	93.5657
695.932	93.6318
693.285	93.694
690.657	93.7517
688.05	93.8072
685.462	93.8651
682.893	93.9289
680.344	93.9991
677.814	94.0721
675.302	94.1424
672.809	94.2056
670.334	94.2615
667.878	94.314
665.439	94.3691
663.018	94.4311
660.615	94.5
658.229	94.5713
655.86	94.6389
653.508	94.6988
651.173	94.7512
648.854	94.8007
646.553	94.8533
644.267	94.9128
641.997	94.9788
639.744	95.0465
637.506	95.11
635.283	95.1656
633.077	95.2142
630.885	95.2604
628.709	95.3101
626.547	95.3667
624.4	95.4291
622.268	95.4925
620.151	95.5513
618.048	95.6023
615.959	95.6468
613.884	95.6896
611.823	95.736
609.776	95.7891
607.742	95.8474
605.723	95.9061
603.716	95.9599
601.723	96.0061
599.742	96.0463
597.775	96.0852
595.821	96.128
593.879	96.1771
591.95	96.2308
590.034	96.2843
588.13	96.3329
586.238	96.374
584.358	96.4096
582.49	96.4443
580.634	96.4828
578.79	96.5273
576.958	96.5759
575.137	96.624
573.328	96.6669
571.53	96.7028
569.743	96.7335
567.967	96.7634
566.203	96.797
564.449	96.8361
562.706	96.879
560.974	96.9211
559.253	96.9582
557.542	96.9885
555.841	97.0138
554.151	97.0383
552.471	97.066
550.802	97.0986
549.142	97.1344
547.492	97.1693
545.852	97.1992
544.222	97.2226
542.602	97.2408
540.991	97.2577
539.39	97.277
537.798	97.3006
536.216	97.3275
534.643	97.3551
533.079	97.3805
531.524	97.4031
529.979	97.4241
528.442	97.4463
526.914	97.4713
525.395	97.499
523.885	97.5267
522.383	97.551
520.89	97.5695
519.405	97.5828
517.929	97.594
516.461	97.607
515.002	97.6244
513.551	97.6459
512.108	97.668
510.673	97.6865
509.246	97.6981
507.827	97.7031
506.415	97.7051
505.012	97.7091
503.616	97.7186
502.229	97.7338
500.848	97.751
499.476	97.7647
498.111	97.7708
496.753	97.7685
495.402	97.7612
494.059	97.755
492.724	97.7548
491.395	97.762
490.074	97.7733
488.759	97.7824
487.452	97.7835
486.152	97.7742
484.858	97.7573
483.572	97.7394
482.292	97.7274
481.019	97.7247
479.753	97.7292
478.493	97.7338
477.24	97.7305
475.994	97.7141
474.754	97.6859
473.52	97.6532
472.293	97.6259
471.072	97.611
469.858	97.6086
468.649	97.6106
467.447	97.6043
466.251	97.5784
465.062	97.5293
463.878	97.4646
462.7	97.4008
461.528	97.3571
460.362	97.3466
459.202	97.3701
458.048	97.4148
456.9	97.4596
455.757	97.4839
454.62	97.4768
453.489	97.4422
452.363	97.3963
451.243	97.3602
450.129	97.3492
449.02	97.3658
447.916	97.3978
446.818	97.4249
445.725	97.4283
444.638	97.4006
443.556	97.3493
442.479	97.2939
441.407	97.2557
440.34	97.2476
439.279	97.2672
438.223	97.2983
437.171	97.3185
436.125	97.3109
435.084	97.2724
434.048	97.2153
433.017	97.1614
431.99	97.1302
430.969	97.1296
429.952	97.1515
428.94	97.1763
427.933	97.1832
426.93	97.1608
425.932	97.1133
424.939	97.0577
423.951	97.0152
422.967	96.9998
421.987	97.0111
421.012	97.0349
420.042	97.0504
419.076	97.0421
418.115	97.0071
417.158	96.9572
416.205	96.9117
415.257	96.8873
414.313	96.8888
413.373	96.9072
412.437	96.9242
411.506	96.9227
410.579	96.8959
409.656	96.8507
408.737	96.8041
407.823	96.7727
406.912	96.7646
406.005	96.7741
405.103	96.7858
404.204	96.783
403.31	96.7577
402.419	96.7148
401.533	96.6696
400.65	96.6388
399.771	96.6314
398.896	96.6431
398.025	96.6597
397.157	96.666
396.294	96.6562
395.434	96.6398
394.578	96.6373
393.725	96.6699
392.877	96.7454
392.031	96.8489
391.19	96.9444
390.352	96.9862
389.518	96.9369
388.687	96.7825
387.86	96.5391
387.036	96.2477
386.216	95.9587
385.399	95.7145
384.586	95.5368
383.776	95.4232
382.969	95.3547
382.166	95.3076
381.367	95.2652
380.57	95.2228
379.777	95.1858
378.987	95.1629
378.201	95.158
377.418	95.167
376.638	95.179
375.861	95.1817
375.087	95.1671
374.317	95.1348
373.55	95.0914
372.785	95.0464
372.024	95.009
371.267	94.9851
370.512	94.9781
369.76	94.9899
369.011	95.0221
368.266	95.074
367.523	95.1399
366.783	95.2058
366.047	95.2495
365.313	95.2453
364.582	95.1722
363.854	95.0224
363.129	94.807
362.407	94.5547
361.688	94.3042
360.971	94.0923
360.258	93.9424
359.547	93.8586
358.839	93.8261
358.134	93.8195
357.432	93.8127
356.732	93.7884
356.035	93.7427
355.341	93.6832
354.649	93.6232
353.96	93.5743
353.274	93.5414
352.591	93.5213
351.91	93.5055
351.232	93.4845
350.556	93.4527
349.883	93.4103
349.213	93.3624
348.545	93.3164
347.879	93.2782
347.217	93.2495
346.556	93.2279
345.899	93.2075
345.243	93.1826
344.591	93.1496
343.94	93.109
343.292	93.0648
342.647	93.0227
342.004	92.9873
341.363	92.9599
340.725	92.938
340.089	92.9164
339.456	92.8896
338.825	92.8546
338.196	92.8124
337.569	92.7677
336.945	92.7266
336.324	92.6934
335.704	92.6686
335.087	92.6481
334.472	92.6256
333.859	92.5954
333.249	92.5558
332.64	92.51
332.034	92.4645
331.43	92.426
330.829	92.3975
330.229	92.3768
329.632	92.3573
329.037	92.3315
328.444	92.2953
327.853	92.2499
327.264	92.2019
326.678	92.1593
326.093	92.1275
325.511	92.1061
324.93	92.089
324.352	92.0677
323.776	92.0359
323.201	91.9931
322.629	91.945
322.059	91.9005
321.491	91.8669
320.925	91.8455
320.361	91.8312
319.799	91.815
319.238	91.7889
318.68	91.7508
318.124	91.7054
317.57	91.6619
317.017	91.6288
316.467	91.609
315.918	91.5985
315.371	91.5879
314.826	91.5684
314.284	91.5365
313.743	91.4957
313.203	91.4553
312.666	91.4246
312.13	91.4077
311.597	91.4013
311.065	91.3961
310.535	91.3826
310.007	91.3561
309.48	91.3196
308.956	91.2821
308.433	91.2534
307.912	91.2386
307.392	91.2347
306.875	91.2324
306.359	91.2214
305.845	91.1963
305.332	91.1597
304.821	91.1205
304.312	91.0891
303.805	91.0708
303.3	91.0627
302.796	91.0556
302.293	91.039
301.793	91.0082
301.294	90.9672
300.797	90.927
300.301	90.8994
299.807	90.8897
299.314	90.8929
298.824	90.8949
298.335	90.8801
297.847	90.8389
297.361	90.7732
296.877	90.6956
296.394	90.6225
295.912	90.5656
295.433	90.5262
294.955	90.495
294.478	90.4592
294.003	90.41
293.529	90.3493
293.057	90.2891
292.587	90.2449
292.118	90.2266
291.65	90.2317
291.184	90.2463
290.72	90.2512
290.257	90.2329
289.795	90.1909
289.335	90.1385
288.877	90.0958
288.419	90.0784
287.964	90.089
287.509	90.1152
287.057	90.1366
286.605	90.1355
286.155	90.1075
285.706	90.0638
285.259	90.0255
284.813	90.0117
284.369	90.0288
283.926	90.0668
283.484	90.1045
283.044	90.1213
282.605	90.1086
282.168	90.0748
281.731	90.0406
281.297	90.0275
280.863	90.0458
280.431	90.0885
280	90.1355
