1200	97.8693
1192.15	97.8917
1184.4	97.916
1176.75	97.9433
1169.21	97.9703
1161.75	97.9942
1154.39	98.0165
1147.13	98.0408
1139.95	98.068
1132.86	98.0946
1125.87	98.118
1118.95	98.14
1112.13	98.1643
1105.38	98.1913
1098.72	98.2174
1092.13	98.2402
1085.63	98.2619
1079.2	98.2862
1072.84	98.3129
1066.56	98.3383
1060.36	98.3605
1054.23	98.382
1048.16	98.4061
1042.17	98.4324
1036.24	98.4571
1030.38	98.4787
1024.59	98.4998
1018.86	98.5237
1013.2	98.5495
1007.6	98.5735
1002.06	98.5943
996.576	98.615
991.156	98.6386
985.795	98.6639
980.491	98.687
975.244	98.7071
970.053	98.7273
964.917	98.7506
959.835	98.7752
954.806	98.7975
949.83	98.8167
944.905	98.8365
940.031	98.8594
935.207	98.8834
930.433	98.9047
925.707	98.9231
921.028	98.9423
916.397	98.9648
911.812	98.988
907.273	99.0083
902.778	99.0259
898.328	99.0447
893.922	99.0666
889.559	99.0891
885.238	99.1084
880.958	99.1251
876.72	99.1433
872.523	99.1647
868.365	99.1864
864.247	99.2046
860.168	99.2204
856.127	99.238
852.124	99.259
848.159	99.2797
844.23	99.2968
840.337	99.3117
836.48	99.3288
832.658	99.3492
828.871	99.369
825.118	99.3849
821.399	99.3987
817.714	99.4153
814.061	99.4351
810.441	99.4539
806.853	99.4685
803.296	99.4813
799.771	99.4972
796.277	99.5164
792.813	99.5341
789.379	99.5473
785.974	99.5589
782.599	99.5742
779.253	99.5927
775.935	99.6092
772.645	99.6208
769.383	99.6312
766.149	99.6458
762.941	99.6636
759.761	99.6787
756.606	99.6884
753.478	99.6975
750.376	99.7114
747.299	99.7284
744.247	99.7419
741.22	99.7496
738.218	99.7571
735.239	99.7703
732.285	99.7867
729.354	99.7983
726.447	99.8033
723.563	99.8091
720.702	99.8221
717.863	99.838
715.046	99.8469
712.251	99.8478
709.479	99.8514
706.727	99.8659
703.997	99.8836
701.288	99.8885
698.6	99.8775
695.932	99.8671
693.285	99.8755
690.657	99.8994
688.05	99.9168
685.462	99.9134
682.893	99.9003
680.344	99.8995
677.814	99.9159
675.302	99.9312
672.809	99.9274
670.334	99.9107
667.878	99.9039
665.439	99.9174
663.018	99.9361
660.615	99.9389
658.229	99.9252
655.86	99.9147
653.508	99.9217
651.173	99.937
648.854	99.9408
646.553	99.9291
644.267	99.9181
641.997	99.9225
639.744	99.9361
637.506	99.9406
635.283	99.9297
633.077	99.917
630.885	99.9178
628.709	99.9286
626.547	99.9327
624.4	99.9221
622.268	99.9081
620.151	99.9055
618.048	99.9133
615.959	99.9164
613.884	99.9061
611.823	99.8912
609.776	99.886
607.742	99.891
605.723	99.8929
603.716	99.8826
601.723	99.8671
599.742	99.8597
597.775	99.8622
595.821	99.8629
593.879	99.8523
591.95	99.8361
590.034	99.8268
588.13	99.827
586.238	99.8261
584.358	99.815
582.49	99.7979
580.634	99.7866
578.79	99.7844
576.958	99.7817
575.137	99.7695
573.328	99.7511
571.53	99.7377
569.743	99.7328
567.967	99.7279
566.203	99.7139
564.449	99.6937
562.706	99.6778
560.974	99.6699
559.253	99.6622
557.542	99.6458
555.841	99.6231
554.151	99.6043
552.471	99.5932
550.802	99.5821
549.142	99.5625
547.492	99.5368
545.852	99.5152
544.222	99.5014
542.602	99.4871
540.991	99.4638
539.39	99.4352
537.798	99.413
536.216	99.4005
534.643	99.3867
533.079	99.3596
531.524	99.3233
529.979	99.2945
528.442	99.2818
526.914	99.2742
525.395	99.2531
523.885	99.2156
522.383	99.1765
520.89	99.1487
519.405	99.1242
517.929	99.0818
516.461	99.0112
515.002	98.9235
513.551	98.8362
512.108	98.7518
510.673	98.6591
509.246	98.5533
507.827	98.448
506.415	98.3622
505.012	98.2988
503.616	98.2423
502.229	98.1787
500.848	98.1126
499.476	98.0592
498.111	98.0231
496.753	97.9913
495.402	97.9498
494.059	97.901
492.724	97.8598
491.395	97.8329
490.074	97.8102
488.759	97.7774
487.452	97.7345
486.152	97.6946
484.858	97.666
483.572	97.641
482.292	97.6068
481.019	97.5626
479.753	97.5214
478.493	97.493
477.24	97.4719
475.994	97.4455
474.754	97.4115
473.52	97.3802
472.293	97.3606
471.072	97.3477
469.858	97.3296
468.649	97.3029
467.447	97.2771
466.251	97.261
465.062	97.2509
463.878	97.2357
462.7	97.2121
461.528	97.1888
460.362	97.1739
459.202	97.1643
458.048	97.1501
456.9	97.1283
455.757	97.1069
454.62	97.0932
453.489	97.0837
452.363	97.0694
451.243	97.049
450.129	97.0301
449.02	97.0185
447.916	97.009
446.818	96.9937
445.725	96.974
444.638	96.9593
443.556	96.9523
442.479	96.9434
441.407	96.9245
440.34	96.9038
439.279	96.8992
438.223	96.9143
437.171	96.9307
436.125	96.9288
435.084	96.9147
434.048	96.9131
433.017	96.9324
431.99	96.9468
430.969	96.9236
429.952	96.8669
428.94	96.821
427.933	96.8222
426.93	96.8553
425.932	96.8706
424.939	96.8438
423.951	96.8063
422.967	96.8071
421.987	96.8521
421.012	96.8971
420.042	96.9027
419.076	96.8838
418.115	96.8881
417.158	96.9331
416.205	96.9794
415.257	96.9769
414.313	96.9261
413.373	96.8774
412.437	96.8708
411.506	96.8908
410.579	96.8926
409.656	96.8612
408.737	96.8282
407.823	96.8262
406.912	96.843
406.005	96.8371
405.103	96.7933
404.204	96.7452
403.31	96.734
402.419	96.7563
401.533	96.7691
400.65	96.7448
399.771	96.7062
398.896	96.6959
398.025	96.7214
397.157	96.7452
396.294	96.7327
395.434	96.6949
394.578	96.6724
393.725	96.6842
392.877	96.7058
392.031	96.7032
391.19	96.6762
390.352	96.655
389.518	96.6599
388.687	96.6764
387.86	96.6775
387.036	96.66
386.216	96.6463
385.399	96.6526
384.586	96.6673
383.776	96.6684
382.969	96.6538
382.166	96.6433
381.367	96.6502
380.57	96.6638
379.777	96.6651
378.987	96.6535
378.201	96.6469
377.418	96.656
376.638	96.6685
375.861	96.6668
375.087	96.6538
374.317	96.65
373.55	96.6651
372.785	96.6831
372.024	96.6827
371.267	96.667
370.512	96.6615
369.76	96.68
369.011	96.7056
368.266	96.7108
367.523	96.6937
366.783	96.681
366.047	96.6936
365.313	96.719
364.582	96.7277
363.854	96.7116
363.129	96.6942
362.407	96.6998
361.688	96.7211
360.971	96.7294
360.258	96.7127
359.547	96.6918
358.839	96.6927
358.134	96.7125
357.432	96.7232
356.732	96.7087
356.035	96.6859
355.341	96.6821
354.649	96.6992
353.96	96.7124
353.274	96.7034
352.591	96.6845
351.91	96.6808
351.232	96.6968
350.556	96.7109
349.883	96.7058
349.213	96.6925
348.545	96.6959
347.879	96.72
347.217	96.7414
346.556	96.7393
345.899	96.7232
345.243	96.7203
344.591	96.74
343.94	96.7616
343.292	96.7623
342.647	96.7475
342.004	96.7442
341.363	96.7648
340.725	96.791
340.089	96.7968
339.456	96.7831
338.825	96.7756
338.196	96.7914
337.569	96.8169
336.945	96.826
336.324	96.8143
335.704	96.8044
335.087	96.8163
334.472	96.8425
333.859	96.8594
333.249	96.8576
332.64	96.8522
332.034	96.8603
331.43	96.8777
330.829	96.8863
330.229	96.8804
329.632	96.8748
329.037	96.8855
328.444	96.908
327.853	96.9239
327.264	96.9252
326.678	96.9233
326.093	96.9318
325.511	96.947
324.93	96.9541
324.352	96.9489
323.776	96.9448
323.201	96.9551
322.629	96.9739
322.059	96.9841
321.491	96.9803
320.925	96.9767
320.361	96.9874
319.799	97.0068
319.238	97.0167
318.68	97.0112
318.124	97.0061
317.57	97.0173
317.017	97.0398
316.467	97.053
315.918	97.049
315.371	97.0432
314.826	97.0544
314.284	97.0792
313.743	97.096
313.203	97.0938
312.666	97.0874
312.13	97.0978
311.597	97.1238
311.065	97.1435
310.535	97.1432
310.007	97.1361
309.48	97.1448
308.956	97.171
308.433	97.1928
307.912	97.1938
307.392	97.1853
306.875	97.1915
306.359	97.2167
305.845	97.2398
305.332	97.2415
304.821	97.231
304.312	97.2335
303.805	97.2566
303.3	97.28
302.796	97.282
302.293	97.2689
301.793	97.2668
301.294	97.2868
300.797	97.3098
300.301	97.3119
299.807	97.296
299.314	97.2887
298.824	97.3046
298.335	97.3266
297.847	97.3288
297.361	97.3105
296.877	97.2977
296.394	97.3085
295.912	97.3291
295.433	97.3317
294.955	97.3115
294.478	97.2932
294.003	97.2984
293.529	97.3169
293.057	97.3203
292.587	97.2994
292.118	97.2765
291.65	97.276
291.184	97.2921
290.72	97.297
290.257	97.2771
289.795	97.2513
289.335	97.2457
288.877	97.2596
288.419	97.2668
287.964	97.2504
287.509	97.2244
287.057	97.215
286.605	97.2268
286.155	97.2372
285.706	97.2265
285.259	97.2032
284.813	97.1918
284.369	97.2014
283.926	97.2146
283.484	97.2113
283.044	97.1937
282.605	97.1821
282.168	97.1884
281.731	97.2027
281.297	97.2075
280.863	97.199
280.431	97.1892
280	97.1901
