1200	90.8285
1192.15	90.8839
1184.4	90.9389
1176.75	90.995
1169.21	91.0531
1161.75	91.1132
1154.39	91.1742
1147.13	91.2345
1139.95	91.2932
1132.86	91.3503
1125.87	91.4067
1118.95	91.4639
1112.13	91.523
1105.38	91.584
1098.72	91.6461
1092.13	91.7079
1085.63	91.7681
1079.2	91.8266
1072.84	91.8842
1066.56	91.9423
1060.36	92.0021
1054.23	92.0639
1048.16	92.1268
1042.17	92.1897
1036.24	92.2511
1030.38	92.3107
1024.59	92.3692
1018.86	92.428
1013.2	92.4883
1007.6	92.5505
1002.06	92.6141
996.576	92.6777
991.156	92.74
985.795	92.8004
980.491	92.8596
975.244	92.9188
970.053	92.9794
964.917	93.0419
959.835	93.1058
954.806	93.1698
949.83	93.2326
944.905	93.2935
940.031	93.3529
935.207	93.4123
930.433	93.4729
925.707	93.5355
921.028	93.5995
916.397	93.6637
911.812	93.7266
907.273	93.7874
902.778	93.8466
898.328	93.9057
893.922	93.9661
889.559	94.0287
885.238	94.0928
880.958	94.1569
876.72	94.2194
872.523	94.2794
868.365	94.3376
864.247	94.3958
860.168	94.4559
856.127	94.5186
852.124	94.5831
848.159	94.6471
844.23	94.7084
840.337	94.7662
836.48	94.8216
832.658	94.8777
828.871	94.9376
825.118	95.0025
821.399	95.0703
817.714	95.1364
814.061	95.1949
810.441	95.2419
806.853	95.2776
803.296	95.3068
799.771	95.3374
796.277	95.3764
792.813	95.4275
789.379	95.4886
785.974	95.5527
782.599	95.6115
779.253	95.6592
775.935	95.6954
772.645	95.7256
769.383	95.7587
766.149	95.8028
762.941	95.8608
759.761	95.9293
756.606	95.9995
753.478	96.0618
750.376	96.1102
747.299	96.1455
744.247	96.1748
741.22	96.2083
738.218	96.254
735.239	96.314
732.285	96.3835
729.354	96.4525
726.447	96.5115
723.563	96.5555
720.702	96.5872
717.863	96.6152
715.046	96.65
712.251	96.699
709.479	96.7622
706.727	96.8324
703.997	96.8985
701.288	96.9507
698.6	96.9852
695.932	97.0063
693.285	97.0238
690.657	97.0488
688.05	97.0878
685.462	97.1401
682.893	97.1984
680.344	97.2522
677.814	97.2934
675.302	97.3203
672.809	97.3385
670.334	97.3579
667.878	97.388
665.439	97.433
663.018	97.49
660.615	97.5502
658.229	97.6035
655.86	97.6434
653.508	97.6702
651.173	97.691
648.854	97.7168
646.553	97.7568
644.267	97.8151
641.997	97.8883
639.744	97.9679
637.506	98.0439
635.283	98.1091
633.077	98.1615
630.885	98.2039
628.709	98.2411
626.547	98.2765
624.4	98.3088
622.268	98.3322
620.151	98.3385
618.048	98.3208
615.959	98.2767
613.884	98.2099
611.823	98.1293
609.776	98.046
607.742	97.9703
605.723	97.9092
603.716	97.8651
601.723	97.8373
599.742	97.8235
597.775	97.821
595.821	97.8278
593.879	97.8424
591.95	97.8628
590.034	97.8865
588.13	97.9108
586.238	97.9334
584.358	97.9534
582.49	97.9719
580.634	97.9911
578.79	98.0132
576.958	98.039
575.137	98.0675
573.328	98.0958
571.53	98.1211
569.743	98.1418
567.967	98.1584
566.203	98.1734
564.449	98.1902
562.706	98.2107
560.974	98.2349
559.253	98.2603
557.542	98.2833
555.841	98.3011
554.151	98.313
552.471	98.3211
550.802	98.3291
549.142	98.3403
547.492	98.3562
545.852	98.3753
544.222	98.3939
542.602	98.4083
540.991	98.4161
539.39	98.4183
537.798	98.418
536.216	98.4196
534.643	98.4261
533.079	98.4379
531.524	98.4522
529.979	98.4649
528.442	98.4721
526.914	98.4728
525.395	98.4689
523.885	98.4646
522.383	98.4644
520.89	98.4705
519.405	98.4822
517.929	98.4956
516.461	98.5059
515.002	98.5097
513.551	98.5064
512.108	98.4987
510.673	98.4914
509.246	98.4892
507.827	98.4942
506.415	98.5056
505.012	98.5198
503.616	98.5321
502.229	98.5392
500.848	98.54
499.476	98.5358
498.111	98.5294
496.753	98.5232
495.402	98.5178
494.059	98.512
492.724	98.5026
491.395	98.4869
490.074	98.4632
488.759	98.432
487.452	98.3957
486.152	98.3578
484.858	98.3215
483.572	98.289
482.292	98.2605
481.019	98.2349
479.753	98.2095
478.493	98.1808
477.24	98.1444
475.994	98.0958
474.754	98.0311
473.52	97.9482
472.293	97.8479
471.072	97.7346
469.858	97.6162
468.649	97.5022
467.447	97.4018
466.251	97.321
465.062	97.2607
463.878	97.2172
462.7	97.1833
461.528	97.1513
460.362	97.1159
459.202	97.0754
458.048	97.0323
456.9	96.9908
455.757	96.9549
454.62	96.9262
453.489	96.9029
452.363	96.8811
451.243	96.8564
450.129	96.8265
449.02	96.7917
447.916	96.7549
446.818	96.7201
445.725	96.69
444.638	96.6648
443.556	96.6424
442.479	96.619
441.407	96.5916
440.34	96.5589
439.279	96.5225
438.223	96.4857
437.171	96.4517
436.125	96.4222
435.084	96.3963
434.048	96.3712
433.017	96.3437
431.99	96.3115
430.969	96.2748
429.952	96.2359
428.94	96.198
427.933	96.1637
426.93	96.1333
425.932	96.1052
424.939	96.0764
423.951	96.044
422.967	96.0069
421.987	95.9664
421.012	95.9252
420.042	95.8862
419.076	95.8512
418.115	95.8193
417.158	95.7884
416.205	95.7552
415.257	95.7178
414.313	95.6761
413.373	95.6322
412.437	95.5891
411.506	95.5493
410.579	95.5133
409.656	95.4796
408.737	95.4452
407.823	95.4075
406.912	95.365
406.005	95.3188
405.103	95.2719
404.204	95.2274
403.31	95.1878
402.419	95.1529
401.533	95.1209
400.65	95.0885
399.771	95.0533
398.896	95.0146
398.025	94.974
397.157	94.9348
396.294	94.9003
395.434	94.8721
394.578	94.8495
393.725	94.8293
392.877	94.8075
392.031	94.7802
391.19	94.746
390.352	94.7056
389.518	94.6621
388.687	94.6192
387.86	94.5801
387.036	94.546
386.216	94.5162
385.399	94.4884
384.586	94.4598
383.776	94.4283
382.969	94.3928
382.166	94.3541
381.367	94.3136
380.57	94.2735
379.777	94.2354
378.987	94.2005
378.201	94.1689
377.418	94.1401
376.638	94.1131
375.861	94.0868
375.087	94.0605
374.317	94.0341
373.55	94.0082
372.785	93.9835
372.024	93.9609
371.267	93.9408
370.512	93.9225
369.76	93.9045
369.011	93.8847
368.266	93.8611
367.523	93.8328
366.783	93.8006
366.047	93.7667
365.313	93.7341
364.582	93.7056
363.854	93.6823
363.129	93.6631
362.407	93.6452
361.688	93.6252
360.971	93.6003
360.258	93.5699
359.547	93.536
358.839	93.502
358.134	93.4719
357.432	93.4479
356.732	93.4296
356.035	93.4144
355.341	93.3981
354.649	93.3771
353.96	93.3502
353.274	93.3187
352.591	93.2863
351.91	93.2572
351.232	93.2342
350.556	93.2177
349.883	93.2051
349.213	93.1925
348.545	93.1762
347.879	93.1543
347.217	93.128
346.556	93.1003
345.899	93.0754
345.243	93.056
344.591	93.0426
343.94	93.033
343.292	93.0236
342.647	93.0105
342.004	92.9917
341.363	92.9675
340.725	92.9404
340.089	92.9139
339.456	92.8911
338.825	92.8735
338.196	92.8601
337.569	92.8486
336.945	92.8361
336.324	92.8202
335.704	92.8002
335.087	92.7768
334.472	92.7519
333.859	92.7279
333.249	92.7065
332.64	92.6884
332.034	92.6731
331.43	92.6592
330.829	92.6444
330.229	92.6269
329.632	92.6053
329.037	92.5794
328.444	92.5505
327.853	92.521
327.264	92.4934
326.678	92.4702
326.093	92.4522
325.511	92.4384
324.93	92.4266
324.352	92.4139
323.776	92.3989
323.201	92.3822
322.629	92.3673
322.059	92.3587
321.491	92.3606
320.925	92.3736
320.361	92.3938
319.799	92.4127
319.238	92.4199
318.68	92.4066
318.124	92.3696
317.57	92.3129
317.017	92.2472
316.467	92.186
315.918	92.141
315.371	92.1173
314.826	92.1117
314.284	92.114
313.743	92.1119
313.203	92.0959
312.666	92.0639
312.13	92.0219
311.597	91.9809
311.065	91.9523
310.535	91.9419
310.007	91.9472
309.48	91.958
308.956	91.9613
308.433	91.9467
307.912	91.9119
307.392	91.8633
306.875	91.814
306.359	91.7774
305.845	91.7614
305.332	91.7644
304.821	91.7763
304.312	91.7827
303.805	91.7716
303.3	91.7389
302.796	91.6905
302.293	91.6392
301.793	91.5995
301.294	91.5805
300.797	91.5821
300.301	91.5952
299.807	91.6058
299.314	91.6019
298.824	91.5791
298.335	91.5422
297.847	91.5033
297.361	91.4758
296.877	91.4681
296.394	91.4796
295.912	91.5012
295.433	91.5189
294.955	91.5211
294.478	91.5033
294.003	91.47
293.529	91.4329
293.057	91.4048
292.587	91.3941
292.118	91.4009
291.65	91.4175
291.184	91.4321
290.72	91.4347
290.257	91.4215
289.795	91.3966
289.335	91.3693
288.877	91.3494
288.419	91.3424
287.964	91.3463
287.509	91.3531
287.057	91.3528
286.605	91.3383
286.155	91.3091
285.706	91.272
285.259	91.2382
284.813	91.2179
284.369	91.2162
283.926	91.2303
283.484	91.2513
283.044	91.2682
282.605	91.2727
282.168	91.2627
281.731	91.2435
281.297	91.2245
280.863	91.2153
280.431	91.2214
280	91.2424
