1200	72.4439
1192.15	72.5236
1184.4	72.6127
1176.75	72.7137
1169.21	72.8236
1161.75	72.9349
1154.39	73.0395
1147.13	73.1328
1139.95	73.2161
1132.86	73.2961
1125.87	73.3817
1118.95	73.4792
1112.13	73.5893
1105.38	73.7064
1098.72	73.8214
1092.13	73.9262
1085.63	74.0181
1079.2	74.1009
1072.84	74.1838
1066.56	74.2761
1060.36	74.3829
1054.23	74.5022
1048.16	74.6258
1042.17	74.7428
1036.24	74.8459
1030.38	74.9347
1024.59	75.0164
1018.86	75.1025
1013.2	75.2029
1007.6	75.3208
1002.06	75.4506
996.576	75.5804
991.156	75.6978
985.795	75.7961
980.491	75.8787
975.244	75.9575
970.053	76.0479
964.917	76.1607
959.835	76.296
954.806	76.4419
949.83	76.5788
944.905	76.6878
940.031	76.7593
935.207	76.7983
930.433	76.8225
925.707	76.8553
921.028	76.9156
916.397	77.0092
911.812	77.1267
907.273	77.2475
902.778	77.35
898.328	77.4217
893.922	77.4654
889.559	77.4982
885.238	77.5441
880.958	77.6222
876.72	77.7378
872.523	77.8791
868.365	78.0221
864.247	78.1414
860.168	78.2218
856.127	78.2655
852.124	78.2914
848.159	78.3266
844.23	78.3944
840.337	78.5033
836.48	78.643
832.658	78.7893
828.871	78.9153
825.118	79.0041
821.399	79.0568
817.714	79.0928
814.061	79.1403
810.441	79.2233
806.853	79.3495
803.296	79.5054
799.771	79.6607
796.277	79.7814
792.813	79.8447
789.379	79.8496
785.974	79.8191
782.599	79.7916
779.253	79.8061
775.935	79.886
772.645	80.0299
769.383	80.2116
766.149	80.3904
762.941	80.5265
759.761	80.5959
756.606	80.598
753.478	80.5545
750.376	80.4998
747.299	80.4673
744.247	80.4782
741.22	80.536
738.218	80.6295
735.239	80.74
732.285	80.8508
729.354	80.9543
726.447	81.0524
723.563	81.1535
720.702	81.266
717.863	81.3925
715.046	81.5285
712.251	81.6645
709.479	81.7907
706.727	81.9026
703.997	82.0027
701.288	82.0995
698.6	82.2028
695.932	82.3192
693.285	82.4484
690.657	82.5838
688.05	82.7157
685.462	82.8362
682.893	82.943
680.344	83.0405
677.814	83.1373
675.302	83.2421
672.809	83.3594
670.334	83.4873
667.878	83.6185
665.439	83.7443
663.018	83.8585
660.615	83.9605
658.229	84.0557
655.86	84.1524
653.508	84.2576
651.173	84.3743
648.854	84.4993
646.553	84.6253
644.267	84.7447
641.997	84.8529
639.744	84.9507
637.506	85.0438
635.283	85.1397
633.077	85.2444
630.885	85.3591
628.709	85.48
626.547	85.6001
624.4	85.7127
622.268	85.8148
620.151	85.9082
618.048	85.9987
615.959	86.0933
613.884	86.1963
611.823	86.308
609.776	86.4238
607.742	86.5372
605.723	86.6426
603.716	86.7383
601.723	86.8267
599.742	86.9136
597.775	87.0049
595.821	87.1039
593.879	87.2097
591.95	87.3178
590.034	87.4226
588.13	87.52
586.238	87.6097
584.358	87.6951
582.49	87.7818
580.634	87.8745
578.79	87.9748
576.958	88.0803
575.137	88.1856
573.328	88.2853
571.53	88.3759
569.743	88.4584
567.967	88.537
566.203	88.6175
564.449	88.7044
562.706	88.7986
560.974	88.8973
559.253	88.9951
557.542	89.0867
555.841	89.1693
554.151	89.2442
552.471	89.3156
550.802	89.389
549.142	89.4685
547.492	89.5547
545.852	89.6446
544.222	89.7331
542.602	89.8156
540.991	89.8897
539.39	89.9566
537.798	90.0203
536.216	90.0854
534.643	90.1554
533.079	90.2306
531.524	90.3087
529.979	90.3854
528.442	90.4569
526.914	90.5213
525.395	90.5792
523.885	90.6336
522.383	90.6876
520.89	90.7439
519.405	90.8032
517.929	90.8643
516.461	90.925
515.002	90.9829
513.551	91.0362
512.108	91.0837
510.673	91.1244
509.246	91.1578
507.827	91.1833
506.415	91.2015
505.012	91.2143
503.616	91.2259
502.229	91.2415
500.848	91.2662
499.476	91.3027
498.111	91.35
496.753	91.4031
495.402	91.4546
494.059	91.4978
492.724	91.5291
491.395	91.5504
490.074	91.5683
488.759	91.591
487.452	91.6253
486.152	91.6726
484.858	91.7283
483.572	91.7829
482.292	91.8266
481.019	91.8531
479.753	91.8633
478.493	91.8649
477.24	91.8692
475.994	91.8865
474.754	91.9207
473.52	91.9674
472.293	92.0152
471.072	92.0503
469.858	92.0627
468.649	92.0505
467.447	92.0213
466.251	91.989
465.062	91.9679
463.878	91.9667
462.7	91.9847
461.528	92.0122
460.362	92.0349
459.202	92.0408
458.048	92.0253
456.9	91.9941
455.757	91.9604
454.62	91.9393
453.489	91.9409
452.363	91.9653
451.243	92.0023
450.129	92.0353
449.02	92.0476
447.916	92.0297
446.818	91.9826
445.725	91.917
444.638	91.8488
443.556	91.7923
442.479	91.7548
441.407	91.7346
440.34	91.7235
439.279	91.711
438.223	91.6903
437.171	91.661
436.125	91.6287
435.084	91.6015
434.048	91.5855
433.017	91.5807
431.99	91.5808
430.969	91.5762
429.952	91.5586
428.94	91.5253
427.933	91.4808
426.93	91.4351
425.932	91.3987
424.939	91.3776
423.951	91.3698
422.967	91.3662
421.987	91.3543
421.012	91.3246
420.042	91.2749
419.076	91.212
418.115	91.1491
417.158	91.0993
416.205	91.0695
415.257	91.0568
414.313	91.0494
413.373	91.0313
412.437	90.99
411.506	90.9228
410.579	90.8387
409.656	90.7555
408.737	90.6925
407.823	90.6621
406.912	90.6643
406.005	90.6863
405.103	90.7072
404.204	90.7069
403.31	90.674
402.419	90.611
401.533	90.5324
400.65	90.4594
399.771	90.4101
398.896	90.3926
398.025	90.4018
397.157	90.4217
396.294	90.4327
395.434	90.4202
394.578	90.38
393.725	90.3207
392.877	90.2588
392.031	90.2125
391.19	90.1932
390.352	90.2022
389.518	90.2298
388.687	90.2603
387.86	90.2783
387.036	90.2749
386.216	90.2501
385.399	90.2128
384.586	90.1761
383.776	90.153
382.969	90.1523
382.166	90.1777
381.367	90.2278
380.57	90.2988
379.777	90.3855
378.987	90.4813
378.201	90.5773
377.418	90.6606
376.638	90.7152
375.861	90.7238
375.087	90.673
374.317	90.5585
373.55	90.3887
372.785	90.1842
372.024	89.9742
371.267	89.7884
370.512	89.6492
369.76	89.5657
369.011	89.5327
368.266	89.5335
367.523	89.5473
366.783	89.5561
366.047	89.5506
365.313	89.531
364.582	89.5046
363.854	89.4806
363.129	89.4647
362.407	89.4574
361.688	89.4535
360.971	89.4462
360.258	89.4307
359.547	89.4067
358.839	89.3792
358.134	89.3549
357.432	89.3394
356.732	89.3334
356.035	89.3324
355.341	89.3286
354.649	89.3147
353.96	89.2873
353.274	89.2495
352.591	89.2089
351.91	89.1748
351.232	89.1536
350.556	89.1454
349.883	89.1441
349.213	89.1395
348.545	89.1225
347.879	89.0887
347.217	89.0412
346.556	88.9888
345.899	88.942
345.243	88.909
344.591	88.8907
343.94	88.8814
343.292	88.8705
342.647	88.8475
342.004	88.8069
341.363	88.7505
340.725	88.6866
340.089	88.6264
339.456	88.5787
338.825	88.5461
338.196	88.524
337.569	88.5028
336.945	88.4722
336.324	88.4259
335.704	88.3645
335.087	88.2952
334.472	88.2279
333.859	88.1714
333.249	88.1291
332.64	88.0981
332.034	88.0707
331.43	88.0387
330.829	87.9971
330.229	87.9461
329.632	87.8907
329.037	87.8369
328.444	87.7876
327.853	87.7396
327.264	87.6833
326.678	87.6062
326.093	87.4972
325.511	87.3525
324.93	87.1775
324.352	86.9863
323.776	86.7968
323.201	86.6252
322.629	86.4807
322.059	86.3633
321.491	86.2652
320.925	86.1753
320.361	86.0841
319.799	85.9878
319.238	85.8887
318.68	85.7937
318.124	85.7094
317.57	85.6391
317.017	85.5806
316.467	85.5269
315.918	85.47
315.371	85.4041
314.826	85.3285
314.284	85.2476
313.743	85.1681
313.203	85.0964
312.666	85.0342
312.13	84.9788
311.597	84.9235
311.065	84.862
310.535	84.7912
310.007	84.7136
309.48	84.6361
308.956	84.5673
308.433	84.5133
307.912	84.4743
307.392	84.4443
306.875	84.4132
306.359	84.3711
305.845	84.3129
305.332	84.2404
304.821	84.1621
304.312	84.0893
303.805	84.0312
303.3	83.9913
302.796	83.9655
302.293	83.9442
301.793	83.9164
301.294	83.8748
300.797	83.8187
300.301	83.7544
299.807	83.6921
299.314	83.6414
298.824	83.607
298.335	83.5863
297.847	83.5713
297.361	83.5518
296.877	83.5204
296.394	83.4761
295.912	83.4247
295.433	83.3765
294.955	83.3422
294.478	83.3281
294.003	83.3338
293.529	83.3522
293.057	83.3727
292.587	83.3856
292.118	83.3853
291.65	83.3722
291.184	83.3517
290.72	83.331
290.257	83.3162
289.795	83.3094
289.335	83.3091
288.877	83.3115
288.419	83.313
287.964	83.3119
287.509	83.3096
287.057	83.3086
286.605	83.3112
286.155	83.3173
285.706	83.3246
285.259	83.329
284.813	83.3277
284.369	83.3205
283.926	83.3111
283.484	83.3055
283.044	83.3094
282.605	83.3253
282.168	83.3509
281.731	83.3799
281.297	83.4043
280.863	83.4183
280.431	83.4213
280	83.4186
