1200	55.0727
1192.15	55.172
1184.4	55.2684
1176.75	55.3678
1169.21	55.4747
1161.75	55.5905
1154.39	55.7125
1147.13	55.8352
1139.95	55.953
1132.86	56.063
1125.87	56.1662
1118.95	56.2676
1112.13	56.3733
1105.38	56.4878
1098.72	56.6118
1092.13	56.7414
1085.63	56.8705
1079.2	56.993
1072.84	57.1065
1066.56	57.2131
1060.36	57.3187
1054.23	57.43
1048.16	57.5517
1042.17	57.6837
1036.24	57.8213
1030.38	57.9571
1024.59	58.0849
1018.86	58.2021
1013.2	58.3115
1007.6	58.4199
1002.06	58.5354
996.576	58.6633
991.156	58.8039
985.795	58.9518
980.491	59.0986
975.244	59.2354
970.053	59.3569
964.917	59.4622
959.835	59.5547
954.806	59.6399
949.83	59.7226
944.905	59.8053
940.031	59.8879
935.207	59.9696
930.433	60.0507
925.707	60.1337
921.028	60.223
916.397	60.3231
911.812	60.4356
907.273	60.5578
902.778	60.6829
898.328	60.8023
893.922	60.9097
889.559	61.0037
885.238	61.0892
880.958	61.1758
876.72	61.2729
872.523	61.386
868.365	61.5129
864.247	61.6446
860.168	61.7693
856.127	61.8773
852.124	61.9668
848.159	62.0453
844.23	62.1273
840.337	62.2283
836.48	62.3571
832.658	62.5116
828.871	62.6771
825.118	62.8319
821.399	62.9549
817.714	63.0345
814.061	63.074
810.441	63.091
806.853	63.1116
803.296	63.1609
799.771	63.2533
796.277	63.3872
792.813	63.5461
789.379	63.7048
785.974	63.8388
782.599	63.9338
779.253	63.99
775.935	64.0214
772.645	64.05
769.383	64.0973
766.149	64.1769
762.941	64.2917
759.761	64.434
756.606	64.5913
753.478	64.7515
750.376	64.9079
747.299	65.0601
744.247	65.2121
741.22	65.369
738.218	65.5332
735.239	65.7028
732.285	65.8726
729.354	66.037
726.447	66.1931
723.563	66.342
720.702	66.4888
717.863	66.6395
715.046	66.7983
712.251	66.9654
709.479	67.1367
706.727	67.306
703.997	67.468
701.288	67.6209
698.6	67.7673
695.932	67.913
693.285	68.0641
690.657	68.2241
688.05	68.392
685.462	68.5632
682.893	68.7311
680.344	68.891
677.814	69.0417
675.302	69.1867
672.809	69.3321
670.334	69.4836
667.878	69.6442
665.439	69.8123
663.018	69.9826
660.615	70.1488
658.229	70.3065
655.86	70.4552
653.508	70.5989
651.173	70.7438
648.854	70.8953
646.553	71.0559
644.267	71.2233
641.997	71.3921
639.744	71.556
637.506	71.711
635.283	71.8574
633.077	71.9993
630.885	72.1431
628.709	72.2939
626.547	72.4536
624.4	72.6194
622.268	72.7859
620.151	72.9467
618.048	73.0985
615.959	73.2418
613.884	73.3812
611.823	73.523
609.776	73.6721
607.742	73.8298
605.723	73.9932
603.716	74.1562
601.723	74.313
599.742	74.4605
597.775	74.5997
595.821	74.7356
593.879	74.8742
591.95	75.0204
590.034	75.1749
588.13	75.3344
586.238	75.4928
584.358	75.6443
582.49	75.7861
580.634	75.9198
578.79	76.0505
576.958	76.1845
575.137	76.3262
573.328	76.4761
571.53	76.6302
569.743	76.7825
567.967	76.927
566.203	77.0612
564.449	77.1871
562.706	77.3102
560.974	77.437
559.253	77.5716
557.542	77.714
555.841	77.8596
554.151	78.0014
552.471	78.133
550.802	78.2517
549.142	78.36
547.492	78.4643
545.852	78.5725
544.222	78.6909
542.602	78.8208
540.991	78.9592
539.39	79.0991
537.798	79.2338
536.216	79.3587
534.643	79.4741
533.079	79.5841
531.524	79.6947
529.979	79.8111
528.442	79.935
526.914	80.0642
525.395	80.1936
523.885	80.3176
522.383	80.4328
520.89	80.5395
519.405	80.641
517.929	80.7426
516.461	80.8485
515.002	80.9603
513.551	81.0761
512.108	81.1919
510.673	81.3033
509.246	81.4072
507.827	81.5039
506.415	81.596
505.012	81.6874
503.616	81.7814
502.229	81.8792
500.848	81.9794
499.476	82.0791
498.111	82.175
496.753	82.2653
495.402	82.3498
494.059	82.4304
492.724	82.5094
491.395	82.5888
490.074	82.6692
488.759	82.7498
487.452	82.8295
486.152	82.9069
484.858	82.9816
483.572	83.0535
482.292	83.1226
481.019	83.1879
479.753	83.2474
478.493	83.2988
477.24	83.3404
475.994	83.3726
474.754	83.3986
473.52	83.4234
472.293	83.4522
471.072	83.4887
469.858	83.5325
468.649	83.5796
467.447	83.6233
466.251	83.6568
465.062	83.6767
463.878	83.684
462.7	83.6846
461.528	83.6867
460.362	83.6973
459.202	83.7196
458.048	83.751
456.9	83.784
455.757	83.8095
454.62	83.8203
453.489	83.8142
452.363	83.795
451.243	83.7711
450.129	83.7518
449.02	83.7435
447.916	83.7472
446.818	83.7579
445.725	83.7669
444.638	83.7653
443.556	83.7478
442.479	83.7146
441.407	83.6714
440.34	83.6268
439.279	83.589
438.223	83.5625
437.171	83.5469
436.125	83.5367
435.084	83.524
434.048	83.5007
433.017	83.461
431.99	83.4026
430.969	83.3271
429.952	83.2395
428.94	83.1472
427.933	83.0597
426.93	82.9879
425.932	82.9426
424.939	82.9329
423.951	82.9634
422.967	83.0319
421.987	83.1286
421.012	83.2368
420.042	83.3373
419.076	83.4133
418.115	83.4559
417.158	83.4675
416.205	83.4611
415.257	83.4559
414.313	83.4703
413.373	83.5154
412.437	83.5908
411.506	83.6848
410.579	83.7792
409.656	83.857
408.737	83.9093
407.823	83.9383
406.912	83.9565
406.005	83.981
405.103	84.0255
404.204	84.095
403.31	84.1835
402.419	84.2779
401.533	84.3645
400.65	84.4368
399.771	84.4998
398.896	84.5687
398.025	84.6626
397.157	84.795
396.294	84.9653
395.434	85.1561
394.578	85.3362
393.725	85.4709
392.877	85.5335
392.031	85.5152
391.19	85.4288
390.352	85.304
389.518	85.1765
388.687	85.0754
387.86	85.0127
387.036	84.9807
386.216	84.956
385.399	84.9107
384.586	84.8244
383.776	84.6926
382.969	84.5295
382.166	84.3621
381.367	84.2203
380.57	84.126
379.777	84.0856
378.987	84.0897
378.201	84.1177
377.418	84.1469
376.638	84.161
375.861	84.155
375.087	84.1348
374.317	84.1124
373.55	84.0989
372.785	84.0992
372.024	84.1104
371.267	84.1237
370.512	84.1297
369.76	84.1231
369.011	84.1051
368.266	84.0828
367.523	84.0651
366.783	84.0581
366.047	84.0622
365.313	84.0712
364.582	84.0761
363.854	84.0693
363.129	84.0483
362.407	84.0174
361.688	83.9855
360.971	83.9621
360.258	83.9522
359.547	83.9542
358.839	83.9601
358.134	83.9594
357.432	83.9441
356.732	83.9124
356.035	83.8697
355.341	83.8266
354.649	83.7935
353.96	83.776
353.274	83.7723
352.591	83.7733
351.91	83.7675
351.232	83.7454
350.556	83.7049
349.883	83.6516
349.213	83.5968
348.545	83.5521
347.879	83.5243
347.217	83.5119
346.556	83.5059
345.899	83.4938
345.243	83.4651
344.591	83.4164
343.94	83.3529
343.292	83.286
342.647	83.2284
342.004	83.1879
341.363	83.1641
340.725	83.1482
340.089	83.1274
339.456	83.0903
338.825	83.0323
338.196	82.9577
337.569	82.8779
336.945	82.8059
336.324	82.7507
335.704	82.7128
335.087	82.6842
334.472	82.652
333.859	82.6042
333.249	82.5351
332.64	82.4483
332.034	82.3547
331.43	82.2678
330.829	82.1972
330.229	82.1446
329.632	82.1026
329.037	82.0584
328.444	81.9993
327.853	81.9191
327.264	81.8205
326.678	81.7142
326.093	81.6139
325.511	81.5301
324.93	81.4651
324.352	81.4121
323.776	81.3581
323.201	81.2899
322.629	81.2004
322.059	81.0918
321.491	80.9748
320.925	80.8635
320.361	80.769
319.799	80.694
319.238	80.6313
318.68	80.5671
318.124	80.4866
317.57	80.3817
317.017	80.2545
316.467	80.1171
315.918	79.9868
315.371	79.8785
314.826	79.7982
314.284	79.7405
313.743	79.6905
313.203	79.63
312.666	79.5454
312.13	79.4332
311.597	79.3011
311.065	79.1648
310.535	79.0403
310.007	78.9379
309.48	78.8572
308.956	78.7881
308.433	78.7159
307.912	78.6275
307.392	78.518
306.875	78.3926
306.359	78.2638
305.845	78.1459
305.332	78.0487
304.821	77.9726
304.312	77.9092
303.805	77.8446
303.3	77.7665
302.796	77.6688
302.293	77.5547
301.793	77.4348
301.294	77.3217
300.797	77.2244
300.301	77.1442
299.807	77.074
299.314	77.0026
298.824	76.9192
298.335	76.8193
297.847	76.7063
297.361	76.5899
296.877	76.4812
296.394	76.3878
295.912	76.3095
295.433	76.239
294.955	76.1649
294.478	76.0779
294.003	75.9746
293.529	75.8598
293.057	75.7441
292.587	75.639
292.118	75.5513
291.65	75.4802
291.184	75.418
290.72	75.354
290.257	75.2806
289.795	75.1975
289.335	75.1128
288.877	75.0393
288.419	74.9883
287.964	74.9631
287.509	74.9562
287.057	74.9509
286.605	74.9276
286.155	74.8723
285.706	74.783
285.259	74.6718
284.813	74.5606
284.369	74.4725
283.926	74.4225
283.484	74.411
283.044	74.4233
282.605	74.4358
282.168	74.4258
281.731	74.3811
281.297	74.3049
280.863	74.2151
280.431	74.1358
280	74.0877
