1200	82.1349
1192.15	82.2043
1184.4	82.2732
1176.75	82.3466
1169.21	82.427
1161.75	82.5134
1154.39	82.6015
1147.13	82.6863
1139.95	82.7648
1132.86	82.8377
1125.87	82.909
1118.95	82.9838
1112.13	83.0653
1105.38	83.1534
1098.72	83.2442
1092.13	83.3327
1085.63	83.4153
1079.2	83.4918
1072.84	83.5656
1066.56	83.6416
1060.36	83.7237
1054.23	83.8125
1048.16	83.9052
1042.17	83.9968
1036.24	84.0833
1030.38	84.1636
1024.59	84.2402
1018.86	84.3175
1013.2	84.3998
1007.6	84.4885
1002.06	84.5819
996.576	84.6758
991.156	84.7661
985.795	84.851
980.491	84.9317
975.244	85.0116
970.053	85.0941
964.917	85.1814
959.835	85.2729
954.806	85.3666
949.83	85.4602
944.905	85.5523
940.031	85.6426
935.207	85.7305
930.433	85.814
925.707	85.889
921.028	85.9507
916.397	85.9964
911.812	86.0284
907.273	86.0549
902.778	86.088
898.328	86.1387
893.922	86.212
889.559	86.3036
885.238	86.4008
880.958	86.4879
876.72	86.5537
872.523	86.597
868.365	86.6281
864.247	86.6647
860.168	86.7232
856.127	86.8105
852.124	86.9195
848.159	87.032
844.23	87.1265
840.337	87.189
836.48	87.22
832.658	87.2355
828.871	87.2594
825.118	87.3127
821.399	87.4029
817.714	87.5202
814.061	87.6415
810.441	87.7422
806.853	87.8077
803.296	87.8417
799.771	87.8641
796.277	87.9022
792.813	87.9762
789.379	88.0887
785.974	88.2213
782.599	88.3425
779.253	88.421
775.935	88.441
772.645	88.4104
769.383	88.3586
766.149	88.3254
762.941	88.344
759.761	88.4282
756.606	88.5665
753.478	88.7271
750.376	88.8709
747.299	88.9661
744.247	88.9985
741.22	88.9744
738.218	88.9152
735.239	88.8472
732.285	88.7924
729.354	88.763
726.447	88.7615
723.563	88.7847
720.702	88.8288
717.863	88.8913
715.046	88.9713
712.251	89.0664
709.479	89.1713
706.727	89.2772
703.997	89.3747
701.288	89.4584
698.6	89.5293
695.932	89.5948
693.285	89.6652
690.657	89.7485
688.05	89.8464
685.462	89.9529
682.893	90.0576
680.344	90.1507
677.814	90.2284
675.302	90.2949
672.809	90.3599
670.334	90.4338
667.878	90.5222
665.439	90.6228
663.018	90.7267
660.615	90.8232
658.229	90.9052
655.86	90.9733
653.508	91.0351
651.173	91.1013
648.854	91.1801
646.553	91.2727
644.267	91.3727
641.997	91.4696
639.744	91.5544
637.506	91.6244
635.283	91.6844
633.077	91.7444
630.885	91.8141
628.709	91.8975
626.547	91.9915
624.4	92.0866
622.268	92.1728
620.151	92.2446
618.048	92.3037
615.959	92.3587
613.884	92.4198
611.823	92.4936
609.776	92.5798
607.742	92.6711
605.723	92.7571
603.716	92.83
601.723	92.8888
599.742	92.9396
597.775	92.9925
595.821	93.0561
593.879	93.1328
591.95	93.2177
590.034	93.3009
588.13	93.3732
586.238	93.4309
584.358	93.478
582.49	93.5241
580.634	93.5793
578.79	93.6491
576.958	93.7309
575.137	93.8159
573.328	93.8929
571.53	93.9548
569.743	94.002
567.967	94.0423
566.203	94.0867
564.449	94.1434
562.706	94.214
560.974	94.2921
559.253	94.3667
557.542	94.4285
555.841	94.4744
554.151	94.5094
552.471	94.5437
550.802	94.5878
549.142	94.6461
547.492	94.7153
545.852	94.7855
544.222	94.8459
542.602	94.8902
540.991	94.9202
539.39	94.9451
537.798	94.976
536.216	95.0208
534.643	95.079
533.079	95.1425
531.524	95.1994
529.979	95.2406
528.442	95.2646
526.914	95.2786
525.395	95.2948
523.885	95.3239
522.383	95.3688
520.89	95.4229
519.405	95.4729
517.929	95.5052
516.461	95.5134
515.002	95.5017
513.551	95.4839
512.108	95.4769
510.673	95.4929
509.246	95.5337
507.827	95.5896
506.415	95.6448
505.012	95.6847
503.616	95.703
502.229	95.7044
500.848	95.7015
499.476	95.7082
498.111	95.7326
496.753	95.7724
495.402	95.817
494.059	95.8526
492.724	95.87
491.395	95.8695
490.074	95.8604
488.759	95.8567
487.452	95.8697
486.152	95.9017
484.858	95.9453
483.572	95.9866
482.292	96.0125
481.019	96.0173
479.753	96.0053
478.493	95.9887
477.24	95.9812
475.994	95.991
474.754	96.0165
473.52	96.0472
472.293	96.0697
471.072	96.0741
469.858	96.0596
468.649	96.0346
467.447	96.0123
466.251	96.0039
465.062	96.012
463.878	96.0298
462.7	96.0437
461.528	96.0408
460.362	96.0152
459.202	95.9714
458.048	95.9223
456.9	95.8828
455.757	95.8626
454.62	95.8616
453.489	95.8704
452.363	95.8756
451.243	95.8667
450.129	95.842
449.02	95.8089
447.916	95.7801
446.818	95.7658
445.725	95.7675
444.638	95.7761
443.556	95.7748
442.479	95.7473
441.407	95.6854
440.34	95.5938
439.279	95.489
438.223	95.3924
437.171	95.3213
436.125	95.2823
435.084	95.269
434.048	95.2659
433.017	95.256
431.99	95.2286
430.969	95.1838
429.952	95.1304
428.94	95.0814
427.933	95.0461
426.93	95.0262
425.932	95.0146
424.939	95.0001
423.951	94.9731
422.967	94.931
421.987	94.8787
421.012	94.8261
420.042	94.7828
419.076	94.7525
418.115	94.7315
417.158	94.7108
416.205	94.6807
415.257	94.6366
414.313	94.5809
413.373	94.5223
412.437	94.4708
411.506	94.4324
410.579	94.4058
409.656	94.3829
408.737	94.3531
407.823	94.3084
406.912	94.2483
406.005	94.18
405.103	94.1152
404.204	94.0648
403.31	94.0332
402.419	94.017
401.533	94.0067
400.65	93.9914
399.771	93.9645
398.896	93.9265
398.025	93.8838
397.157	93.8446
396.294	93.8143
395.434	93.7917
394.578	93.7699
393.725	93.7404
392.877	93.6987
392.031	93.6482
391.19	93.6001
390.352	93.5693
389.518	93.5676
388.687	93.5975
387.86	93.6499
387.036	93.7071
386.216	93.7496
385.399	93.7646
384.586	93.7512
383.776	93.7205
382.969	93.691
382.166	93.6801
381.367	93.6962
380.57	93.7356
379.777	93.7836
378.987	93.8218
378.201	93.8358
377.418	93.8221
376.638	93.7898
375.861	93.7574
375.087	93.7457
374.317	93.7706
373.55	93.837
372.785	93.9373
372.024	94.0533
371.267	94.1608
370.512	94.2355
369.76	94.257
369.011	94.213
368.266	94.1002
367.523	93.926
366.783	93.7074
366.047	93.4694
365.313	93.2413
364.582	93.0506
363.854	92.917
363.129	92.8469
362.407	92.8316
361.688	92.8499
360.971	92.8747
360.258	92.8824
359.547	92.8601
358.839	92.8096
358.134	92.7449
357.432	92.6856
356.732	92.6474
356.035	92.6359
355.341	92.6444
354.649	92.6574
353.96	92.6582
353.274	92.6363
352.591	92.5925
351.91	92.5378
351.232	92.4877
350.556	92.4549
349.883	92.4432
349.213	92.4458
348.545	92.4492
347.879	92.4395
347.217	92.4094
346.556	92.3613
345.899	92.3062
345.243	92.2578
344.591	92.2258
343.94	92.2113
343.292	92.2065
342.647	92.1985
342.004	92.1761
341.363	92.1354
340.725	92.0814
340.089	92.0256
339.456	91.9803
338.825	91.9521
338.196	91.9394
337.569	91.9326
336.945	91.9198
336.324	91.8928
335.704	91.8511
335.087	91.8026
334.472	91.7595
333.859	91.7319
333.249	91.7225
332.64	91.7239
332.034	91.7218
331.43	91.6998
330.829	91.6468
330.229	91.5604
329.632	91.4479
329.037	91.322
328.444	91.1958
327.853	91.0779
327.264	90.9708
326.678	90.8725
326.093	90.78
325.511	90.693
324.93	90.6146
324.352	90.5502
323.776	90.5033
323.201	90.4729
322.629	90.4516
322.059	90.4287
321.491	90.3939
320.925	90.3422
320.361	90.2763
319.799	90.2054
319.238	90.1409
318.68	90.0911
318.124	90.0576
317.57	90.0344
317.017	90.0116
316.467	89.9806
315.918	89.938
315.371	89.888
314.826	89.8394
314.284	89.8013
313.743	89.778
313.203	89.7666
312.666	89.7582
312.13	89.7425
311.597	89.7132
311.065	89.6714
310.535	89.6252
310.007	89.5859
309.48	89.5619
308.956	89.5547
308.433	89.5574
307.912	89.5581
307.392	89.5459
306.875	89.5167
306.359	89.4753
305.845	89.4337
305.332	89.4055
304.821	89.399
304.312	89.4135
303.805	89.4387
303.3	89.4601
302.796	89.4654
302.293	89.4503
301.793	89.4206
301.294	89.3891
300.797	89.3692
300.301	89.3688
299.807	89.3863
299.314	89.4122
298.824	89.4335
298.335	89.4408
297.847	89.4324
297.361	89.4151
296.877	89.4003
296.394	89.3982
295.912	89.4124
295.433	89.4385
294.955	89.4662
294.478	89.4851
294.003	89.4897
293.529	89.4825
293.057	89.472
292.587	89.4686
292.118	89.479
291.65	89.5029
291.184	89.5335
290.72	89.562
290.257	89.5822
289.795	89.5944
289.335	89.605
288.877	89.6226
288.419	89.6528
287.964	89.6939
287.509	89.7367
287.057	89.7689
286.605	89.7813
286.155	89.7732
285.706	89.754
285.259	89.7391
284.813	89.7427
284.369	89.771
283.926	89.8179
283.484	89.8678
283.044	89.9027
282.605	89.911
282.168	89.8934
281.731	89.8635
281.297	89.8411
280.863	89.843
280.431	89.8745
280	89.9267
