1200	99.6239
1192.15	99.6178
1184.4	99.6105
1176.75	99.6059
1169.21	99.6051
1161.75	99.6059
1154.39	99.6045
1147.13	99.5995
1139.95	99.5933
1132.86	99.5895
1125.87	99.5897
1118.95	99.5918
1112.13	99.592
1105.38	99.5886
1098.72	99.5837
1092.13	99.5812
1085.63	99.5828
1079.2	99.5865
1072.84	99.5886
1066.56	99.5871
1060.36	99.5839
1054.23	99.5829
1048.16	99.5861
1042.17	99.5916
1036.24	99.5957
1030.38	99.5962
1024.59	99.5949
1018.86	99.5954
1013.2	99.6001
1007.6	99.6074
1002.06	99.6135
996.576	99.616
991.156	99.6163
985.795	99.6182
980.491	99.6242
975.244	99.6331
970.053	99.641
964.917	99.6451
959.835	99.6467
954.806	99.6496
949.83	99.6566
944.905	99.6666
940.031	99.6757
935.207	99.6811
930.433	99.6834
925.707	99.6868
921.028	99.6941
916.397	99.7048
911.812	99.7146
907.273	99.7205
902.778	99.7231
898.328	99.7262
893.922	99.7333
889.559	99.7438
885.238	99.7538
880.958	99.7596
876.72	99.7616
872.523	99.7638
868.365	99.7699
864.247	99.7796
860.168	99.7891
856.127	99.7942
852.124	99.795
848.159	99.7955
844.23	99.7999
840.337	99.8084
836.48	99.8168
832.658	99.8206
828.871	99.8197
825.118	99.8179
821.399	99.8201
817.714	99.8268
814.061	99.8338
810.441	99.8361
806.853	99.8329
803.296	99.8286
799.771	99.8282
796.277	99.8329
792.813	99.8384
789.379	99.839
785.974	99.8336
782.599	99.8263
779.253	99.8233
775.935	99.8261
772.645	99.8304
769.383	99.8297
766.149	99.8221
762.941	99.812
759.761	99.8064
756.606	99.8078
753.478	99.8115
750.376	99.8102
747.299	99.8007
744.247	99.788
741.22	99.7802
738.218	99.781
735.239	99.7855
732.285	99.7845
729.354	99.7737
726.447	99.7584
723.563	99.7489
720.702	99.7507
717.863	99.7581
715.046	99.7592
712.251	99.7469
709.479	99.7276
706.727	99.7163
703.997	99.7231
701.288	99.7423
698.6	99.7545
695.932	99.7433
693.285	99.7105
690.657	99.6777
688.05	99.6702
685.462	99.6954
682.893	99.7358
680.344	99.7615
677.814	99.7542
675.302	99.7217
672.809	99.6915
670.334	99.6878
667.878	99.7121
665.439	99.7428
663.018	99.7544
660.615	99.7387
658.229	99.711
655.86	99.6959
653.508	99.706
651.173	99.7321
648.854	99.7523
646.553	99.7521
644.267	99.7362
641.997	99.7228
639.744	99.7271
637.506	99.7473
635.283	99.767
633.077	99.7709
630.885	99.758
628.709	99.7424
626.547	99.7398
624.4	99.7539
622.268	99.7733
620.151	99.7827
618.048	99.7767
615.959	99.7642
613.884	99.7598
611.823	99.7699
609.776	99.7879
607.742	99.8002
605.723	99.7994
603.716	99.7904
601.723	99.7854
599.742	99.7926
597.775	99.8088
595.821	99.8223
593.879	99.8247
591.95	99.8178
590.034	99.8119
588.13	99.816
586.238	99.8293
584.358	99.8427
582.49	99.847
580.634	99.8416
578.79	99.8347
576.958	99.8353
575.137	99.845
573.328	99.8567
571.53	99.8617
569.743	99.8573
567.967	99.8497
566.203	99.8473
564.449	99.8533
562.706	99.8626
560.974	99.867
559.253	99.863
557.542	99.855
555.841	99.8508
554.151	99.8541
552.471	99.8612
550.802	99.8646
549.142	99.86
547.492	99.851
545.852	99.8451
544.222	99.8467
542.602	99.853
540.991	99.8562
539.39	99.8513
537.798	99.8406
536.216	99.832
534.643	99.8315
533.079	99.8376
531.524	99.8426
529.979	99.8394
528.442	99.8283
526.914	99.8169
525.395	99.813
523.885	99.8181
522.383	99.8256
520.89	99.8268
519.405	99.819
517.929	99.8077
516.461	99.8018
515.002	99.8058
513.551	99.8157
512.108	99.8227
510.673	99.8199
509.246	99.8082
507.827	99.7947
506.415	99.7862
505.012	99.7836
503.616	99.7817
502.229	99.7741
500.848	99.7584
499.476	99.7381
498.111	99.7192
496.753	99.7063
495.402	99.7002
494.059	99.6995
492.724	99.7025
491.395	99.7076
490.074	99.7129
488.759	99.7153
487.452	99.7126
486.152	99.7055
484.858	99.6985
483.572	99.6968
482.292	99.702
481.019	99.7104
479.753	99.7153
478.493	99.7131
477.24	99.7069
475.994	99.7043
474.754	99.7107
473.52	99.7239
472.293	99.7348
471.072	99.7346
469.858	99.7226
468.649	99.7075
467.447	99.7007
466.251	99.7072
465.062	99.7212
463.878	99.7301
462.7	99.7246
461.528	99.7062
460.362	99.6852
459.202	99.6729
458.048	99.6724
456.9	99.6776
455.757	99.6791
454.62	99.6726
453.489	99.6622
452.363	99.6563
451.243	99.6592
450.129	99.6675
449.02	99.6731
447.916	99.6703
446.818	99.661
445.725	99.6528
444.638	99.6521
443.556	99.6586
442.479	99.6658
441.407	99.6666
440.34	99.6596
439.279	99.6502
438.223	99.6456
437.171	99.6484
436.125	99.655
435.084	99.6584
434.048	99.6552
433.017	99.6477
431.99	99.6422
430.969	99.6426
429.952	99.6478
428.94	99.6523
427.933	99.6516
426.93	99.6461
425.932	99.6406
424.939	99.6397
423.951	99.6437
422.967	99.6484
421.987	99.6489
421.012	99.6444
420.042	99.6382
419.076	99.6355
418.115	99.638
417.158	99.6428
416.205	99.6451
415.257	99.6423
414.313	99.6364
413.373	99.6323
412.437	99.6331
411.506	99.6376
410.579	99.6412
409.656	99.64
408.737	99.6339
407.823	99.627
406.912	99.6236
406.005	99.6248
405.103	99.6276
404.204	99.6278
403.31	99.6234
402.419	99.6165
401.533	99.6109
400.65	99.6094
399.771	99.6109
398.896	99.6119
398.025	99.6096
397.157	99.604
396.294	99.598
395.434	99.5945
394.578	99.5943
393.725	99.5954
392.877	99.5948
392.031	99.5914
391.19	99.5863
390.352	99.5821
389.518	99.5807
388.687	99.5818
387.86	99.5834
387.036	99.5835
386.216	99.5817
385.399	99.5792
384.586	99.5779
383.776	99.5795
382.969	99.5844
382.166	99.5907
381.367	99.5952
380.57	99.5939
379.777	99.5835
378.987	99.5633
378.201	99.5361
377.418	99.5076
376.638	99.4842
375.861	99.4696
375.087	99.4635
374.317	99.4626
373.55	99.4629
372.785	99.4625
372.024	99.4621
371.267	99.4634
370.512	99.4665
369.76	99.4699
369.011	99.4712
368.266	99.4696
367.523	99.4663
366.783	99.4636
366.047	99.463
365.313	99.4632
364.582	99.4619
363.854	99.4577
363.129	99.4512
362.407	99.4451
361.688	99.4413
360.971	99.4394
360.258	99.4371
359.547	99.4322
358.839	99.4247
358.134	99.417
357.432	99.4115
356.732	99.4089
356.035	99.4069
355.341	99.4028
354.649	99.3958
353.96	99.3878
353.274	99.3815
352.591	99.3783
351.91	99.3769
351.232	99.3743
350.556	99.3691
349.883	99.3622
349.213	99.3562
348.545	99.3528
347.879	99.3512
347.217	99.3489
346.556	99.3444
345.899	99.3384
345.243	99.3338
344.591	99.3323
343.94	99.333
343.292	99.3333
342.647	99.3309
342.004	99.3267
341.363	99.3237
340.725	99.3241
340.089	99.3271
339.456	99.3288
338.825	99.3261
338.196	99.3197
337.569	99.3139
336.945	99.3132
336.324	99.3179
335.704	99.3234
335.087	99.3244
334.472	99.3192
333.859	99.3119
333.249	99.3086
332.64	99.3123
332.034	99.3193
331.43	99.3228
330.829	99.3189
330.229	99.3103
329.632	99.3044
329.037	99.3065
328.444	99.3148
327.853	99.3215
327.264	99.3198
326.678	99.3106
326.093	99.3017
325.511	99.3011
324.93	99.3086
324.352	99.3157
323.776	99.3128
323.201	99.2995
322.629	99.2861
322.059	99.2861
321.491	99.3024
320.925	99.3227
320.361	99.3267
319.799	99.3034
319.238	99.2621
318.68	99.2284
318.124	99.2257
317.57	99.2565
317.017	99.2991
316.467	99.3234
315.918	99.3135
315.371	99.2799
314.826	99.2503
314.284	99.2474
313.743	99.2703
313.203	99.2967
312.666	99.3016
312.13	99.2793
311.597	99.2479
311.065	99.2338
310.535	99.2493
310.007	99.2816
309.48	99.303
308.956	99.2942
308.433	99.2603
307.912	99.2264
307.392	99.2168
306.875	99.2349
306.359	99.2605
305.845	99.2675
305.332	99.2455
304.821	99.2082
304.312	99.1815
303.805	99.1816
303.3	99.202
302.796	99.2201
302.293	99.2168
301.793	99.1924
301.294	99.1657
300.797	99.1567
300.301	99.1698
299.807	99.1901
299.314	99.1971
298.824	99.1825
298.335	99.1569
297.847	99.1402
297.361	99.144
296.877	99.1618
296.394	99.1752
295.912	99.1704
295.433	99.1498
294.955	99.1297
294.478	99.1257
294.003	99.1393
293.529	99.1566
293.057	99.161
292.587	99.1476
292.118	99.1272
291.65	99.1162
291.184	99.1225
290.72	99.1385
290.257	99.1485
289.795	99.1425
289.335	99.1246
288.877	99.1091
288.419	99.1077
287.964	99.1193
287.509	99.1313
287.057	99.1312
286.605	99.1174
286.155	99.1008
285.706	99.0945
285.259	99.1027
284.813	99.1166
284.369	99.1229
283.926	99.1151
283.484	99.0993
283.044	99.0879
282.605	99.0889
282.168	99.0979
281.731	99.1023
281.297	99.0917
280.863	99.0669
280.431	99.0386
280	99.0185
