1200	99.5023
1192.15	99.5061
1184.4	99.5211
1176.75	99.5405
1169.21	99.5539
1161.75	99.5537
1154.39	99.5398
1147.13	99.5196
1139.95	99.5036
1132.86	99.4988
1125.87	99.5049
1118.95	99.5142
1112.13	99.5164
1105.38	99.5049
1098.72	99.4811
1092.13	99.453
1085.63	99.4308
1079.2	99.4207
1072.84	99.4209
1066.56	99.423
1060.36	99.417
1054.23	99.3976
1048.16	99.3672
1042.17	99.3345
1036.24	99.3096
1030.38	99.2972
1024.59	99.2945
1018.86	99.2924
1013.2	99.2813
1007.6	99.2571
1002.06	99.2233
996.576	99.1894
991.156	99.1647
985.795	99.1531
980.491	99.1503
975.244	99.1468
970.053	99.1334
964.917	99.1072
959.835	99.0731
954.806	99.0408
949.83	99.0193
944.905	99.0111
940.031	99.0108
935.207	99.0082
930.433	98.9949
925.707	98.9692
921.028	98.9372
916.397	98.9092
911.812	98.8934
907.273	98.8909
902.778	98.895
898.328	98.8952
893.922	98.8838
889.559	98.8605
885.238	98.8327
880.958	98.8111
876.72	98.8031
872.523	98.8082
868.365	98.8184
864.247	98.8226
860.168	98.8142
856.127	98.7945
852.124	98.7724
848.159	98.7591
844.23	98.761
840.337	98.7754
836.48	98.7928
832.658	98.8018
828.871	98.7967
825.118	98.7813
821.399	98.7666
817.714	98.7639
814.061	98.7783
810.441	98.8046
806.853	98.8305
803.296	98.844
799.771	98.8414
796.277	98.83
792.813	98.8245
789.379	98.8385
785.974	98.8758
782.599	98.9273
779.253	98.9758
775.935	99.0057
772.645	99.0124
769.383	99.0056
766.149	99.0038
762.941	99.0235
759.761	99.0684
756.606	99.1256
753.478	99.1721
750.376	99.1869
747.299	99.1641
744.247	99.1169
741.22	99.0724
738.218	99.0571
735.239	99.0828
732.285	99.1395
729.354	99.2008
726.447	99.2378
723.563	99.2354
720.702	99.2001
717.863	99.1571
715.046	99.1356
712.251	99.1533
709.479	99.206
706.727	99.2703
703.997	99.3168
701.288	99.3264
698.6	99.3012
695.932	99.2631
693.285	99.2413
690.657	99.2555
688.05	99.305
685.462	99.3693
682.893	99.4198
680.344	99.4362
677.814	99.4182
675.302	99.3852
672.809	99.3652
670.334	99.3785
667.878	99.426
665.439	99.489
663.018	99.54
660.615	99.5588
658.229	99.5438
655.86	99.5135
653.508	99.4946
651.173	99.5074
648.854	99.5531
646.553	99.6137
644.267	99.6622
641.997	99.6785
639.744	99.6615
637.506	99.6293
635.283	99.6089
633.077	99.6205
630.885	99.6651
628.709	99.7239
626.547	99.7693
624.4	99.7809
622.268	99.7578
620.151	99.7191
618.048	99.6934
615.959	99.7019
613.884	99.7456
611.823	99.8044
609.776	99.8488
607.742	99.8564
605.723	99.8259
603.716	99.7779
601.723	99.7434
599.742	99.746
597.775	99.7878
595.821	99.8479
593.879	99.894
591.95	99.9007
590.034	99.8651
588.13	99.8086
586.238	99.765
584.358	99.7615
582.49	99.8025
580.634	99.8667
578.79	99.9184
576.958	99.9286
575.137	99.8914
573.328	99.8286
571.53	99.7774
569.743	99.7696
567.967	99.8121
566.203	99.882
564.449	99.9378
562.706	99.9423
560.974	99.8834
559.253	99.7824
557.542	99.6832
555.841	99.6294
554.151	99.6404
552.471	99.7015
550.802	99.7712
549.142	99.805
547.492	99.7797
545.852	99.7072
544.222	99.628
542.602	99.5891
540.991	99.6171
539.39	99.702
537.798	99.8007
536.216	99.8586
534.643	99.8379
533.079	99.7388
531.524	99.5998
529.979	99.4797
528.442	99.4283
526.914	99.4615
525.395	99.5548
523.885	99.6557
522.383	99.7104
520.89	99.6889
519.405	99.5974
517.929	99.4718
516.461	99.3567
515.002	99.2827
513.551	99.2537
512.108	99.2494
510.673	99.2407
509.246	99.2089
507.827	99.156
506.415	99.1032
505.012	99.0764
503.616	99.0906
502.229	99.1395
500.848	99.1986
499.476	99.2382
498.111	99.2399
496.753	99.2062
495.402	99.1584
494.059	99.1248
492.724	99.1247
491.395	99.1581
490.074	99.2066
488.759	99.2441
487.452	99.2517
486.152	99.2277
484.858	99.1878
483.572	99.1561
482.292	99.1509
481.019	99.1752
479.753	99.2153
478.493	99.2493
477.24	99.2598
475.994	99.2428
474.754	99.2101
473.52	99.1814
472.293	99.1734
471.072	99.1905
469.858	99.2227
468.649	99.252
467.447	99.2629
466.251	99.2507
465.062	99.2239
463.878	99.1988
462.7	99.1898
461.528	99.2017
460.362	99.2274
459.202	99.2521
458.048	99.2626
456.9	99.254
455.757	99.2326
454.62	99.2117
453.489	99.2035
452.363	99.2127
451.243	99.2337
450.129	99.2548
449.02	99.2645
447.916	99.2588
446.818	99.2423
445.725	99.226
444.638	99.2199
443.556	99.2281
442.479	99.246
441.407	99.264
440.34	99.2728
439.279	99.2688
438.223	99.2561
437.171	99.2437
436.125	99.2399
435.084	99.2478
434.048	99.2633
433.017	99.2784
431.99	99.2853
430.969	99.2815
429.952	99.2707
428.94	99.2607
427.933	99.2583
426.93	99.2656
425.932	99.2788
424.939	99.2906
423.951	99.2947
422.967	99.2894
421.987	99.2785
421.012	99.2689
420.042	99.2665
419.076	99.2726
418.115	99.2834
417.158	99.292
416.205	99.2928
415.257	99.2849
414.313	99.2721
413.373	99.2611
412.437	99.2573
411.506	99.2618
410.579	99.2705
409.656	99.2768
408.737	99.2754
407.823	99.2652
406.912	99.2499
406.005	99.2362
405.103	99.2295
404.204	99.2316
403.31	99.2393
402.419	99.2463
401.533	99.2469
400.65	99.2384
399.771	99.2227
398.896	99.2047
398.025	99.1903
397.157	99.1837
396.294	99.1867
395.434	99.1984
394.578	99.2169
393.725	99.2397
392.877	99.2639
392.031	99.2857
391.19	99.3006
390.352	99.3046
389.518	99.2958
388.687	99.2771
387.86	99.2557
387.036	99.2416
386.216	99.2428
385.399	99.2616
384.586	99.2925
383.776	99.3244
382.969	99.3452
382.166	99.3479
381.367	99.3348
380.57	99.3162
379.777	99.3054
378.987	99.3122
378.201	99.3369
377.418	99.3702
376.638	99.3976
375.861	99.4068
375.087	99.395
374.317	99.3701
373.55	99.347
372.785	99.3404
372.024	99.3563
371.267	99.3893
370.512	99.425
369.76	99.4476
369.011	99.4483
368.266	99.4295
367.523	99.4041
366.783	99.388
366.047	99.3917
365.313	99.4153
364.582	99.4483
363.854	99.4757
363.129	99.4861
362.407	99.4778
361.688	99.4591
360.971	99.4436
360.258	99.4423
359.547	99.4576
358.839	99.4824
358.134	99.5046
357.432	99.5143
356.732	99.5092
356.035	99.4963
355.341	99.487
354.649	99.4905
353.96	99.5077
353.274	99.5306
352.591	99.5468
351.91	99.5466
351.232	99.5295
350.556	99.505
349.883	99.4876
349.213	99.4885
348.545	99.509
347.879	99.5388
347.217	99.5607
346.556	99.5601
345.899	99.533
345.243	99.4891
344.591	99.4474
343.94	99.4263
343.292	99.4343
342.647	99.4648
342.004	99.4993
341.363	99.5169
340.725	99.5046
340.089	99.4645
339.456	99.4128
338.825	99.3709
338.196	99.3548
337.569	99.3665
336.945	99.3933
336.324	99.4145
335.704	99.4121
335.087	99.3805
334.472	99.329
333.859	99.2772
333.249	99.2442
332.64	99.2395
332.034	99.2573
331.43	99.2806
330.829	99.2894
330.229	99.2717
329.632	99.2291
329.037	99.1761
328.444	99.1333
327.853	99.1162
327.264	99.1288
326.678	99.1613
326.093	99.1952
325.511	99.2124
324.93	99.2034
324.352	99.1714
323.776	99.1303
323.201	99.098
322.629	99.0885
322.059	99.1064
321.491	99.1452
320.925	99.191
320.361	99.2278
319.799	99.2441
319.238	99.2363
318.68	99.21
318.124	99.178
317.57	99.1561
317.017	99.1586
316.467	99.1931
315.918	99.2578
315.371	99.3407
314.826	99.4219
314.284	99.4791
313.743	99.4946
313.203	99.4616
312.666	99.3868
312.13	99.2891
311.597	99.1923
311.065	99.1171
310.535	99.0736
310.007	99.059
309.48	99.0615
308.956	99.0672
308.433	99.0689
307.912	99.0693
307.392	99.0791
306.875	99.11
306.359	99.166
305.845	99.239
305.332	99.3107
304.821	99.36
304.312	99.374
303.805	99.3551
303.3	99.3204
302.796	99.2942
302.293	99.2961
301.793	99.3309
301.294	99.386
300.797	99.4374
300.301	99.4622
299.807	99.4503
299.314	99.4098
298.824	99.3634
298.335	99.3361
297.847	99.3429
297.361	99.3804
296.877	99.429
296.394	99.4629
295.912	99.4642
295.433	99.4317
294.955	99.3824
294.478	99.3418
294.003	99.3308
293.529	99.3548
293.057	99.4004
292.587	99.4435
292.118	99.4619
291.65	99.447
291.184	99.4088
290.72	99.3697
290.257	99.3527
289.795	99.3685
289.335	99.4099
288.877	99.4558
288.419	99.4831
287.964	99.479
287.509	99.4485
287.057	99.4112
286.605	99.3907
286.155	99.4012
285.706	99.4399
285.259	99.488
284.813	99.5215
284.369	99.5242
283.926	99.497
283.484	99.4572
283.044	99.4297
282.605	99.4326
282.168	99.4672
281.731	99.5169
281.297	99.556
280.863	99.5636
280.431	99.535
280	99.4842
