1200	99.5869
1192.15	99.5787
1184.4	99.566
1176.75	99.5598
1169.21	99.5627
1161.75	99.565
1154.39	99.5579
1147.13	99.5451
1139.95	99.538
1132.86	99.5406
1125.87	99.5442
1118.95	99.5387
1112.13	99.5264
1105.38	99.5187
1098.72	99.5214
1092.13	99.5265
1085.63	99.5231
1079.2	99.5118
1072.84	99.504
1066.56	99.507
1060.36	99.5139
1054.23	99.5131
1048.16	99.5033
1042.17	99.4957
1036.24	99.4991
1030.38	99.508
1024.59	99.5101
1018.86	99.5022
1013.2	99.495
1007.6	99.4989
1002.06	99.51
996.576	99.5152
991.156	99.5095
985.795	99.5029
980.491	99.5072
975.244	99.5204
970.053	99.5289
964.917	99.5255
959.835	99.5195
954.806	99.524
949.83	99.5391
944.905	99.5509
940.031	99.5501
935.207	99.5444
930.433	99.5488
925.707	99.5655
921.028	99.5805
916.397	99.5821
911.812	99.5766
907.273	99.5803
902.778	99.5981
898.328	99.6163
893.922	99.6203
889.559	99.6144
885.238	99.6168
880.958	99.6351
876.72	99.6562
872.523	99.6625
868.365	99.6559
864.247	99.6559
860.168	99.6741
856.127	99.6979
852.124	99.7065
848.159	99.6986
844.23	99.6952
840.337	99.7123
836.48	99.7388
832.658	99.7499
828.871	99.7401
825.118	99.7319
821.399	99.7471
817.714	99.7767
814.061	99.7907
810.441	99.7778
806.853	99.7629
803.296	99.776
799.771	99.8109
796.277	99.8291
792.813	99.8098
789.379	99.7828
785.974	99.7958
782.599	99.8509
779.253	99.8909
775.935	99.8624
772.645	99.7852
769.383	99.7408
766.149	99.7835
762.941	99.8749
759.761	99.9223
756.606	99.8813
753.478	99.8053
750.376	99.7828
747.299	99.8352
744.247	99.8952
741.22	99.8897
738.218	99.8265
735.239	99.7829
732.285	99.8101
729.354	99.8721
726.447	99.8908
723.563	99.8416
720.702	99.7819
717.863	99.7802
715.046	99.8326
712.251	99.8697
709.479	99.8421
706.727	99.7798
703.997	99.7538
701.288	99.7881
698.6	99.8327
695.932	99.8266
693.285	99.7727
690.657	99.7322
688.05	99.7475
685.462	99.7912
682.893	99.8021
680.344	99.7616
677.814	99.7152
675.302	99.7141
672.809	99.7521
670.334	99.775
667.878	99.7495
665.439	99.7035
663.018	99.6896
660.615	99.7192
658.229	99.7496
655.86	99.7389
653.508	99.698
651.173	99.6753
648.854	99.6955
646.553	99.7293
644.267	99.7321
641.997	99.6999
639.744	99.6733
637.506	99.6849
635.283	99.7193
633.077	99.7337
630.885	99.7129
628.709	99.6876
626.547	99.6941
624.4	99.7288
622.268	99.7538
620.151	99.7465
618.048	99.7278
615.959	99.7347
613.884	99.773
611.823	99.8101
609.776	99.818
607.742	99.8093
605.723	99.8206
603.716	99.865
601.723	99.9144
599.742	99.9346
597.775	99.9267
595.821	99.9222
593.879	99.9361
591.95	99.9409
590.034	99.8966
588.13	99.8028
586.238	99.708
584.358	99.6613
582.49	99.6634
580.634	99.6725
578.79	99.6573
576.958	99.6315
575.137	99.6303
573.328	99.6628
571.53	99.6992
569.743	99.7074
567.967	99.6915
566.203	99.685
564.449	99.7078
562.706	99.7435
560.974	99.7618
559.253	99.7561
557.542	99.7489
555.841	99.7602
554.151	99.7815
552.471	99.7896
550.802	99.7789
549.142	99.7702
547.492	99.7837
545.852	99.8116
544.222	99.827
542.602	99.8178
540.991	99.8022
539.39	99.8059
537.798	99.8301
536.216	99.8503
534.643	99.8479
533.079	99.8332
531.524	99.831
529.979	99.8488
528.442	99.8673
526.914	99.8663
525.395	99.8505
523.885	99.8433
522.383	99.8557
520.89	99.8723
519.405	99.8718
517.929	99.8543
516.461	99.8419
515.002	99.849
513.551	99.8641
512.108	99.8646
510.673	99.8466
509.246	99.8299
507.827	99.8314
506.415	99.8432
505.012	99.8431
503.616	99.8252
502.229	99.8081
500.848	99.8091
499.476	99.8189
498.111	99.8112
496.753	99.7794
495.402	99.7507
494.059	99.7559
492.724	99.789
491.395	99.8096
490.074	99.7886
488.759	99.7446
487.452	99.7234
486.152	99.7437
484.858	99.7743
483.572	99.7718
482.292	99.7341
481.019	99.7035
479.753	99.7149
478.493	99.7521
477.24	99.7666
475.994	99.7369
474.754	99.6952
473.52	99.6884
472.293	99.7208
471.072	99.7487
469.858	99.7342
468.649	99.6915
467.447	99.6693
466.251	99.6908
465.062	99.7255
463.878	99.7277
462.7	99.6924
461.528	99.6616
460.362	99.6713
459.202	99.7075
458.048	99.724
456.9	99.7
455.757	99.6656
454.62	99.6636
453.489	99.6964
452.363	99.7236
451.243	99.7123
450.129	99.6783
449.02	99.6654
447.916	99.6908
446.818	99.724
445.725	99.7255
444.638	99.6959
443.556	99.6744
442.479	99.6897
441.407	99.7243
440.34	99.7373
439.279	99.7152
438.223	99.6886
437.171	99.6933
436.125	99.7255
435.084	99.7473
434.048	99.7346
433.017	99.7067
431.99	99.7017
430.969	99.7283
429.952	99.7557
428.94	99.7527
427.933	99.7264
426.93	99.713
425.932	99.7319
424.939	99.7616
423.951	99.7672
422.967	99.7446
421.987	99.7247
421.012	99.7344
420.042	99.7629
419.076	99.7757
418.115	99.7581
417.158	99.7335
416.205	99.7336
415.257	99.7582
414.313	99.776
413.373	99.7643
412.437	99.7374
411.506	99.7283
410.579	99.7469
409.656	99.7679
408.737	99.7624
407.823	99.7352
406.912	99.718
406.005	99.7301
405.103	99.753
404.204	99.754
403.31	99.7272
402.419	99.7024
401.533	99.7087
400.65	99.7375
399.771	99.7503
398.896	99.7236
398.025	99.6779
397.157	99.6563
396.294	99.6776
395.434	99.7166
394.578	99.7323
393.725	99.7109
392.877	99.6765
392.031	99.6632
391.19	99.6801
390.352	99.7061
389.518	99.7122
388.687	99.6872
387.86	99.6441
387.036	99.6084
386.216	99.6019
385.399	99.6285
384.586	99.6707
383.776	99.6985
382.969	99.693
382.166	99.6649
381.367	99.647
380.57	99.6617
379.777	99.6943
378.987	99.7065
378.201	99.6792
377.418	99.6387
376.638	99.631
375.861	99.669
375.087	99.7134
374.317	99.714
373.55	99.6683
372.785	99.6271
372.024	99.6384
371.267	99.6903
370.512	99.7236
369.76	99.7002
369.011	99.6492
368.266	99.6337
367.523	99.6761
366.783	99.7301
366.047	99.7351
365.313	99.6888
364.582	99.6514
363.854	99.6745
363.129	99.7377
362.407	99.7704
361.688	99.7338
360.971	99.666
360.258	99.637
359.547	99.6662
358.839	99.7014
358.134	99.6831
357.432	99.6176
356.732	99.5696
356.035	99.5848
355.341	99.6345
354.649	99.6496
353.96	99.6023
353.274	99.5383
352.591	99.5212
351.91	99.5572
351.232	99.5902
350.556	99.5711
349.883	99.5168
349.213	99.4879
348.545	99.5146
347.879	99.5603
347.217	99.5669
346.556	99.5251
345.899	99.4842
345.243	99.4911
344.591	99.5338
343.94	99.5568
343.292	99.5295
342.647	99.4822
342.004	99.4684
341.363	99.4994
340.725	99.5321
340.089	99.5223
339.456	99.4786
338.825	99.4503
338.196	99.467
337.569	99.5034
336.945	99.511
336.324	99.4781
335.704	99.4421
335.087	99.4438
334.472	99.4773
333.859	99.4988
333.249	99.4802
332.64	99.4425
332.034	99.4289
331.43	99.4526
330.829	99.4833
330.229	99.4855
329.632	99.4609
329.037	99.4428
328.444	99.453
327.853	99.4754
327.264	99.4782
326.678	99.4549
326.093	99.4322
325.511	99.4353
324.93	99.4566
324.352	99.4657
323.776	99.448
323.201	99.4229
322.629	99.4189
322.059	99.4379
321.491	99.4533
320.925	99.4437
320.361	99.4192
319.799	99.4083
319.238	99.4218
318.68	99.4399
318.124	99.4374
317.57	99.4152
317.017	99.3987
316.467	99.4053
315.918	99.4235
315.371	99.4281
314.826	99.4119
314.284	99.3935
313.743	99.3931
313.203	99.4074
312.666	99.4159
312.13	99.4086
311.597	99.3972
311.065	99.397
310.535	99.4033
310.007	99.3972
309.48	99.3739
308.956	99.3549
308.433	99.3651
307.912	99.4
307.392	99.4258
306.875	99.4172
306.359	99.3875
305.845	99.3739
305.332	99.3931
304.821	99.4216
304.312	99.4244
303.805	99.3988
303.3	99.3777
302.796	99.3887
302.293	99.4187
301.793	99.4299
301.294	99.4069
300.797	99.3778
300.301	99.3803
299.807	99.414
299.314	99.4392
298.824	99.4249
298.335	99.3881
297.847	99.3747
297.361	99.4034
296.877	99.4417
296.394	99.4447
295.912	99.4102
295.433	99.3821
294.955	99.3964
294.478	99.4355
294.003	99.4472
293.529	99.4072
293.057	99.3497
292.587	99.3273
292.118	99.3496
291.65	99.3735
291.184	99.3574
290.72	99.3123
290.257	99.2871
289.795	99.3077
289.335	99.3442
288.877	99.3483
288.419	99.3135
287.964	99.2831
287.509	99.2958
287.057	99.3367
286.605	99.3546
286.155	99.3262
285.706	99.2853
285.259	99.2821
284.813	99.3201
284.369	99.3507
283.926	99.3334
283.484	99.2868
283.044	99.267
282.605	99.2981
282.168	99.3405
281.731	99.3388
281.297	99.2906
280.863	99.2519
280.431	99.2698
280	99.3233
