1200	0.426928
1192.15	0.432304
1184.4	0.436998
1176.75	0.441139
1169.21	0.445182
1161.75	0.449238
1154.39	0.452892
1147.13	0.455778
1139.95	0.458104
1132.86	0.460356
1125.87	0.462597
1118.95	0.464359
1112.13	0.465306
1105.38	0.465727
1098.72	0.466131
1092.13	0.46652
1085.63	0.466375
1079.2	0.465403
1072.84	0.463974
1066.56	0.46261
1060.36	0.461237
1054.23	0.459293
1048.16	0.45654
1042.17	0.453428
1036.24	0.450476
1030.38	0.44753
1024.59	0.443987
1018.86	0.439674
1013.2	0.435123
1007.6	0.430833
1002.06	0.426563
996.576	0.421678
991.156	0.416077
985.795	0.410372
980.491	0.405031
975.244	0.399717
970.053	0.393772
964.917	0.387177
959.835	0.380616
954.806	0.37452
949.83	0.36845
944.905	0.361728
940.031	0.354426
935.207	0.347301
930.433	0.340735
925.707	0.334183
921.028	0.32695
916.397	0.319206
911.812	0.311787
907.273	0.305015
902.778	0.298231
898.328	0.290721
893.922	0.282767
889.559	0.275289
885.238	0.268548
880.958	0.261752
876.72	0.254162
872.523	0.246184
868.365	0.238847
864.247	0.232349
860.168	0.225729
856.127	0.2182
852.124	0.210321
848.159	0.203281
844.23	0.197215
840.337	0.190917
836.48	0.183492
832.658	0.175707
828.871	0.16904
825.118	0.16356
821.399	0.157608
817.714	0.149984
814.061	0.141795
810.441	0.135158
806.853	0.12998
803.296	0.123018
799.771	0.111195
796.277	0.095879
792.813	0.0830457
789.379	0.0784029
785.974	0.0821913
782.599	0.0889617
779.253	0.0924521
775.935	0.0905597
772.645	0.0858096
769.383	0.0817482
766.149	0.0795413
762.941	0.0779317
759.761	0.0756154
756.606	0.0728707
753.478	0.0708877
750.376	0.0701525
747.299	0.0699973
744.247	0.0696227
741.22	0.0690958
738.218	0.0691109
735.239	0.0699918
732.285	0.0712793
729.354	0.0723594
726.447	0.0732342
723.563	0.0744402
720.702	0.0762831
717.863	0.0784236
715.046	0.0803359
712.251	0.0819996
709.479	0.0838998
706.727	0.0863518
703.997	0.089066
701.288	0.0915369
698.6	0.0937261
695.932	0.0961055
693.285	0.0989973
690.657	0.102112
688.05	0.104929
685.462	0.107405
682.893	0.110029
680.344	0.113125
677.814	0.116368
675.302	0.119195
672.809	0.121574
670.334	0.124036
667.878	0.126903
665.439	0.129764
663.018	0.131982
660.615	0.133541
658.229	0.135043
655.86	0.136781
653.508	0.138188
651.173	0.13848
648.854	0.137649
646.553	0.136381
644.267	0.134901
641.997	0.13234
639.744	0.127619
637.506	0.120706
635.283	0.112422
633.077	0.102872
630.885	0.0906449
628.709	0.0741605
626.547	0.0535407
624.4	0.0303365
622.268	0.00521836
620.151	-0.022806
618.048	-0.0529458
615.959	-0.0775493
613.884	-0.081761
611.823	-0.05116
609.776	0.0173312
607.742	0.11056
605.723	0.205313
603.716	0.281109
601.723	0.329702
599.742	0.355068
597.775	0.366193
595.821	0.370035
593.879	0.369533
591.95	0.365631
590.034	0.359314
588.13	0.351669
586.238	0.343171
584.358	0.333924
582.49	0.324565
580.634	0.31629
578.79	0.30967
576.958	0.30377
575.137	0.296895
573.328	0.288281
571.53	0.278787
569.743	0.269819
567.967	0.261785
566.203	0.253867
564.449	0.245199
562.706	0.235877
560.974	0.226652
559.253	0.217846
557.542	0.208962
555.841	0.199403
554.151	0.189294
552.471	0.179339
550.802	0.169953
549.142	0.160815
547.492	0.15138
545.852	0.141649
544.222	0.132206
542.602	0.12351
540.991	0.115354
539.39	0.107163
537.798	0.0987659
536.216	0.090692
534.643	0.0836004
533.079	0.0774506
531.524	0.071357
529.979	0.0643857
528.442	0.0565754
526.914	0.0491596
525.395	0.0436595
523.885	0.0405998
522.383	0.0390455
520.89	0.0374505
519.405	0.0350342
517.929	0.0323202
516.461	0.0303023
515.002	0.0291722
513.551	0.0280572
512.108	0.0261108
510.673	0.0237332
509.246	0.0224741
507.827	0.0236227
506.415	0.0269792
505.012	0.0311181
503.616	0.0347943
502.229	0.0379446
500.848	0.0413285
499.476	0.0454355
498.111	0.0499811
496.753	0.054423
495.402	0.0586677
494.059	0.0630479
492.724	0.0676964
491.395	0.0722356
490.074	0.0762388
488.759	0.07985
487.452	0.0836658
486.152	0.0878912
484.858	0.0917908
483.572	0.0942724
482.292	0.095165
481.019	0.0958053
479.753	0.0981115
478.493	0.102902
477.24	0.109111
475.994	0.114712
474.754	0.118422
473.52	0.120513
472.293	0.122073
471.072	0.123735
469.858	0.125274
468.649	0.1263
467.447	0.126991
466.251	0.12794
465.062	0.129425
463.878	0.131122
462.7	0.132608
461.528	0.133903
460.362	0.135348
459.202	0.137027
458.048	0.138579
456.9	0.13965
455.757	0.14032
454.62	0.140915
453.489	0.141495
452.363	0.141759
451.243	0.14149
450.129	0.140881
449.02	0.140264
447.916	0.139649
446.818	0.13875
445.725	0.137447
444.638	0.135999
443.556	0.134695
442.479	0.13345
441.407	0.13196
440.34	0.130187
439.279	0.128446
438.223	0.12696
437.171	0.125537
436.125	0.123865
435.084	0.122003
434.048	0.120326
433.017	0.118986
431.99	0.117681
430.969	0.116108
429.952	0.114438
428.94	0.113106
427.933	0.112172
426.93	0.111216
425.932	0.109952
424.939	0.108677
423.951	0.107867
422.967	0.107466
421.987	0.106923
421.012	0.105974
420.042	0.10505
419.076	0.104659
418.115	0.104602
417.158	0.104187
416.205	0.103199
415.257	0.10223
414.313	0.101827
413.373	0.101632
412.437	0.100809
411.506	0.0992276
410.579	0.097697
409.656	0.0968196
408.737	0.096042
407.823	0.0943433
406.912	0.0917018
406.005	0.0892352
405.103	0.0876497
404.204	0.0860987
403.31	0.0832063
402.419	0.0790531
401.533	0.0753379
400.65	0.0731474
399.771	0.0710933
398.896	0.0665144
398.025	0.0587334
397.157	0.0505959
396.294	0.0463003
395.434	0.0477632
394.578	0.0533128
393.725	0.0596732
392.877	0.0646439
392.031	0.0677576
391.19	0.0690821
390.352	0.0683083
389.518	0.0652009
388.687	0.0603706
387.86	0.0550525
387.036	0.0501544
386.216	0.0458206
385.399	0.0419219
384.586	0.0386353
383.776	0.0363809
382.969	0.0354708
382.166	0.036194
381.367	0.0392463
380.57	0.0457171
379.777	0.0563359
378.987	0.0706628
378.201	0.0870432
377.418	0.103312
376.638	0.117584
375.861	0.128672
375.087	0.136208
374.317	0.140591
373.55	0.142705
372.785	0.143412
372.024	0.143221
371.267	0.142422
370.512	0.141428
369.76	0.140759
369.011	0.140619
368.266	0.140683
367.523	0.140499
366.783	0.140063
366.047	0.13981
365.313	0.139998
364.582	0.140293
363.854	0.140145
363.129	0.139467
362.407	0.138717
361.688	0.138275
360.971	0.137944
360.258	0.137246
359.547	0.136098
358.839	0.13497
358.134	0.13432
357.432	0.134037
356.732	0.133616
356.035	0.132811
355.341	0.131953
354.649	0.131554
353.96	0.131681
353.274	0.131791
352.591	0.13117
351.91	0.129517
351.232	0.127191
350.556	0.124994
349.883	0.123648
349.213	0.123313
348.545	0.123464
347.879	0.123272
347.217	0.122221
346.556	0.120442
345.899	0.11846
345.243	0.116663
344.591	0.11507
343.94	0.113589
343.292	0.112357
342.647	0.111709
342.004	0.111865
341.363	0.112749
340.725	0.11412
340.089	0.115744
339.456	0.117356
338.825	0.118559
338.196	0.118968
337.569	0.118512
336.945	0.117504
336.324	0.116312
335.704	0.115015
335.087	0.113483
334.472	0.111742
333.859	0.110076
333.249	0.108683
332.64	0.107313
332.034	0.105426
331.43	0.102765
330.829	0.0996867
330.229	0.0968921
329.632	0.0948541
329.037	0.0935414
328.444	0.0925898
327.853	0.0915953
327.264	0.0902417
326.678	0.0883264
326.093	0.0858457
325.511	0.0830604
324.93	0.0803511
324.352	0.0779288
323.776	0.075721
323.201	0.0735795
322.629	0.0715435
322.059	0.0698107
321.491	0.0684604
320.925	0.067316
320.361	0.0661465
319.799	0.0649417
319.238	0.0638852
318.68	0.0630573
318.124	0.0622701
317.57	0.0612697
317.017	0.0600449
316.467	0.058828
315.918	0.057774
315.371	0.0567376
314.826	0.0554509
314.284	0.0538845
313.743	0.0523165
313.203	0.0509937
312.666	0.0498087
312.13	0.0484306
311.597	0.046767
311.065	0.0451781
310.535	0.0441058
310.007	0.0434936
309.48	0.0427044
308.956	0.0411494
308.433	0.0390261
307.912	0.0373626
307.392	0.0372518
306.875	0.039011
306.359	0.042097
305.845	0.04586
305.332	0.0504231
304.821	0.0569027
304.312	0.0667805
303.805	0.0808688
303.3	0.0985105
302.796	0.117501
302.293	0.134888
301.793	0.148339
301.294	0.157276
300.797	0.162911
300.301	0.167084
299.807	0.170875
299.314	0.174212
298.824	0.176684
298.335	0.178479
297.847	0.180319
297.361	0.182566
296.877	0.184733
296.394	0.186105
295.912	0.1867
295.433	0.187284
294.955	0.188347
294.478	0.189338
294.003	0.189204
293.529	0.187626
293.057	0.185437
292.587	0.183699
292.118	0.182611
291.65	0.181551
291.184	0.18007
290.72	0.17848
290.257	0.177321
289.795	0.176523
289.335	0.175415
288.877	0.173527
288.419	0.17107
287.964	0.16851
287.509	0.165925
287.057	0.163074
286.605	0.160011
286.155	0.157233
285.706	0.15503
285.259	0.15294
284.813	0.150229
284.369	0.146936
283.926	0.144116
283.484	0.142766
283.044	0.142593
282.605	0.142099
282.168	0.139986
281.731	0.13638
281.297	0.132602
280.863	0.129861
280.431	0.128318
280	0.127324
