1200	94.2624
1192.15	94.5989
1184.4	94.8021
1176.75	94.7911
1169.21	94.736
1161.75	94.8565
1154.39	95.1581
1147.13	95.4222
1139.95	95.4661
1132.86	95.3637
1125.87	95.3603
1118.95	95.5801
1112.13	95.8743
1105.38	95.9959
1098.72	95.8954
1092.13	95.784
1085.63	95.8844
1079.2	96.1622
1072.84	96.3623
1066.56	96.312
1060.36	96.1306
1054.23	96.0926
1048.16	96.2999
1042.17	96.5551
1036.24	96.5918
1030.38	96.3945
1024.59	96.2241
1018.86	96.3107
1013.2	96.5749
1007.6	96.7136
1002.06	96.5588
996.576	96.2849
991.156	96.2102
985.795	96.4183
980.491	96.6479
975.244	96.5929
970.053	96.2698
964.917	96.0161
959.835	96.1084
954.806	96.4402
949.83	96.6399
944.905	96.4983
940.031	96.2092
935.207	96.1361
930.433	96.3776
925.707	96.6441
921.028	96.6
916.397	96.2715
911.812	96.0296
907.273	96.1558
902.778	96.4965
898.328	96.6268
893.922	96.3489
889.559	95.9419
885.238	95.8522
880.958	96.1671
876.72	96.4909
872.523	96.3907
868.365	95.9108
864.247	95.5476
860.168	95.6877
856.127	96.1445
852.124	96.3472
848.159	95.9924
844.23	95.4192
840.337	95.2504
836.48	95.68
832.658	96.2166
828.871	96.208
825.118	95.5834
821.399	94.9707
817.714	95.0183
814.061	95.6482
810.441	96.0845
806.853	95.6704
803.296	94.615
799.771	93.8532
796.277	94.1398
792.813	95.3086
789.379	96.4472
785.974	96.7728
782.599	96.2938
779.253	95.6305
775.935	95.2919
772.645	95.2277
769.383	95.0778
766.149	94.7314
762.941	94.5035
759.761	94.7411
756.606	95.3604
753.478	95.8834
750.376	95.9443
747.299	95.6812
744.247	95.5625
741.22	95.8509
738.218	96.3167
735.239	96.5171
732.285	96.3074
729.354	95.9968
726.447	95.9824
723.563	96.295
720.702	96.5769
717.863	96.5035
715.046	96.1546
712.251	95.9128
709.479	96.0175
706.727	96.2961
703.997	96.3744
701.288	96.1114
698.6	95.7557
695.932	95.6507
693.285	95.8393
690.657	96.0233
688.05	95.9155
685.462	95.5694
682.893	95.3092
680.344	95.3514
677.814	95.5597
675.302	95.611
672.809	95.3718
670.334	95.047
667.878	94.9364
665.439	95.088
663.018	95.2499
660.615	95.1674
658.229	94.8761
655.86	94.6539
653.508	94.6958
651.173	94.8919
648.854	94.9617
646.553	94.781
644.267	94.5209
641.997	94.4439
639.744	94.5996
637.506	94.7732
635.283	94.7391
633.077	94.5209
630.885	94.358
628.709	94.425
626.547	94.6323
624.4	94.7356
622.268	94.6211
620.151	94.433
618.048	94.4014
615.959	94.5754
613.884	94.7707
611.823	94.7879
609.776	94.6419
607.742	94.5393
605.723	94.6361
603.716	94.8592
601.723	94.9968
599.742	94.9451
597.775	94.8252
595.821	94.8369
593.879	95.0272
591.95	95.2404
590.034	95.3042
588.13	95.228
586.238	95.1868
584.358	95.3127
582.49	95.5425
580.634	95.6949
578.79	95.6832
576.958	95.6129
575.137	95.6539
573.328	95.8416
571.53	96.0401
569.743	96.1056
567.967	96.056
566.203	96.0471
564.449	96.1874
562.706	96.4101
560.974	96.5531
559.253	96.5499
557.542	96.5073
555.841	96.5792
554.151	96.786
552.471	96.9909
550.802	97.0606
549.142	97.0209
547.492	97.0258
545.852	97.1768
544.222	97.4047
542.602	97.5504
540.991	97.5512
539.39	97.514
537.798	97.59
536.216	97.7973
534.643	97.9981
533.079	98.0579
531.524	98.0016
529.979	97.9869
528.442	98.1227
526.914	98.3441
525.395	98.486
523.885	98.4719
522.383	98.4014
520.89	98.4355
519.405	98.6134
517.929	98.8086
516.461	98.8737
515.002	98.8073
513.551	98.7535
512.108	98.8367
510.673	99.0215
509.246	99.1554
507.827	99.1428
506.415	99.051
505.012	99.0312
503.616	99.1463
502.229	99.3024
500.848	99.3579
499.476	99.2827
498.111	99.1892
496.753	99.2031
495.402	99.3232
494.059	99.4264
492.724	99.4071
491.395	99.2924
490.074	99.2082
488.759	99.2396
487.452	99.3416
486.152	99.3907
484.858	99.3143
483.572	99.157
482.292	99.0263
481.019	98.9899
479.753	99.0314
478.493	99.0927
477.24	99.1341
475.994	99.1483
474.754	99.1367
473.52	99.0991
472.293	99.0516
471.072	99.0344
469.858	99.0758
468.649	99.1483
467.447	99.1805
466.251	99.1302
465.062	99.0418
463.878	99.0116
462.7	99.0841
461.528	99.1924
460.362	99.2212
459.202	99.133
458.048	99.0181
456.9	99.003
455.757	99.1092
454.62	99.2224
453.489	99.213
452.363	99.0818
451.243	98.9657
450.129	98.9899
449.02	99.1266
447.916	99.2208
446.818	99.1596
445.725	99.0001
444.638	98.9103
443.556	98.9836
442.479	99.1315
441.407	99.1777
440.34	99.0513
439.279	98.8669
438.223	98.7999
437.171	98.8931
436.125	99.0094
435.084	98.9825
434.048	98.7998
433.017	98.6131
431.99	98.5662
430.969	98.632
429.952	98.6438
428.94	98.4865
427.933	98.2346
426.93	98.0809
425.932	98.129
424.939	98.2794
423.951	98.3348
422.967	98.212
421.987	98.0291
421.012	97.974
420.042	98.098
419.076	98.261
418.115	98.2854
417.158	98.1499
416.205	98.0118
415.257	98.036
414.313	98.2168
413.373	98.3867
412.437	98.3973
411.506	98.2768
410.579	98.1941
409.656	98.2731
408.737	98.4589
407.823	98.5784
406.912	98.5255
406.005	98.3735
405.103	98.2968
404.204	98.3892
403.31	98.5683
402.419	98.6632
401.533	98.5873
400.65	98.4206
399.771	98.3243
398.896	98.382
398.025	98.5246
397.157	98.604
396.294	98.5327
395.434	98.3582
394.578	98.2169
393.725	98.2232
392.877	98.3918
392.031	98.6378
391.19	98.8346
390.352	98.8765
389.518	98.721
388.687	98.4039
387.86	98.0265
387.036	97.7117
386.216	97.5441
385.399	97.5301
384.586	97.6088
383.776	97.7059
382.969	97.7852
382.166	97.855
381.367	97.935
380.57	98.0243
379.777	98.1041
378.987	98.1638
378.201	98.2155
377.418	98.279
376.638	98.3559
375.861	98.4265
375.087	98.474
374.317	98.506
373.55	98.5472
372.785	98.6108
372.024	98.6816
371.267	98.7339
370.512	98.7609
369.76	98.7832
369.011	98.8241
368.266	98.8797
367.523	98.9216
366.783	98.9286
366.047	98.9138
365.313	98.9141
364.582	98.9516
363.854	99.0108
363.129	99.0549
362.407	99.0664
361.688	99.0642
360.971	99.0819
360.258	99.1291
359.547	99.1815
358.839	99.2078
358.134	99.2044
357.432	99.1988
356.732	99.2183
356.035	99.2605
355.341	99.2969
354.649	99.3049
353.96	99.2919
353.274	99.2861
352.591	99.3052
351.91	99.3388
351.232	99.3615
350.556	99.3613
349.883	99.3509
349.213	99.3528
348.545	99.3746
347.879	99.4039
347.217	99.4238
346.556	99.4312
345.899	99.4377
345.243	99.4547
344.591	99.4823
343.94	99.5112
343.292	99.5353
342.647	99.5563
342.004	99.579
341.363	99.6048
340.725	99.6316
340.089	99.6589
339.456	99.6891
338.825	99.7219
338.196	99.7521
337.569	99.7749
336.945	99.7943
336.324	99.8214
335.704	99.8614
335.087	99.9036
334.472	99.9293
333.859	99.9331
333.249	99.9335
332.64	99.957
332.034	100.007
331.43	100.055
330.829	100.064
330.229	100.031
329.632	99.9987
329.037	100.023
328.444	100.12
327.853	100.244
327.264	100.32
326.678	100.297
326.093	100.183
325.511	100.025
324.93	99.8734
324.352	99.7578
323.776	99.6898
323.201	99.6749
322.629	99.7097
322.059	99.7719
321.491	99.8252
320.925	99.8474
320.361	99.854
319.799	99.887
319.238	99.9702
318.68	100.076
318.124	100.146
317.57	100.144
317.017	100.102
316.467	100.092
315.918	100.161
315.371	100.277
314.826	100.363
314.284	100.369
313.743	100.324
313.203	100.305
312.666	100.363
312.13	100.467
311.597	100.544
311.065	100.545
310.535	100.5
310.007	100.481
309.48	100.528
308.956	100.612
308.433	100.667
307.912	100.655
307.392	100.604
306.875	100.576
306.359	100.6
305.845	100.653
305.332	100.685
304.821	100.67
304.312	100.629
303.805	100.603
303.3	100.615
302.796	100.652
302.293	100.693
301.793	100.72
301.294	100.733
300.797	100.724
300.301	100.681
299.807	100.598
299.314	100.494
298.824	100.406
298.335	100.369
297.847	100.383
297.361	100.422
296.877	100.454
296.394	100.468
295.912	100.476
295.433	100.495
294.955	100.529
294.478	100.566
294.003	100.595
293.529	100.616
293.057	100.633
292.587	100.654
292.118	100.679
291.65	100.71
291.184	100.745
290.72	100.78
290.257	100.81
289.795	100.83
289.335	100.849
288.877	100.879
288.419	100.927
287.964	100.981
287.509	101.021
287.057	101.039
286.605	101.049
286.155	101.077
285.706	101.13
285.259	101.186
284.813	101.216
284.369	101.216
283.926	101.215
283.484	101.247
283.044	101.311
282.605	101.369
282.168	101.384
281.731	101.362
281.297	101.35
280.863	101.387
280.431	101.461
280	101.517
