1200	99.6151
1192.15	99.6096
1184.4	99.6078
1176.75	99.6083
1169.21	99.6074
1161.75	99.603
1154.39	99.597
1147.13	99.5932
1139.95	99.5933
1132.86	99.5951
1125.87	99.5947
1118.95	99.591
1112.13	99.5865
1105.38	99.5849
1098.72	99.5872
1092.13	99.5904
1085.63	99.5908
1079.2	99.5881
1072.84	99.5855
1066.56	99.5866
1060.36	99.5912
1054.23	99.5957
1048.16	99.597
1042.17	99.5955
1036.24	99.5952
1030.38	99.5989
1024.59	99.6056
1018.86	99.6114
1013.2	99.6134
1007.6	99.6133
1002.06	99.6152
996.576	99.6214
991.156	99.6299
985.795	99.6365
980.491	99.6391
975.244	99.6402
970.053	99.6442
964.917	99.6525
959.835	99.6622
954.806	99.6689
949.83	99.6716
944.905	99.6737
940.031	99.6794
935.207	99.6893
930.433	99.6994
925.707	99.7056
921.028	99.708
916.397	99.7107
911.812	99.7176
907.273	99.7282
902.778	99.7379
898.328	99.7429
893.922	99.7444
889.559	99.7472
885.238	99.7548
880.958	99.7654
876.72	99.7737
872.523	99.7767
868.365	99.7768
864.247	99.7793
860.168	99.7871
856.127	99.7968
852.124	99.803
848.159	99.8033
844.23	99.8015
840.337	99.8035
836.48	99.8109
832.658	99.8191
828.871	99.8223
825.118	99.8194
821.399	99.8157
817.714	99.8171
814.061	99.8238
810.441	99.83
806.853	99.8296
803.296	99.8233
799.771	99.8178
796.277	99.8187
792.813	99.8247
789.379	99.8285
785.974	99.8243
782.599	99.8146
779.253	99.8076
775.935	99.8087
772.645	99.8143
769.383	99.8154
766.149	99.8072
762.941	99.7945
759.761	99.7871
756.606	99.7893
753.478	99.795
750.376	99.7935
747.299	99.7813
744.247	99.7661
741.22	99.7597
738.218	99.7647
735.239	99.7713
732.285	99.7671
729.354	99.7504
726.447	99.7336
723.563	99.7306
720.702	99.7415
717.863	99.7505
715.046	99.742
712.251	99.7183
709.479	99.7002
706.727	99.7071
703.997	99.7354
701.288	99.7572
698.6	99.7451
695.932	99.7003
693.285	99.6565
690.657	99.6519
688.05	99.6939
685.462	99.7498
682.893	99.7738
680.344	99.7478
677.814	99.6975
675.302	99.6692
672.809	99.6869
670.334	99.7314
667.878	99.7594
665.439	99.7449
663.018	99.7035
660.615	99.6766
658.229	99.691
655.86	99.7334
653.508	99.7637
651.173	99.7541
648.854	99.7156
646.553	99.6868
644.267	99.6962
641.997	99.7351
639.744	99.767
637.506	99.7636
635.283	99.7318
633.077	99.7061
630.885	99.7139
628.709	99.7492
626.547	99.7798
624.4	99.7793
622.268	99.7536
620.151	99.7334
618.048	99.7436
615.959	99.7785
613.884	99.8079
611.823	99.8075
609.776	99.7828
607.742	99.7628
605.723	99.7708
603.716	99.8015
601.723	99.8271
599.742	99.8254
597.775	99.802
595.821	99.7836
593.879	99.7915
591.95	99.8199
590.034	99.843
588.13	99.8408
586.238	99.819
584.358	99.8025
582.49	99.81
580.634	99.8357
578.79	99.8555
576.958	99.8519
575.137	99.831
573.328	99.816
571.53	99.823
569.743	99.8454
567.967	99.8612
566.203	99.8554
564.449	99.8352
562.706	99.822
560.974	99.8292
559.253	99.8488
557.542	99.8603
555.841	99.8517
554.151	99.8317
552.471	99.8205
550.802	99.829
549.142	99.8472
547.492	99.8551
545.852	99.843
544.222	99.8219
542.602	99.8119
540.991	99.822
539.39	99.8406
537.798	99.847
536.216	99.8324
534.643	99.8087
533.079	99.7972
531.524	99.8071
529.979	99.8272
528.442	99.8368
526.914	99.8255
525.395	99.8026
523.885	99.787
522.383	99.7888
520.89	99.8015
519.405	99.8105
517.929	99.8091
516.461	99.8038
515.002	99.8052
513.551	99.8144
512.108	99.8203
510.673	99.8102
509.246	99.7838
507.827	99.7539
506.415	99.7349
505.012	99.7298
503.616	99.7285
502.229	99.7205
500.848	99.7057
499.476	99.6941
498.111	99.6938
496.753	99.7013
495.402	99.7046
494.059	99.6962
492.724	99.6822
491.395	99.6761
490.074	99.6849
488.759	99.7004
487.452	99.7068
486.152	99.6967
484.858	99.6791
483.572	99.6706
482.292	99.6783
481.019	99.6922
479.753	99.6954
478.493	99.6827
477.24	99.6665
475.994	99.6651
474.754	99.6826
473.52	99.7028
472.293	99.7048
471.072	99.6849
469.858	99.6627
468.649	99.6638
467.447	99.6941
466.251	99.7322
465.062	99.7476
463.878	99.7297
462.7	99.6982
461.528	99.6848
460.362	99.7034
459.202	99.7368
458.048	99.7538
456.9	99.7397
455.757	99.7103
454.62	99.6963
453.489	99.7125
452.363	99.7431
451.243	99.7575
450.129	99.7403
449.02	99.7069
447.916	99.6882
446.818	99.7002
445.725	99.7279
444.638	99.7405
443.556	99.7214
442.479	99.6853
441.407	99.6633
440.34	99.6722
439.279	99.698
438.223	99.7093
437.171	99.6887
436.125	99.6499
435.084	99.6243
434.048	99.6306
433.017	99.6567
431.99	99.672
430.969	99.6579
429.952	99.6256
428.94	99.6049
427.933	99.614
426.93	99.6423
425.932	99.6606
424.939	99.6504
423.951	99.6217
422.967	99.6026
421.987	99.6114
421.012	99.6387
420.042	99.6571
419.076	99.6487
418.115	99.6221
417.158	99.6039
416.205	99.6118
415.257	99.6371
414.313	99.6544
413.373	99.6465
412.437	99.6216
411.506	99.6044
410.579	99.6114
409.656	99.6349
408.737	99.6506
407.823	99.6427
406.912	99.6187
406.005	99.6019
405.103	99.6076
404.204	99.6286
403.31	99.6424
402.419	99.6339
401.533	99.6104
400.65	99.5936
399.771	99.5979
398.896	99.6161
398.025	99.6276
397.157	99.6186
396.294	99.5959
395.434	99.5797
394.578	99.5829
393.725	99.5988
392.877	99.6082
392.031	99.5988
391.19	99.5773
390.352	99.5623
389.518	99.5653
388.687	99.5795
387.86	99.5871
387.036	99.5773
386.216	99.5569
385.399	99.5434
384.586	99.5467
383.776	99.5599
382.969	99.5661
382.166	99.5558
381.367	99.5365
380.57	99.5244
379.777	99.5287
378.987	99.5417
378.201	99.5474
377.418	99.5371
376.638	99.5183
375.861	99.5069
375.087	99.5115
374.317	99.5251
373.55	99.5323
372.785	99.525
372.024	99.5097
371.267	99.5007
370.512	99.506
369.76	99.5197
369.011	99.5288
368.266	99.5263
367.523	99.5174
366.783	99.5124
366.047	99.5145
365.313	99.5154
364.582	99.5039
363.854	99.4777
363.129	99.4475
362.407	99.4285
361.688	99.4265
360.971	99.4335
360.258	99.4362
359.547	99.4288
358.839	99.4178
358.134	99.4142
357.432	99.4216
356.732	99.4326
356.035	99.4357
355.341	99.4274
354.649	99.4152
353.96	99.4101
353.274	99.4153
352.591	99.4234
351.91	99.4244
351.232	99.4156
350.556	99.404
349.883	99.3987
349.213	99.4011
348.545	99.4043
347.879	99.4003
347.217	99.3896
346.556	99.3807
345.899	99.381
345.243	99.389
344.591	99.3944
343.94	99.3892
343.292	99.376
342.647	99.3661
342.004	99.3682
341.363	99.3787
340.725	99.3845
340.089	99.376
339.456	99.3575
338.825	99.3443
338.196	99.3478
337.569	99.3639
336.945	99.3751
336.324	99.3672
335.704	99.344
335.087	99.3247
334.472	99.3268
333.859	99.3477
333.249	99.3647
332.64	99.3538
332.034	99.3113
331.43	99.2596
330.829	99.2294
330.229	99.2352
329.632	99.2637
329.037	99.2866
328.444	99.2842
327.853	99.2615
327.264	99.241
326.678	99.2413
326.093	99.2604
325.511	99.2788
324.93	99.2784
324.352	99.2594
323.776	99.2397
323.201	99.2381
322.629	99.2569
322.059	99.2793
321.491	99.285
320.925	99.2684
320.361	99.2433
319.799	99.2306
319.238	99.24
318.68	99.2619
318.124	99.2761
317.57	99.2704
317.017	99.2506
316.467	99.2349
315.918	99.237
315.371	99.2548
314.826	99.2722
314.284	99.2743
313.743	99.2603
313.203	99.2435
312.666	99.2388
312.13	99.2488
311.597	99.2622
311.065	99.2646
310.535	99.2522
310.007	99.2355
309.48	99.2289
308.956	99.2372
308.433	99.2508
307.912	99.2542
307.392	99.2413
306.875	99.221
306.359	99.2098
305.845	99.2158
305.332	99.2307
304.821	99.2366
304.312	99.2226
303.805	99.1959
303.3	99.1759
302.796	99.1772
302.293	99.1957
301.793	99.2119
301.294	99.2083
300.797	99.1854
300.301	99.1614
299.807	99.1552
299.314	99.1694
298.824	99.1872
298.335	99.1882
297.847	99.1677
297.361	99.1408
296.877	99.1288
296.394	99.1394
295.912	99.1596
295.433	99.1676
294.955	99.1538
294.478	99.1288
294.003	99.114
293.529	99.1205
293.057	99.1398
292.587	99.1513
292.118	99.1428
291.65	99.1214
291.184	99.1064
290.72	99.1105
290.257	99.1283
289.795	99.1415
289.335	99.1371
288.877	99.12
288.419	99.107
287.964	99.1106
287.509	99.1259
287.057	99.1361
286.605	99.1284
286.155	99.1067
285.706	99.0865
285.259	99.0793
284.813	99.0807
284.369	99.0753
283.926	99.0523
283.484	99.0181
283.044	98.9906
282.605	98.9827
282.168	98.9901
281.731	98.9958
281.297	98.9867
280.863	98.9662
280.431	98.9509
280	98.9533
