1200	99.4501
1192.15	99.4293
1184.4	99.4487
1176.75	99.4863
1169.21	99.5011
1161.75	99.4736
1154.39	99.4257
1147.13	99.3987
1139.95	99.4122
1132.86	99.4445
1125.87	99.4546
1118.95	99.4228
1112.13	99.3705
1105.38	99.339
1098.72	99.3484
1092.13	99.3774
1085.63	99.3845
1079.2	99.3499
1072.84	99.2949
1066.56	99.2609
1060.36	99.2681
1054.23	99.2954
1048.16	99.3012
1042.17	99.2653
1036.24	99.2093
1030.38	99.1747
1024.59	99.1817
1018.86	99.209
1013.2	99.2148
1007.6	99.1791
1002.06	99.1238
996.576	99.0906
991.156	99.0995
985.795	99.1282
980.491	99.135
975.244	99.1006
970.053	99.0482
964.917	99.0196
959.835	99.033
954.806	99.0645
949.83	99.0723
944.905	99.0399
940.031	98.9933
935.207	98.9742
930.433	98.9964
925.707	99.0308
921.028	99.0362
916.397	99.004
911.812	98.97
907.273	98.978
902.778	99.0301
898.328	99.0783
893.922	99.0703
889.559	99.0078
885.238	98.9547
880.958	98.9798
876.72	99.084
872.523	99.1862
868.365	99.1905
864.247	99.0781
860.168	98.9362
856.127	98.8877
852.124	98.98
848.159	99.1353
844.23	99.2141
840.337	99.1411
836.48	98.978
832.658	98.8725
828.871	98.9245
825.118	99.092
821.399	99.2251
817.714	99.2026
814.061	99.0452
810.441	98.9001
806.853	98.9066
803.296	99.0657
799.771	99.2364
796.277	99.2646
792.813	99.127
789.379	98.956
785.974	98.9185
782.599	99.0605
779.253	99.2609
775.935	99.3427
772.645	99.2374
769.383	99.0523
766.149	98.9731
762.941	99.091
759.761	99.3148
756.606	99.4515
753.478	99.3844
750.376	99.1838
747.299	99.0455
744.247	99.1113
741.22	99.3347
738.218	99.5181
735.239	99.4909
732.285	99.2674
729.354	99.0407
726.447	99.0164
723.563	99.2339
720.702	99.5347
717.863	99.702
715.046	99.6459
712.251	99.4674
709.479	99.3538
706.727	99.4056
703.997	99.5546
701.288	99.6429
698.6	99.5797
695.932	99.4273
693.285	99.3388
690.657	99.4104
688.05	99.5891
685.462	99.7228
682.893	99.7016
680.344	99.5582
677.814	99.4338
675.302	99.4442
672.809	99.5736
670.334	99.6937
667.878	99.6862
665.439	99.5536
663.018	99.4135
660.615	99.3859
658.229	99.4817
655.86	99.5954
653.508	99.6073
651.173	99.4959
648.854	99.3556
646.553	99.3054
644.267	99.3769
641.997	99.4873
639.744	99.5202
637.506	99.4354
635.283	99.305
633.077	99.2425
630.885	99.2956
628.709	99.403
626.547	99.455
624.4	99.3977
622.268	99.2824
620.151	99.2145
618.048	99.2528
615.959	99.3556
613.884	99.4227
611.823	99.3908
609.776	99.2926
607.742	99.2232
605.723	99.2489
603.716	99.3451
601.723	99.4221
599.742	99.4114
597.775	99.3298
595.821	99.2615
593.879	99.2765
591.95	99.3642
590.034	99.4459
588.13	99.4508
586.238	99.3835
584.358	99.3181
582.49	99.3255
580.634	99.4055
578.79	99.4876
576.958	99.4997
575.137	99.438
573.328	99.3706
571.53	99.3717
569.743	99.45
567.967	99.5386
566.203	99.5589
564.449	99.4951
562.706	99.4106
560.974	99.3894
559.253	99.4567
557.542	99.5553
555.841	99.5982
554.151	99.55
552.471	99.4601
550.802	99.4174
549.142	99.4678
547.492	99.5722
545.852	99.6419
544.222	99.6198
542.602	99.5313
540.991	99.4597
539.39	99.4693
537.798	99.5485
536.216	99.6226
534.643	99.6244
533.079	99.5541
531.524	99.4772
529.979	99.4618
528.442	99.517
526.914	99.5868
525.395	99.6041
523.885	99.5523
522.383	99.4783
520.89	99.4467
519.405	99.4804
517.929	99.5413
516.461	99.5682
515.002	99.534
513.551	99.4685
512.108	99.4287
510.673	99.4449
509.246	99.495
507.827	99.527
506.415	99.5088
505.012	99.4562
503.616	99.4152
502.229	99.4184
500.848	99.4556
499.476	99.4865
498.111	99.481
496.753	99.4464
495.402	99.4182
494.059	99.4242
492.724	99.457
491.395	99.4824
490.074	99.4732
488.759	99.4363
487.452	99.4057
486.152	99.4104
484.858	99.4457
483.572	99.4783
482.292	99.4774
481.019	99.444
479.753	99.4098
478.493	99.4074
477.24	99.4396
475.994	99.4777
474.754	99.488
473.52	99.4635
472.293	99.4294
471.072	99.4195
469.858	99.4446
468.649	99.4835
467.447	99.5035
466.251	99.491
465.062	99.4629
463.878	99.4504
462.7	99.4695
461.528	99.5069
460.362	99.5342
459.202	99.534
458.048	99.516
456.9	99.5062
455.757	99.5223
454.62	99.5574
453.489	99.5885
452.363	99.5987
451.243	99.5927
450.129	99.5903
449.02	99.6055
447.916	99.6319
446.818	99.65
445.725	99.6485
444.638	99.6394
443.556	99.6505
442.479	99.7007
441.407	99.7801
440.34	99.8543
439.279	99.8887
438.223	99.8727
437.171	99.8225
436.125	99.762
435.084	99.7004
434.048	99.6292
433.017	99.5402
431.99	99.4458
430.969	99.3794
429.952	99.3723
428.94	99.4247
427.933	99.4995
426.93	99.5469
425.932	99.5421
424.939	99.5044
423.951	99.4809
422.967	99.5069
421.987	99.5759
421.012	99.6455
420.042	99.6728
419.076	99.6513
418.115	99.6154
417.158	99.6116
416.205	99.6579
415.257	99.729
414.313	99.7779
413.373	99.7765
412.437	99.7396
411.506	99.7119
410.579	99.7291
409.656	99.7872
408.737	99.846
407.823	99.8644
406.912	99.8357
406.005	99.7936
405.103	99.7826
404.204	99.8195
403.31	99.8782
402.419	99.9128
401.533	99.8979
400.65	99.8506
399.771	99.8163
398.896	99.8285
398.025	99.8793
397.157	99.9262
396.294	99.9287
395.434	99.8843
394.578	99.831
393.725	99.8148
392.877	99.8491
392.031	99.9033
391.19	99.9294
390.352	99.9039
389.518	99.8487
388.687	99.8111
387.86	99.8219
387.036	99.8681
386.216	99.9045
385.399	99.8946
384.586	99.8435
383.776	99.794
382.969	99.788
382.166	99.8288
381.367	99.8771
380.57	99.8859
379.777	99.8433
378.987	99.7841
378.201	99.7591
377.418	99.7896
376.638	99.8473
375.861	99.8786
375.087	99.8527
374.317	99.7895
373.55	99.7435
372.785	99.755
372.024	99.8138
371.267	99.8672
370.512	99.8663
369.76	99.8102
369.011	99.7471
368.266	99.7325
367.523	99.7798
366.783	99.8476
366.047	99.8767
365.313	99.8418
364.582	99.7744
363.854	99.7343
363.129	99.7571
362.407	99.822
361.688	99.8713
360.971	99.8619
360.258	99.8041
359.547	99.7523
358.839	99.7577
358.134	99.8234
357.432	99.904
356.732	99.9466
356.035	99.9362
355.341	99.904
354.649	99.8924
353.96	99.9103
353.274	99.9217
352.591	99.8806
351.91	99.7785
351.232	99.6617
350.556	99.5983
349.883	99.6221
349.213	99.703
348.545	99.7711
347.879	99.774
347.217	99.7193
346.556	99.664
345.899	99.6631
345.243	99.7203
344.591	99.787
343.94	99.8065
343.292	99.7649
342.647	99.7029
342.004	99.6779
341.363	99.7129
340.725	99.7766
340.089	99.8125
339.456	99.7901
338.825	99.7318
338.196	99.6912
337.569	99.705
336.945	99.76
336.324	99.8063
335.704	99.8032
335.087	99.7551
334.472	99.7071
333.859	99.7028
333.249	99.7457
332.64	99.7966
332.034	99.8105
331.43	99.7766
330.829	99.728
330.229	99.7099
329.632	99.739
329.037	99.7889
328.444	99.8153
327.853	99.7964
327.264	99.752
326.678	99.7243
326.093	99.7388
325.511	99.7821
324.93	99.815
324.352	99.8094
323.776	99.773
323.201	99.7413
322.629	99.7433
322.059	99.7754
321.491	99.8058
320.925	99.8054
320.361	99.7756
319.799	99.7463
319.238	99.7465
318.68	99.7764
318.124	99.8064
317.57	99.8057
317.017	99.7724
316.467	99.7369
315.918	99.7341
315.371	99.7694
314.826	99.8124
314.284	99.8242
313.743	99.795
313.203	99.7575
312.666	99.7609
312.13	99.8273
311.597	99.9287
311.065	100.006
310.535	100.013
310.007	99.9521
309.48	99.8692
308.956	99.8121
308.433	99.7944
307.912	99.791
307.392	99.7681
306.875	99.7191
306.359	99.6711
305.845	99.6586
305.332	99.6889
304.821	99.7321
304.312	99.7466
303.805	99.7163
303.3	99.665
302.796	99.6356
302.293	99.6508
301.793	99.6929
301.294	99.7194
300.797	99.7021
300.301	99.6526
299.807	99.6109
299.314	99.6082
298.824	99.638
298.335	99.6616
297.847	99.6455
297.361	99.5937
296.877	99.5468
296.394	99.545
295.912	99.5898
295.433	99.6396
294.955	99.6445
294.478	99.5914
294.003	99.5183
293.529	99.4828
293.057	99.5119
292.587	99.5773
292.118	99.6186
291.65	99.5954
291.184	99.5235
290.72	99.4617
290.257	99.4607
289.795	99.5187
289.335	99.5825
288.877	99.5941
288.419	99.5413
287.964	99.469
287.509	99.4397
287.057	99.4788
286.605	99.5519
286.155	99.5953
285.706	99.5725
285.259	99.5056
284.813	99.4561
284.369	99.4694
283.926	99.5347
283.484	99.5949
283.044	99.5982
282.605	99.545
282.168	99.4886
281.731	99.4871
281.297	99.5507
280.863	99.6308
280.431	99.662
280	99.6204
