1200	25.8366
1192.15	25.4619
1184.4	25.1274
1176.75	24.8211
1169.21	24.5056
1161.75	24.159
1154.39	23.7985
1147.13	23.4617
1139.95	23.1666
1132.86	22.8926
1125.87	22.6028
1118.95	22.2846
1112.13	21.963
1105.38	21.6742
1098.72	21.427
1092.13	21.1939
1085.63	20.9413
1079.2	20.6655
1072.84	20.397
1066.56	20.1677
1060.36	19.9774
1054.23	19.7945
1048.16	19.5909
1042.17	19.3715
1036.24	19.169
1030.38	19.0091
1024.59	18.8845
1018.86	18.765
1013.2	18.6306
1007.6	18.4922
1002.06	18.3781
996.576	18.305
991.156	18.2661
985.795	18.2476
980.491	18.2491
975.244	18.2782
970.053	18.3228
964.917	18.3365
959.835	18.2653
954.806	18.0991
949.83	17.8945
944.905	17.7377
940.031	17.6742
935.207	17.6695
930.433	17.6441
925.707	17.5512
921.028	17.4225
916.397	17.3348
911.812	17.3316
907.273	17.3779
902.778	17.3961
898.328	17.3471
893.922	17.2733
889.559	17.2557
885.238	17.3302
880.958	17.4471
876.72	17.5203
872.523	17.517
868.365	17.4942
864.247	17.5421
860.168	17.6885
856.127	17.8649
852.124	17.9717
848.159	17.9806
844.23	17.969
840.337	18.0473
836.48	18.2497
832.658	18.4989
828.871	18.6865
825.118	18.7902
821.399	18.9104
817.714	19.1809
814.061	19.6337
810.441	20.1446
806.853	20.5127
803.296	20.6041
799.771	20.4327
796.277	20.1164
792.813	19.7665
789.379	19.4188
785.974	19.0577
782.599	18.6856
779.253	18.3468
775.935	18.0774
772.645	17.8407
769.383	17.5349
766.149	17.0802
762.941	16.5078
759.761	15.9541
756.606	15.5561
753.478	15.3387
750.376	15.2014
747.299	15.0166
744.247	14.7471
741.22	14.4734
738.218	14.3084
735.239	14.2866
732.285	14.3343
729.354	14.3446
726.447	14.2801
723.563	14.2016
720.702	14.2008
717.863	14.3075
715.046	14.464
712.251	14.5862
709.479	14.6461
706.727	14.6934
703.997	14.7987
701.288	14.9809
698.6	15.1913
695.932	15.3666
693.285	15.4919
690.657	15.6105
688.05	15.7746
685.462	15.9908
682.893	16.2156
680.344	16.403
677.814	16.5508
675.302	16.699
672.809	16.8843
670.334	17.1018
667.878	17.3121
665.439	17.484
663.018	17.6268
660.615	17.7771
658.229	17.9582
655.86	18.155
653.508	18.3313
651.173	18.4688
648.854	18.5867
646.553	18.7189
644.267	18.8774
641.997	19.0386
639.744	19.1692
637.506	19.2617
635.283	19.3424
633.077	19.4425
630.885	19.5641
628.709	19.6773
626.547	19.7523
624.4	19.7916
622.268	19.8282
620.151	19.8893
618.048	19.9663
615.959	20.0201
613.884	20.0209
611.823	19.9796
609.776	19.9401
607.742	19.9387
605.723	19.9709
603.716	19.9993
601.723	19.9909
599.742	19.9487
597.775	19.9036
595.821	19.88
593.879	19.87
591.95	19.8428
590.034	19.7785
588.13	19.6885
586.238	19.6033
584.358	19.5398
582.49	19.4844
580.634	19.4071
578.79	19.2937
576.958	19.1595
575.137	19.0328
573.328	18.925
571.53	18.8193
569.743	18.6892
567.967	18.5262
566.203	18.3485
564.449	18.1814
562.706	18.0305
560.974	17.8769
559.253	17.6977
557.542	17.4899
555.841	17.2735
554.151	17.0696
552.471	16.8788
550.802	16.6814
549.142	16.4589
547.492	16.2142
545.852	15.9678
544.222	15.7362
542.602	15.5149
540.991	15.2844
539.39	15.0315
537.798	14.7643
536.216	14.5033
534.643	14.2598
533.079	14.0245
531.524	13.7789
529.979	13.5162
528.442	13.2497
526.914	12.9991
525.395	12.7695
523.885	12.5462
522.383	12.3116
520.89	12.066
519.405	11.8286
517.929	11.6177
516.461	11.4293
515.002	11.2399
513.551	11.033
512.108	10.8228
510.673	10.6509
509.246	10.5537
507.827	10.5302
506.415	10.5395
505.012	10.531
503.616	10.4795
502.229	10.397
500.848	10.3128
499.476	10.2453
498.111	10.1913
496.753	10.1369
495.402	10.0758
494.059	10.0121
492.724	9.94976
491.395	9.88287
490.074	9.8008
488.759	9.70326
487.452	9.60688
486.152	9.53276
484.858	9.48523
483.572	9.44373
482.292	9.37796
481.019	9.27335
479.753	9.14275
478.493	9.013
477.24	8.89991
475.994	8.79598
474.754	8.68203
473.52	8.54957
472.293	8.41056
471.072	8.28546
469.858	8.18287
468.649	8.09311
467.447	8.00229
466.251	7.91183
465.062	7.84181
463.878	7.81316
462.7	7.82597
461.528	7.85576
460.362	7.87222
459.202	7.86269
458.048	7.8384
456.9	7.81894
455.757	7.81155
454.62	7.80571
453.489	7.78677
452.363	7.75278
451.243	7.71684
450.129	7.6931
449.02	7.68198
447.916	7.67021
446.818	7.64533
445.725	7.60898
444.638	7.57497
443.556	7.55463
442.479	7.54504
441.407	7.53255
440.34	7.50756
439.279	7.47473
438.223	7.44801
437.171	7.43594
436.125	7.43301
435.084	7.42588
434.048	7.40791
433.017	7.38642
431.99	7.37538
430.969	7.38141
429.952	7.39787
428.94	7.41255
427.933	7.42016
426.93	7.4261
425.932	7.43815
424.939	7.45624
423.951	7.4723
422.967	7.48072
421.987	7.48723
421.012	7.50505
420.042	7.5412
419.076	7.5874
418.115	7.62648
417.158	7.64912
416.205	7.66355
415.257	7.68718
414.313	7.72762
413.373	7.77269
412.437	7.80104
411.506	7.80367
410.579	7.79457
409.656	7.79816
408.737	7.82493
407.823	7.85994
406.912	7.87734
406.005	7.8679
405.103	7.85182
404.204	7.86213
403.31	7.91276
402.419	7.98273
401.533	8.03451
400.65	8.0517
399.771	8.06045
398.896	8.1108
398.025	8.23011
397.157	8.38877
396.294	8.51186
395.434	8.53344
394.578	8.45398
393.725	8.356
392.877	8.36271
392.031	8.56546
391.19	8.96668
390.352	9.47319
389.518	9.94166
388.687	10.2478
387.86	10.3413
387.036	10.2591
386.216	10.0949
385.399	9.94414
384.586	9.85545
383.776	9.81522
382.969	9.77225
382.166	9.68334
381.367	9.54732
380.57	9.40284
379.777	9.29376
378.987	9.23143
378.201	9.18617
377.418	9.11512
376.638	9.00134
375.861	8.86844
375.087	8.75684
374.317	8.6829
373.55	8.6192
372.785	8.51623
372.024	8.34753
371.267	8.13825
370.512	7.95035
369.76	7.8362
369.011	7.80023
368.266	7.80063
367.523	7.78734
366.783	7.74153
366.047	7.68348
365.313	7.64648
364.582	7.6443
363.854	7.66232
363.129	7.6767
362.407	7.67944
361.688	7.68426
360.971	7.70937
360.258	7.75669
359.547	7.80874
358.839	7.84514
358.134	7.861
357.432	7.86861
356.732	7.88211
356.035	7.90196
355.341	7.91499
354.649	7.90876
353.96	7.88435
353.274	7.8541
352.591	7.82789
351.91	7.8031
351.232	7.76912
350.556	7.72052
349.883	7.66374
349.213	7.60954
348.545	7.55996
347.879	7.50555
347.217	7.43749
346.556	7.3614
345.899	7.29511
345.243	7.2485
344.591	7.20504
343.94	7.12835
343.292	6.99575
342.647	6.83238
342.004	6.71177
341.363	6.71368
340.725	6.86652
340.089	7.11919
339.456	7.36691
338.825	7.51359
338.196	7.52545
337.569	7.43879
336.945	7.32214
336.324	7.22643
335.704	7.16046
335.087	7.10285
334.472	7.03174
333.859	6.94429
333.249	6.85324
332.64	6.77052
332.034	6.69631
331.43	6.62229
330.829	6.54291
330.229	6.462
329.632	6.38958
329.037	6.33374
328.444	6.29586
327.853	6.27172
327.264	6.25464
326.678	6.23664
326.093	6.208
325.511	6.15935
324.93	6.08698
324.352	5.99711
323.776	5.90363
323.201	5.81942
322.629	5.74837
322.059	5.68492
321.491	5.6217
320.925	5.55733
320.361	5.49716
319.799	5.44646
319.238	5.40374
318.68	5.36149
318.124	5.31362
317.57	5.26184
317.017	5.21407
316.467	5.17625
315.918	5.14612
315.371	5.11556
314.826	5.07917
314.284	5.04035
313.743	5.00819
313.203	4.98826
312.666	4.97668
312.13	4.96369
311.597	4.94339
311.065	4.91965
310.535	4.90219
310.007	4.89667
309.48	4.89888
308.956	4.89899
308.433	4.89141
307.912	4.88015
307.392	4.87431
306.875	4.87828
306.359	4.88702
305.845	4.89125
305.332	4.88713
304.821	4.88028
304.312	4.87976
303.805	4.8881
303.3	4.89797
302.796	4.89918
302.293	4.88917
301.793	4.87616
301.294	4.87144
300.797	4.87835
300.301	4.88902
299.807	4.89233
299.314	4.88498
298.824	4.87457
298.335	4.87158
297.847	4.87855
297.361	4.88768
296.877	4.88932
296.394	4.88252
295.912	4.87652
295.433	4.88145
294.955	4.89772
294.478	4.91523
294.003	4.92371
293.529	4.92355
293.057	4.92569
292.587	4.94015
292.118	4.96457
291.65	4.98516
291.184	4.98979
290.72	4.98049
290.257	4.97212
289.795	4.97736
289.335	4.99236
288.877	4.99818
288.419	4.97867
287.964	4.93942
287.509	4.90979
287.057	4.9242
286.605	4.99709
286.155	5.11133
285.706	5.22871
285.259	5.31284
284.813	5.34691
284.369	5.33543
283.926	5.29369
283.484	5.23658
283.044	5.17441
282.605	5.11427
282.168	5.06088
281.731	5.01449
281.297	4.96991
280.863	4.92027
280.431	4.86382
280	4.80688
