1200	0.343984
1192.15	0.347704
1184.4	0.351286
1176.75	0.354696
1169.21	0.357858
1161.75	0.360722
1154.39	0.363303
1147.13	0.365648
1139.95	0.36777
1132.86	0.369618
1125.87	0.371123
1118.95	0.37226
1112.13	0.373068
1105.38	0.373594
1098.72	0.373829
1092.13	0.373715
1085.63	0.373199
1079.2	0.372289
1072.84	0.371038
1066.56	0.369483
1060.36	0.367598
1054.23	0.365326
1048.16	0.362642
1042.17	0.359583
1036.24	0.356208
1030.38	0.352536
1024.59	0.348529
1018.86	0.344146
1013.2	0.339393
1007.6	0.334327
1002.06	0.329003
996.576	0.323419
991.156	0.317539
985.795	0.311343
980.491	0.304868
975.244	0.298181
970.053	0.291318
964.917	0.284268
959.835	0.277
954.806	0.269525
949.83	0.2619
944.905	0.254188
940.031	0.246407
935.207	0.238538
930.433	0.230569
925.707	0.222537
921.028	0.214507
916.397	0.206526
911.812	0.198599
907.273	0.190707
902.778	0.18286
898.328	0.175109
893.922	0.167517
889.559	0.160114
885.238	0.152889
880.958	0.145834
876.72	0.138976
872.523	0.132372
868.365	0.12607
864.247	0.120081
860.168	0.114389
856.127	0.108995
852.124	0.103935
848.159	0.0992594
844.23	0.0950005
840.337	0.0911517
836.48	0.0876942
832.658	0.0846322
828.871	0.0820019
825.118	0.0798449
821.399	0.0781738
817.714	0.0769672
814.061	0.0761995
810.441	0.0758732
806.853	0.0760209
803.296	0.0766729
799.771	0.0778239
796.277	0.0794344
792.813	0.0814659
789.379	0.0839171
785.974	0.0868197
782.599	0.0901959
779.253	0.0940191
775.935	0.0982227
772.645	0.102752
769.383	0.10761
766.149	0.112837
762.941	0.118448
759.761	0.124383
756.606	0.130538
753.478	0.13685
750.376	0.143345
747.299	0.150086
744.247	0.15707
741.22	0.164185
738.218	0.171284
735.239	0.178317
732.285	0.185369
729.354	0.192533
726.447	0.199762
723.563	0.206856
720.702	0.21364
717.863	0.220131
715.046	0.22651
712.251	0.232886
709.479	0.23911
706.727	0.244869
703.997	0.249999
701.288	0.254666
698.6	0.259188
695.932	0.263636
693.285	0.26766
690.657	0.270805
688.05	0.273009
685.462	0.274733
682.893	0.276467
680.344	0.278094
677.814	0.278857
675.302	0.278099
672.809	0.276082
670.334	0.273877
667.878	0.27217
665.439	0.270063
663.018	0.265266
660.615	0.255948
658.229	0.242826
655.86	0.229493
653.508	0.22031
651.173	0.2173
648.854	0.218594
646.553	0.219763
644.267	0.21701
641.997	0.209626
639.744	0.199863
637.506	0.190621
635.283	0.18311
633.077	0.176375
630.885	0.168724
628.709	0.159477
626.547	0.149464
624.4	0.140103
622.268	0.13215
620.151	0.125297
618.048	0.118743
615.959	0.111983
613.884	0.105047
611.823	0.0981774
609.776	0.0914705
607.742	0.0848909
605.723	0.0785014
603.716	0.0725277
601.723	0.0671296
599.742	0.0621636
597.775	0.0572528
595.821	0.0521237
593.879	0.0468493
591.95	0.0417435
590.034	0.037033
588.13	0.0326657
586.238	0.0284369
584.358	0.0242617
582.49	0.0202861
580.634	0.0167402
578.79	0.0137248
576.958	0.0111642
575.137	0.00894291
573.328	0.00704821
571.53	0.00557122
569.743	0.00460536
567.967	0.00417918
566.203	0.00427674
564.449	0.00487662
562.706	0.00594696
560.974	0.00743587
559.253	0.00932184
557.542	0.0116818
555.841	0.0146515
554.151	0.0182581
552.471	0.0223051
550.802	0.0265132
549.142	0.0308458
547.492	0.0356589
545.852	0.041386
544.222	0.0479559
542.602	0.0545349
540.991	0.0600087
539.39	0.063904
537.798	0.0669175
536.216	0.0704691
534.643	0.0755953
533.079	0.082163
531.524	0.0891037
529.979	0.0953908
528.442	0.100776
526.914	0.105624
525.395	0.11017
523.885	0.114115
522.383	0.117043
520.89	0.119104
519.405	0.121029
517.929	0.12325
516.461	0.125004
515.002	0.124573
513.551	0.120752
512.108	0.114316
510.673	0.107984
509.246	0.104659
507.827	0.105328
506.415	0.108417
505.012	0.111125
503.616	0.111532
502.229	0.109696
500.848	0.106995
499.476	0.104593
498.111	0.102508
496.753	0.0999767
495.402	0.0964594
494.059	0.0921837
492.724	0.0877737
491.395	0.0835296
490.074	0.0791772
488.759	0.0742736
487.452	0.068721
486.152	0.0628023
484.858	0.0567682
483.572	0.0505052
482.292	0.043661
481.019	0.0360225
479.753	0.0276792
478.493	0.0188688
477.24	0.00992739
475.994	0.0017344
474.754	-0.00364017
473.52	-0.00297486
472.293	0.00677834
471.072	0.0264108
469.858	0.0531072
468.649	0.0811042
467.447	0.104235
466.251	0.118781
465.062	0.124761
463.878	0.124992
462.7	0.122817
461.528	0.120227
460.362	0.117477
459.202	0.113992
458.048	0.109485
456.9	0.104356
455.757	0.0992856
454.62	0.0946313
453.489	0.0902419
452.363	0.0857716
451.243	0.0811041
450.129	0.0764734
449.02	0.0722341
447.916	0.0685631
446.818	0.0653842
445.725	0.062541
444.638	0.0600027
443.556	0.0578954
442.479	0.0563563
441.407	0.0553966
440.34	0.0549363
439.279	0.054983
438.223	0.0557561
437.171	0.0575862
436.125	0.0606214
435.084	0.0645776
434.048	0.0687738
433.017	0.0724758
431.99	0.0753047
430.969	0.0773863
429.952	0.0791108
428.94	0.0806978
427.933	0.0819406
426.93	0.0823676
425.932	0.0817085
424.939	0.0802728
423.951	0.0788943
422.967	0.0784412
421.987	0.0792494
421.012	0.0809072
420.042	0.0825403
419.076	0.0833578
418.115	0.0830471
417.158	0.0817766
416.205	0.0799049
415.257	0.0776981
414.313	0.0752739
413.373	0.072732
412.437	0.0702655
411.506	0.0681084
410.579	0.0663787
409.656	0.0649917
408.737	0.0637442
407.823	0.062487
406.912	0.0612176
406.005	0.0600116
405.103	0.0588834
404.204	0.0577308
403.31	0.0564203
402.419	0.0549199
401.533	0.0533347
400.65	0.0518124
399.771	0.0504174
398.896	0.0491049
398.025	0.0478138
397.157	0.0465778
396.294	0.0455413
395.434	0.0448687
394.578	0.0446383
393.725	0.0448064
392.877	0.0452447
392.031	0.0457908
391.19	0.0462729
390.352	0.046534
389.518	0.0464934
388.687	0.0462219
387.86	0.0459518
387.036	0.0459738
386.216	0.0464778
385.399	0.04746
384.586	0.0487679
383.776	0.050233
382.969	0.0517674
382.166	0.0533552
381.367	0.0549806
380.57	0.0565874
379.777	0.0581082
378.987	0.0595107
378.201	0.0607963
377.418	0.0619543
376.638	0.0629388
375.861	0.0637047
375.087	0.0642589
374.317	0.0646549
373.55	0.0649236
372.785	0.0650252
372.024	0.064892
371.267	0.0645255
370.512	0.0640269
369.76	0.0635031
369.011	0.0629394
368.266	0.0621913
367.523	0.0611317
366.783	0.0597991
366.047	0.0583625
365.313	0.0569093
364.582	0.0552831
363.854	0.0531865
363.129	0.0504823
362.407	0.0473733
361.688	0.0442096
360.971	0.0410657
360.258	0.0375384
359.547	0.033078
358.839	0.0276433
358.134	0.0220673
357.432	0.0176905
356.732	0.0154744
356.035	0.0153436
355.341	0.0163775
354.649	0.0177314
353.96	0.0194929
353.274	0.0226973
352.591	0.0284479
351.91	0.0368655
351.232	0.0467279
350.556	0.0560674
349.883	0.0632264
349.213	0.0675836
348.545	0.0695429
347.879	0.0699846
347.217	0.0696984
346.556	0.0691443
345.899	0.0685199
345.243	0.0679044
344.591	0.0673282
343.94	0.0667926
343.292	0.0663129
342.647	0.0659787
342.004	0.0659495
341.363	0.0663556
340.725	0.0671786
340.089	0.0682246
339.456	0.0692149
338.825	0.0699189
338.196	0.0702327
337.569	0.0701823
336.945	0.0698924
336.324	0.0695551
335.704	0.0693867
335.087	0.0695569
334.472	0.0701231
333.859	0.0710305
333.249	0.0721929
332.64	0.0735844
332.034	0.0752537
331.43	0.0772502
330.829	0.0795525
330.229	0.0820957
329.632	0.0848968
329.037	0.0881746
328.444	0.0923599
327.853	0.0979833
327.264	0.105505
326.678	0.115156
326.093	0.126803
325.511	0.139878
324.93	0.153407
324.352	0.166239
323.776	0.177415
323.201	0.186486
322.629	0.193568
322.059	0.19909
321.491	0.203441
320.925	0.206787
320.361	0.209172
319.799	0.210729
319.238	0.211753
318.68	0.212556
318.124	0.213263
317.57	0.213774
317.017	0.21394
316.467	0.213762
315.918	0.213389
315.371	0.212936
314.826	0.212305
314.284	0.211213
313.743	0.209409
313.203	0.206862
312.666	0.203765
312.13	0.200386
311.597	0.196938
311.065	0.193565
310.535	0.190396
310.007	0.18752
309.48	0.184886
308.956	0.182248
308.433	0.179279
307.912	0.175801
307.392	0.171911
306.875	0.1679
306.359	0.164038
305.845	0.160431
305.332	0.157075
304.821	0.153989
304.312	0.151261
303.805	0.148939
303.3	0.146919
302.796	0.145008
302.293	0.143116
301.793	0.141387
301.294	0.140095
300.797	0.139381
300.301	0.139093
299.807	0.138915
299.314	0.13865
298.824	0.138405
298.335	0.138474
297.847	0.139058
297.361	0.140096
296.877	0.141366
296.394	0.142725
295.912	0.144229
295.433	0.146031
294.955	0.148183
294.478	0.150584
294.003	0.153106
293.529	0.155771
293.057	0.158756
292.587	0.162229
292.118	0.166177
291.65	0.170403
291.184	0.174686
290.72	0.178929
290.257	0.183173
289.795	0.187486
289.335	0.191875
288.877	0.19629
288.419	0.2007
287.964	0.205128
287.509	0.209615
287.057	0.214162
286.605	0.218722
286.155	0.223236
285.706	0.227673
285.259	0.232025
284.813	0.236294
284.369	0.240493
283.926	0.244664
283.484	0.248849
283.044	0.253037
282.605	0.257131
282.168	0.261011
281.731	0.264632
281.297	0.26807
280.863	0.271441
280.431	0.27479
280	0.278064
