1200	0.339066
1192.15	0.343495
1184.4	0.347344
1176.75	0.350883
1169.21	0.354477
1161.75	0.358155
1154.39	0.361554
1147.13	0.364303
1139.95	0.366423
1132.86	0.368286
1125.87	0.370185
1118.95	0.371988
1112.13	0.37327
1105.38	0.373778
1098.72	0.373702
1092.13	0.373455
1085.63	0.373199
1079.2	0.372655
1072.84	0.371414
1066.56	0.36939
1060.36	0.366914
1054.23	0.36436
1048.16	0.361727
1042.17	0.358642
1036.24	0.354789
1030.38	0.350266
1024.59	0.345479
1018.86	0.340694
1013.2	0.335752
1007.6	0.330263
1002.06	0.32406
996.576	0.317399
991.156	0.310679
985.795	0.304017
980.491	0.297141
975.244	0.289721
970.053	0.281762
964.917	0.27361
959.835	0.265589
954.806	0.257664
949.83	0.24952
944.905	0.240943
940.031	0.232082
935.207	0.223302
930.433	0.214805
925.707	0.206443
921.028	0.197926
916.397	0.189173
911.812	0.180422
907.273	0.171992
902.778	0.163959
898.328	0.15612
893.922	0.148253
889.559	0.140389
885.238	0.132791
880.958	0.125694
876.72	0.119082
872.523	0.112747
868.365	0.106546
864.247	0.100569
860.168	0.0950599
856.127	0.0901712
852.124	0.0858375
848.159	0.0818727
844.23	0.0781844
840.337	0.0748791
836.48	0.0721589
832.658	0.0701273
828.871	0.0686995
825.118	0.0677018
821.399	0.0670534
817.714	0.0668518
814.061	0.0672781
810.441	0.0684164
806.853	0.0701635
803.296	0.0723238
799.771	0.0748008
796.277	0.0776967
792.813	0.0812072
789.379	0.085406
785.974	0.0901388
782.599	0.0951528
779.253	0.100345
775.935	0.105867
772.645	0.111954
769.383	0.118642
766.149	0.125675
762.941	0.132737
759.761	0.139771
756.606	0.14703
753.478	0.154779
750.376	0.162952
747.299	0.171155
744.247	0.179055
741.22	0.18672
738.218	0.194532
735.239	0.202725
732.285	0.211057
729.354	0.21901
726.447	0.226321
723.563	0.233267
720.702	0.240329
717.863	0.247613
715.046	0.25465
712.251	0.260867
709.479	0.266203
706.727	0.271174
703.997	0.276272
701.288	0.28136
698.6	0.285754
695.932	0.288961
693.285	0.291232
690.657	0.293288
688.05	0.295488
685.462	0.297369
682.893	0.298119
680.344	0.297492
677.814	0.296112
675.302	0.294793
672.809	0.293592
670.334	0.291701
667.878	0.288338
665.439	0.283665
663.018	0.27867
660.615	0.27407
658.229	0.269472
655.86	0.263772
653.508	0.256422
651.173	0.248131
648.854	0.240164
646.553	0.232913
644.267	0.225382
641.997	0.216248
639.744	0.20542
637.506	0.194323
635.283	0.184405
633.077	0.17535
630.885	0.164994
628.709	0.151333
626.547	0.134816
624.4	0.118635
622.268	0.10653
620.151	0.0999509
618.048	0.0970436
615.959	0.0942131
613.884	0.0887663
611.823	0.0804027
609.776	0.0706507
607.742	0.0612125
605.723	0.0528305
603.716	0.045375
601.723	0.0385742
599.742	0.0324417
597.775	0.0271095
595.821	0.02251
593.879	0.0183798
591.95	0.0145442
590.034	0.0110901
588.13	0.0082259
586.238	0.00603052
584.358	0.00438682
582.49	0.00313
580.634	0.00219351
578.79	0.00160422
576.958	0.00140759
575.137	0.00166004
573.328	0.00246199
571.53	0.0038993
569.743	0.00590058
567.967	0.00821032
566.203	0.0106032
564.449	0.0131512
562.706	0.0162072
560.974	0.0200562
559.253	0.0246155
557.542	0.029579
555.841	0.0348721
554.151	0.0408054
552.471	0.0475508
550.802	0.0543993
549.142	0.059757
547.492	0.0622702
545.852	0.0622432
544.222	0.0619247
542.602	0.0640936
540.991	0.0699897
539.39	0.0784008
537.798	0.0867504
536.216	0.0931962
534.643	0.0978422
533.079	0.102097
531.524	0.107009
529.979	0.112289
528.442	0.116843
526.914	0.120059
525.395	0.122418
523.885	0.124872
522.383	0.127792
520.89	0.130669
519.405	0.132796
517.929	0.13411
516.461	0.135235
515.002	0.136748
513.551	0.138536
512.108	0.139949
510.673	0.140517
509.246	0.140407
507.827	0.140129
506.415	0.139891
505.012	0.139341
503.616	0.137975
502.229	0.135693
500.848	0.132886
499.476	0.129979
498.111	0.126992
496.753	0.123598
495.402	0.119576
494.059	0.115108
492.724	0.110604
491.395	0.106289
490.074	0.102024
488.759	0.0975583
487.452	0.0928682
486.152	0.0881989
484.858	0.0837896
483.572	0.0796269
482.292	0.0755077
481.019	0.0713074
479.753	0.0671202
478.493	0.0631228
477.24	0.0593538
475.994	0.0556825
474.754	0.0519862
473.52	0.0482971
472.293	0.0447367
471.072	0.0413381
469.858	0.0379946
468.649	0.0346011
467.447	0.0311959
466.251	0.0279057
465.062	0.0247575
463.878	0.0216084
462.7	0.0183077
461.528	0.0148974
460.362	0.0115793
459.202	0.00845303
458.048	0.00534054
456.9	0.00194699
455.757	-0.00179158
454.62	-0.00559523
453.489	-0.00915098
452.363	-0.0125274
451.243	-0.0161831
450.129	-0.0204748
449.02	-0.02517
447.916	-0.0295467
446.818	-0.0330432
445.725	-0.0357368
444.638	-0.0379791
443.556	-0.0393651
442.479	-0.0380421
441.407	-0.0312663
440.34	-0.0170679
439.279	0.00416938
438.223	0.0294639
437.171	0.0545619
436.125	0.0758859
435.084	0.0918069
434.048	0.102617
433.017	0.109577
431.99	0.113895
430.969	0.116257
429.952	0.116933
428.94	0.116109
427.933	0.114117
426.93	0.111416
425.932	0.108394
424.939	0.105172
423.951	0.101602
422.967	0.0975715
421.987	0.0934298
421.012	0.0901816
420.042	0.0891274
419.076	0.0910718
418.115	0.0956546
417.158	0.101372
416.205	0.10634
415.257	0.109245
414.313	0.109777
413.373	0.108354
412.437	0.105519
411.506	0.101615
410.579	0.0968971
409.656	0.0917691
408.737	0.0867492
407.823	0.0821644
406.912	0.0779416
406.005	0.0737816
405.103	0.0695709
404.204	0.0656033
403.31	0.0623713
402.419	0.0601398
401.533	0.0587332
400.65	0.0577216
399.771	0.0567748
398.896	0.0558198
398.025	0.0549037
397.157	0.0540021
396.294	0.0530334
395.434	0.0520502
394.578	0.0513455
393.725	0.051303
392.877	0.0521277
392.031	0.0537331
391.19	0.0558766
390.352	0.0583534
389.518	0.0610199
388.687	0.0636742
387.86	0.0660395
387.036	0.0679856
386.216	0.0697888
385.399	0.0720763
384.586	0.0753742
383.776	0.0796292
382.969	0.0841934
382.166	0.0883655
381.367	0.0920152
380.57	0.0956847
379.777	0.100032
378.987	0.105123
378.201	0.110233
377.418	0.114377
376.638	0.11707
375.861	0.118661
375.087	0.119974
374.317	0.121644
373.55	0.123748
372.785	0.125965
372.024	0.128002
371.267	0.129821
370.512	0.131485
369.76	0.132872
369.011	0.13361
368.266	0.133312
367.523	0.131893
366.783	0.129673
366.047	0.127238
365.313	0.125253
364.582	0.124408
363.854	0.125444
363.129	0.129059
362.407	0.13557
361.688	0.144551
360.971	0.154754
360.258	0.164502
359.547	0.172351
358.839	0.177594
358.134	0.180314
357.432	0.181021
356.732	0.180218
356.035	0.178205
355.341	0.175172
354.649	0.171374
353.96	0.167162
353.274	0.162852
352.591	0.158574
351.91	0.154278
351.232	0.149885
350.556	0.145424
349.883	0.141034
349.213	0.136839
348.545	0.132846
347.879	0.128963
347.217	0.125115
346.556	0.12134
345.899	0.117756
345.243	0.114462
344.591	0.111465
343.94	0.108715
343.292	0.106194
342.647	0.103958
342.004	0.102105
341.363	0.100701
340.725	0.0997479
340.089	0.0992214
339.456	0.0991194
338.825	0.0994733
338.196	0.100319
337.569	0.101668
336.945	0.103507
336.324	0.105821
335.704	0.108597
335.087	0.111812
334.472	0.115437
333.859	0.119443
333.249	0.123824
332.64	0.128576
332.034	0.133665
331.43	0.139017
330.829	0.144554
330.229	0.15025
329.632	0.15613
329.037	0.162204
328.444	0.168413
327.853	0.174637
327.264	0.180794
326.678	0.186898
326.093	0.193024
325.511	0.199194
324.93	0.205308
324.352	0.211218
323.776	0.216861
323.201	0.222313
322.629	0.227682
322.059	0.232952
321.491	0.237947
320.925	0.242466
320.361	0.246456
319.799	0.250024
319.238	0.253263
318.68	0.256067
318.124	0.258137
317.57	0.259205
317.017	0.259239
316.467	0.258425
315.918	0.256917
315.371	0.254608
314.826	0.251153
314.284	0.246266
313.743	0.240077
313.203	0.233293
312.666	0.227094
312.13	0.222862
311.597	0.221887
311.065	0.225075
310.535	0.23267
310.007	0.244036
309.48	0.257663
308.956	0.271481
308.433	0.283451
307.912	0.292162
307.392	0.297177
306.875	0.298986
306.359	0.29863
305.845	0.297173
305.332	0.295247
304.821	0.292871
304.312	0.289624
303.805	0.285094
303.3	0.279327
302.796	0.27296
302.293	0.2669
301.793	0.261765
301.294	0.25751
300.797	0.253539
300.301	0.249215
299.807	0.244342
299.314	0.239269
298.824	0.234572
298.335	0.230644
297.847	0.227526
297.361	0.225056
296.877	0.223124
296.394	0.221782
295.912	0.221153
295.433	0.221292
294.955	0.222132
294.478	0.223548
294.003	0.225462
293.529	0.227916
293.057	0.231095
292.587	0.235308
292.118	0.240893
291.65	0.248031
291.184	0.256573
290.72	0.266006
290.257	0.27564
289.795	0.284905
289.335	0.29354
288.877	0.301563
288.419	0.309103
287.964	0.31627
287.509	0.323161
287.057	0.329894
286.605	0.336576
286.155	0.343206
285.706	0.349655
285.259	0.355793
284.813	0.361653
284.369	0.36745
283.926	0.373403
283.484	0.379557
283.044	0.385794
282.605	0.392006
282.168	0.398207
281.731	0.404415
281.297	0.410446
280.863	0.415924
280.431	0.42059
280	0.424609
