1200	0.29017
1192.15	0.308084
1184.4	0.325979
1176.75	0.343978
1169.21	0.362341
1161.75	0.381219
1154.39	0.400473
1147.13	0.419719
1139.95	0.438565
1132.86	0.456875
1125.87	0.474848
1118.95	0.492831
1112.13	0.511018
1105.38	0.52924
1098.72	0.547048
1092.13	0.564011
1085.63	0.580025
1079.2	0.595378
1072.84	0.610507
1066.56	0.625635
1060.36	0.640553
1054.23	0.654742
1048.16	0.667739
1042.17	0.679485
1036.24	0.690369
1030.38	0.700919
1024.59	0.71138
1018.86	0.721489
1013.2	0.730649
1007.6	0.738365
1002.06	0.74463
996.576	0.749942
991.156	0.754929
985.795	0.759857
980.491	0.764397
975.244	0.767851
970.053	0.769673
964.917	0.769908
959.835	0.769183
954.806	0.768254
949.83	0.767422
944.905	0.766266
940.031	0.763929
935.207	0.759755
930.433	0.753829
925.707	0.746968
921.028	0.740158
916.397	0.733789
911.812	0.727291
907.273	0.719452
902.778	0.709284
898.328	0.696808
893.922	0.683182
889.559	0.669965
885.238	0.65795
880.958	0.646338
876.72	0.632897
872.523	0.615169
868.365	0.592083
864.247	0.565024
860.168	0.537628
856.127	0.514304
852.124	0.498227
848.159	0.489879
844.23	0.486948
840.337	0.485591
836.48	0.482357
832.658	0.475699
828.871	0.466291
825.118	0.456125
821.399	0.447035
817.714	0.43958
814.061	0.43292
810.441	0.425609
806.853	0.416699
803.296	0.406372
799.771	0.39572
796.277	0.385889
792.813	0.377249
789.379	0.369188
785.974	0.36064
782.599	0.350943
779.253	0.34036
775.935	0.329881
772.645	0.320456
769.383	0.312257
766.149	0.304543
762.941	0.296241
759.761	0.286813
756.606	0.27671
753.478	0.267042
750.376	0.258682
747.299	0.251496
744.247	0.244348
741.22	0.23593
738.218	0.22582
735.239	0.21492
732.285	0.204853
729.354	0.196711
726.447	0.190104
723.563	0.183332
720.702	0.174683
717.863	0.163946
715.046	0.152927
712.251	0.144426
709.479	0.14028
706.727	0.139924
703.997	0.140706
701.288	0.139939
698.6	0.137271
695.932	0.135449
693.285	0.138482
690.657	0.148088
688.05	0.160852
685.462	0.168492
682.893	0.161818
680.344	0.136467
677.814	0.0969026
675.302	0.0558122
672.809	0.0286308
670.334	0.0259592
667.878	0.0481514
665.439	0.0852463
663.018	0.122318
660.615	0.147128
658.229	0.155699
655.86	0.152859
653.508	0.147957
651.173	0.148806
648.854	0.157644
646.553	0.171235
644.267	0.184378
641.997	0.194011
639.744	0.201076
637.506	0.209194
635.283	0.221501
633.077	0.23815
630.885	0.256246
628.709	0.272063
626.547	0.283724
624.4	0.292334
622.268	0.300813
620.151	0.311463
618.048	0.324163
615.959	0.336558
613.884	0.346005
611.823	0.351732
609.776	0.355513
607.742	0.360325
605.723	0.367996
603.716	0.37761
601.723	0.385905
599.742	0.389434
597.775	0.386964
595.821	0.380413
593.879	0.373687
591.95	0.370228
590.034	0.370978
588.13	0.374093
586.238	0.376481
584.358	0.375996
582.49	0.372735
580.634	0.368665
578.79	0.365979
576.958	0.365476
575.137	0.366103
573.328	0.365875
571.53	0.363397
569.743	0.358837
567.967	0.353687
566.203	0.349589
564.449	0.34715
562.706	0.345593
560.974	0.343443
559.253	0.339656
557.542	0.334353
555.841	0.328648
554.151	0.323786
552.471	0.320264
550.802	0.317562
549.142	0.314625
547.492	0.310682
545.852	0.305768
544.222	0.300632
542.602	0.29615
540.991	0.292721
539.39	0.290067
537.798	0.287533
536.216	0.284595
534.643	0.281208
533.079	0.27777
531.524	0.274798
529.979	0.272583
528.442	0.271068
526.914	0.269956
525.395	0.268952
523.885	0.267915
522.383	0.266894
520.89	0.266048
519.405	0.265559
517.929	0.265566
516.461	0.266113
515.002	0.267106
513.551	0.268313
512.108	0.269455
510.673	0.270375
509.246	0.271191
507.827	0.272278
506.415	0.274046
505.012	0.276629
503.616	0.279738
502.229	0.28283
500.848	0.285516
499.476	0.287933
498.111	0.290738
496.753	0.29469
495.402	0.30009
494.059	0.306513
492.724	0.313101
491.395	0.319216
490.074	0.324965
488.759	0.331126
487.452	0.338476
486.152	0.347025
484.858	0.355812
483.572	0.363519
482.292	0.369479
481.019	0.374248
479.753	0.379155
478.493	0.38506
477.24	0.391306
475.994	0.395906
474.754	0.397111
473.52	0.395288
472.293	0.393419
471.072	0.395241
469.858	0.40178
468.649	0.408668
467.447	0.406819
466.251	0.387225
465.062	0.347815
463.878	0.298193
462.7	0.258474
461.528	0.251443
460.362	0.291359
459.202	0.375376
458.048	0.48277
456.9	0.583158
455.757	0.649826
454.62	0.671234
453.489	0.654628
452.363	0.620157
451.243	0.589205
450.129	0.573692
449.02	0.572062
447.916	0.573387
446.818	0.566129
445.725	0.545759
444.638	0.516769
443.556	0.488586
442.479	0.468773
441.407	0.458275
440.34	0.451578
439.279	0.441172
438.223	0.422885
437.171	0.398428
436.125	0.373698
435.084	0.35437
434.048	0.342035
433.017	0.333457
431.99	0.323217
430.969	0.307658
429.952	0.287334
428.94	0.266414
427.933	0.249676
426.93	0.239312
425.932	0.233723
424.939	0.228912
423.951	0.221339
422.967	0.210169
421.987	0.197515
421.012	0.1867
420.042	0.179918
419.076	0.176871
418.115	0.175161
417.158	0.171943
416.205	0.165638
415.257	0.156629
414.313	0.146723
413.373	0.137952
412.437	0.131574
411.506	0.127784
410.579	0.126065
409.656	0.125701
408.737	0.126101
407.823	0.126844
406.912	0.127645
406.005	0.128402
405.103	0.129279
404.204	0.130641
403.31	0.132755
402.419	0.135434
401.533	0.137966
400.65	0.139503
399.771	0.139721
398.896	0.139215
398.025	0.139198
397.157	0.140526
396.294	0.142692
395.434	0.143611
394.578	0.140656
393.725	0.132539
392.877	0.120956
392.031	0.110824
391.19	0.108672
390.352	0.119833
389.518	0.14586
388.687	0.183566
387.86	0.226217
387.036	0.266228
386.216	0.297985
385.399	0.319431
384.586	0.33189
383.776	0.338544
382.969	0.342599
382.166	0.346073
381.367	0.349586
380.57	0.352891
379.777	0.355552
378.987	0.35736
378.201	0.358361
377.418	0.358705
376.638	0.358541
375.861	0.358023
375.087	0.357336
374.317	0.356652
373.55	0.356003
372.785	0.355211
372.024	0.353988
371.267	0.352166
370.512	0.349903
369.76	0.347661
369.011	0.345944
368.266	0.344947
367.523	0.344405
366.783	0.343764
366.047	0.34259
365.313	0.340916
364.582	0.339264
363.854	0.33829
363.129	0.338311
362.407	0.339038
361.688	0.339746
360.971	0.339761
360.258	0.338936
359.547	0.33776
358.839	0.337011
358.134	0.337189
357.432	0.338128
356.732	0.339072
356.035	0.339181
355.341	0.33811
354.649	0.336253
353.96	0.334477
353.274	0.333504
352.591	0.333384
351.91	0.333422
351.232	0.332624
350.556	0.330381
349.883	0.326899
349.213	0.323093
348.545	0.319967
347.879	0.317919
347.217	0.316422
346.556	0.314332
345.899	0.310638
345.243	0.305161
344.591	0.298724
343.94	0.292642
343.292	0.28785
342.647	0.284257
342.004	0.280789
341.363	0.276166
340.725	0.269916
340.089	0.262934
339.456	0.257082
338.825	0.253951
338.196	0.253496
337.569	0.25349
336.945	0.250376
336.324	0.241302
335.704	0.226311
335.087	0.209389
334.472	0.197506
333.859	0.197818
333.249	0.214268
332.64	0.245293
332.034	0.283932
331.43	0.320447
330.829	0.346286
330.229	0.357474
329.632	0.355785
329.037	0.347209
328.444	0.338609
327.853	0.334386
327.264	0.33485
326.678	0.336981
326.093	0.336897
325.511	0.332463
324.93	0.324492
324.352	0.315955
323.776	0.309847
323.201	0.307175
322.629	0.306367
322.059	0.304473
321.491	0.299298
320.925	0.291007
320.361	0.282055
319.799	0.275424
319.238	0.272344
318.68	0.271118
318.124	0.268053
317.57	0.26004
317.017	0.247097
316.467	0.23292
315.918	0.2226
315.371	0.218592
314.826	0.217471
314.284	0.210094
313.743	0.186016
313.203	0.140403
312.666	0.0796613
312.13	0.0220405
311.597	-0.00825089
311.065	0.00865097
310.535	0.0783856
310.007	0.188081
309.48	0.310302
308.956	0.413736
308.433	0.475592
307.912	0.489776
307.392	0.467147
306.875	0.42829
306.359	0.393014
305.845	0.372069
305.332	0.364827
304.821	0.363099
304.312	0.357958
303.805	0.34527
303.3	0.327098
302.796	0.309011
302.293	0.29577
301.793	0.288471
301.294	0.284741
300.797	0.281383
300.301	0.277244
299.807	0.274215
299.314	0.275793
298.824	0.284373
298.335	0.299263
297.847	0.316784
297.361	0.332275
296.877	0.342583
296.394	0.34738
295.912	0.348637
295.433	0.348847
294.955	0.349367
294.478	0.349968
294.003	0.349664
293.529	0.347953
293.057	0.345431
292.587	0.343327
292.118	0.342451
291.65	0.342464
291.184	0.342126
290.72	0.340314
290.257	0.337006
289.795	0.333396
289.335	0.331025
288.877	0.330564
288.419	0.33121
287.964	0.331203
287.509	0.329108
287.057	0.324914
286.605	0.320097
286.155	0.316559
285.706	0.315228
285.259	0.315345
284.813	0.31501
284.369	0.312598
283.926	0.308015
283.484	0.302842
283.044	0.299242
282.605	0.298407
282.168	0.299669
281.731	0.300958
281.297	0.300247
280.863	0.29698
280.431	0.292409
280	0.288639
