1200	0.449512
1192.15	0.45627
1184.4	0.462811
1176.75	0.46857
1169.21	0.473513
1161.75	0.478172
1154.39	0.482962
1147.13	0.487645
1139.95	0.491609
1132.86	0.494628
1125.87	0.497141
1118.95	0.499704
1112.13	0.502279
1105.38	0.50428
1098.72	0.505303
1092.13	0.505641
1085.63	0.50592
1079.2	0.506315
1072.84	0.506336
1066.56	0.505445
1060.36	0.503744
1054.23	0.501859
1048.16	0.50016
1042.17	0.49831
1036.24	0.495697
1030.38	0.492217
1024.59	0.488421
1018.86	0.484836
1013.2	0.481318
1007.6	0.477246
1002.06	0.472321
996.576	0.466955
991.156	0.461775
985.795	0.456847
980.491	0.451616
975.244	0.445614
970.053	0.439071
964.917	0.432638
959.835	0.426592
954.806	0.420502
949.83	0.413789
944.905	0.406467
940.031	0.399144
935.207	0.392275
930.433	0.385608
925.707	0.378516
921.028	0.370796
916.397	0.362939
911.812	0.355532
907.273	0.348537
902.778	0.341351
898.328	0.333571
893.922	0.325513
889.559	0.317833
885.238	0.31072
880.958	0.303669
876.72	0.296119
872.523	0.288163
868.365	0.280452
864.247	0.273393
860.168	0.26665
856.127	0.259562
852.124	0.251969
848.159	0.244437
844.23	0.237565
840.337	0.231251
836.48	0.224802
832.658	0.217796
828.871	0.21062
825.118	0.204024
821.399	0.198199
817.714	0.192512
814.061	0.186263
810.441	0.179562
806.853	0.173248
803.296	0.16788
799.771	0.162995
796.277	0.157581
792.813	0.151288
789.379	0.144949
785.974	0.139656
782.599	0.135293
779.253	0.130216
775.935	0.122702
772.645	0.112881
769.383	0.103205
766.149	0.0967845
762.941	0.0949801
759.761	0.0963809
756.606	0.0980227
753.478	0.0976818
750.376	0.0952492
747.299	0.0922159
744.247	0.0900569
741.22	0.0890924
738.218	0.0886609
735.239	0.0880931
732.285	0.0873765
729.354	0.0869701
726.447	0.08718
723.563	0.0878483
720.702	0.0886133
717.863	0.0893426
715.046	0.0902306
712.251	0.0915118
709.479	0.0931743
706.727	0.0949969
703.997	0.0968193
701.288	0.0987018
698.6	0.100806
695.932	0.103175
693.285	0.105687
690.657	0.10821
688.05	0.110741
685.462	0.113373
682.893	0.116141
680.344	0.118972
677.814	0.12177
675.302	0.124506
672.809	0.127174
670.334	0.129697
667.878	0.131943
665.439	0.133859
663.018	0.13555
660.615	0.13714
658.229	0.138554
655.86	0.139502
653.508	0.139742
651.173	0.139382
648.854	0.138868
646.553	0.138681
644.267	0.139036
641.997	0.139879
639.744	0.14111
637.506	0.142702
635.283	0.144596
633.077	0.146577
630.885	0.148351
628.709	0.149786
626.547	0.150978
624.4	0.152045
622.268	0.152882
620.151	0.153223
618.048	0.152953
615.959	0.152257
613.884	0.151364
611.823	0.150185
609.776	0.148323
607.742	0.145518
605.723	0.141976
603.716	0.138116
601.723	0.133979
599.742	0.129071
597.775	0.122938
595.821	0.115852
593.879	0.108699
591.95	0.102109
590.034	0.0959781
588.13	0.0904101
586.238	0.0874454
584.358	0.0916032
582.49	0.107837
580.634	0.137897
578.79	0.177988
576.958	0.219934
575.137	0.255225
573.328	0.278953
571.53	0.290894
569.743	0.293626
567.967	0.289881
566.203	0.281377
564.449	0.2694
562.706	0.255687
560.974	0.242287
559.253	0.230524
557.542	0.220284
555.841	0.210453
554.151	0.200055
552.471	0.189013
550.802	0.177936
549.142	0.167381
547.492	0.157403
545.852	0.147755
544.222	0.138336
542.602	0.12936
540.991	0.121109
539.39	0.113637
537.798	0.106743
536.216	0.100199
534.643	0.0939498
533.079	0.0880745
531.524	0.0826155
529.979	0.0774878
528.442	0.0725549
526.914	0.0677588
525.395	0.0631512
523.885	0.0588081
522.383	0.0547389
520.89	0.0508874
519.405	0.0472033
517.929	0.0436944
516.461	0.0404052
515.002	0.0373611
513.551	0.0345417
512.108	0.0319053
510.673	0.0294276
509.246	0.0271134
507.827	0.0249797
506.415	0.0230348
505.012	0.0212727
503.616	0.0196789
502.229	0.0182422
500.848	0.0169666
499.476	0.0158776
498.111	0.0150082
496.753	0.0143698
495.402	0.0139389
494.059	0.0136851
492.724	0.0136171
491.395	0.0137875
490.074	0.0142333
488.759	0.0149166
487.452	0.0157496
486.152	0.0166915
484.858	0.0178009
483.572	0.0191571
482.292	0.0207291
481.019	0.0223658
479.753	0.0239508
478.493	0.0255444
477.24	0.0273085
475.994	0.0292703
474.754	0.0312217
473.52	0.0329287
472.293	0.034431
471.072	0.0360344
469.858	0.0379431
468.649	0.0399855
467.447	0.0418819
466.251	0.0438611
465.062	0.0468812
463.878	0.0520072
462.7	0.0594573
461.528	0.0683249
460.362	0.0773255
459.202	0.0857571
458.048	0.093608
456.9	0.100798
455.757	0.106665
454.62	0.110536
453.489	0.112729
452.363	0.114546
451.243	0.116887
450.129	0.119026
449.02	0.119234
447.916	0.116853
446.818	0.113348
445.725	0.11067
444.638	0.108477
443.556	0.103658
442.479	0.0933432
441.407	0.0782519
440.34	0.0620649
439.279	0.0468119
438.223	0.0298127
437.171	0.00756745
436.125	-0.0152794
435.084	-0.0211835
434.048	0.0128858
433.017	0.0986499
431.99	0.22357
430.969	0.35405
429.952	0.454195
428.94	0.50609
427.933	0.516294
426.93	0.505294
425.932	0.490712
424.939	0.47818
423.951	0.464629
422.967	0.447142
421.987	0.427638
421.012	0.410321
420.042	0.396819
419.076	0.385044
418.115	0.372403
417.158	0.358998
416.205	0.347182
415.257	0.338468
414.313	0.331666
413.373	0.324246
412.437	0.315059
411.506	0.305265
410.579	0.296671
409.656	0.28963
408.737	0.282843
407.823	0.27501
406.912	0.266262
406.005	0.25786
405.103	0.250724
404.204	0.244535
403.31	0.238285
402.419	0.231468
401.533	0.22455
400.65	0.218366
399.771	0.213212
398.896	0.208625
398.025	0.20395
397.157	0.199013
396.294	0.194227
395.434	0.190113
394.578	0.186765
393.725	0.183771
392.877	0.18063
392.031	0.177245
391.19	0.174016
390.352	0.171426
389.518	0.16951
388.687	0.167748
387.86	0.165548
387.036	0.162824
386.216	0.160049
385.399	0.157653
384.586	0.155437
383.776	0.152753
382.969	0.149393
382.166	0.146235
381.367	0.144776
380.57	0.1458
379.777	0.148465
378.987	0.150809
378.201	0.151303
377.418	0.150002
376.638	0.14826
375.861	0.147378
375.087	0.147561
374.317	0.148077
373.55	0.148204
372.785	0.147874
372.024	0.147464
371.267	0.147189
370.512	0.146879
369.76	0.146293
369.011	0.145464
368.266	0.144624
367.523	0.143871
366.783	0.143076
366.047	0.142174
365.313	0.141408
364.582	0.141094
363.854	0.141116
363.129	0.140765
362.407	0.139281
361.688	0.136652
360.971	0.13384
360.258	0.132088
359.547	0.131896
358.839	0.132569
358.134	0.132786
357.432	0.131649
356.732	0.129307
356.035	0.126657
355.341	0.124511
354.649	0.123001
353.96	0.121718
353.274	0.120313
352.591	0.118911
351.91	0.117921
351.232	0.117503
350.556	0.117284
349.883	0.116663
349.213	0.1154
348.545	0.113866
347.879	0.112647
347.217	0.111898
346.556	0.111111
345.899	0.109595
345.243	0.107194
344.591	0.104541
343.94	0.102545
343.292	0.101612
342.647	0.1013
342.004	0.100708
341.363	0.0991847
340.725	0.0967694
340.089	0.0940687
339.456	0.0918017
338.825	0.0903868
338.196	0.0897838
337.569	0.0895897
336.945	0.0893011
336.324	0.0886271
335.704	0.0876691
335.087	0.0868035
334.472	0.0863268
333.859	0.0861957
333.249	0.0861596
332.64	0.0861663
332.034	0.0865535
331.43	0.0877133
330.829	0.0895256
330.229	0.0912291
329.632	0.0920013
329.037	0.0917279
328.444	0.091141
327.853	0.0911216
327.264	0.0918618
326.678	0.0927544
326.093	0.0930961
325.511	0.0928139
324.93	0.0924405
324.352	0.0924348
323.776	0.09266
323.201	0.0925925
322.629	0.0919569
322.059	0.0910166
321.491	0.0902085
320.925	0.0896021
320.361	0.0888402
319.799	0.087603
319.238	0.0860095
318.68	0.0844777
318.124	0.0832399
317.57	0.0821095
317.017	0.0807601
316.467	0.0791499
315.918	0.0775727
315.371	0.0763025
314.826	0.0752875
314.284	0.0742581
313.743	0.073085
313.203	0.0719374
312.666	0.0710647
312.13	0.0704999
311.597	0.0700511
311.065	0.0695659
310.535	0.0691153
310.007	0.0688764
309.48	0.0688879
308.956	0.0690045
308.433	0.0690952
307.912	0.0692105
307.392	0.0694902
306.875	0.0699425
306.359	0.0704079
305.845	0.0707835
305.332	0.0712196
304.821	0.0719867
304.312	0.0731062
303.805	0.0741744
303.3	0.074654
302.796	0.074401
302.293	0.0738929
301.793	0.073886
301.294	0.074791
300.797	0.0763368
300.301	0.0778073
299.807	0.0786014
299.314	0.0786059
298.824	0.07811
298.335	0.0774344
297.847	0.076664
297.361	0.0756945
296.877	0.0744659
296.394	0.0731
295.912	0.0718078
295.433	0.0706883
294.955	0.0696418
294.478	0.0684784
294.003	0.0670928
293.529	0.065523
293.057	0.0638528
292.587	0.0620897
292.118	0.060146
291.65	0.0579149
291.184	0.0553459
290.72	0.0525108
290.257	0.04975
289.795	0.0478897
289.335	0.048264
288.877	0.0522286
288.419	0.0602576
287.964	0.0712723
287.509	0.0829211
287.057	0.0928319
286.605	0.0999563
286.155	0.104941
285.706	0.10928
285.259	0.114058
284.813	0.119332
284.369	0.124431
283.926	0.128592
283.484	0.131293
283.044	0.132328
282.605	0.131979
282.168	0.131253
281.731	0.131545
281.297	0.133463
280.863	0.135735
280.431	0.135725
280	0.131893
