1200	6.15651
1192.15	5.95755
1184.4	5.76233
1176.75	5.56903
1169.21	5.3794
1161.75	5.19733
1154.39	5.02546
1147.13	4.86305
1139.95	4.70668
1132.86	4.55321
1125.87	4.40256
1118.95	4.2577
1112.13	4.12208
1105.38	3.99667
1098.72	3.87911
1092.13	3.76585
1085.63	3.65515
1079.2	3.54864
1072.84	3.44985
1066.56	3.36108
1060.36	3.28138
1054.23	3.20732
1048.16	3.13599
1042.17	3.06748
1036.24	3.00485
1030.38	2.95139
1024.59	2.90762
1018.86	2.87078
1013.2	2.83706
1007.6	2.805
1002.06	2.77674
996.576	2.75621
991.156	2.74551
985.795	2.7429
980.491	2.74404
975.244	2.7458
970.053	2.7491
964.917	2.7584
959.835	2.77773
954.806	2.80678
949.83	2.84054
944.905	2.87322
940.031	2.90367
935.207	2.93739
930.433	2.98289
925.707	3.0443
921.028	3.11577
916.397	3.18241
911.812	3.22794
907.273	3.24444
902.778	3.23746
898.328	3.22297
893.922	3.21816
889.559	3.2322
885.238	3.26298
880.958	3.30119
876.72	3.33811
872.523	3.37142
868.365	3.40514
864.247	3.44499
860.168	3.4932
856.127	3.54691
852.124	3.60094
848.159	3.65222
844.23	3.70196
840.337	3.75424
836.48	3.81224
832.658	3.87553
828.871	3.94052
825.118	4.00351
821.399	4.06368
817.714	4.12358
814.061	4.18686
810.441	4.2551
806.853	4.3264
803.296	4.39673
799.771	4.46287
796.277	4.52464
792.813	4.58486
789.379	4.6471
785.974	4.71303
782.599	4.78108
779.253	4.84724
775.935	4.90744
772.645	4.96003
769.383	5.00701
766.149	5.05325
762.941	5.10399
759.761	5.16143
756.606	5.22261
753.478	5.28007
750.376	5.32611
747.299	5.35871
744.247	5.38488
741.22	5.41762
738.218	5.46549
735.239	5.5201
732.285	5.55047
729.354	5.51176
726.447	5.3684
723.563	5.12083
720.702	4.81947
717.863	4.55333
715.046	4.41437
712.251	4.45372
709.479	4.65391
706.727	4.93409
703.997	5.18757
701.288	5.33198
698.6	5.3447
695.932	5.26485
693.285	5.16321
690.657	5.09977
688.05	5.09452
685.462	5.12635
682.893	5.15647
680.344	5.15796
677.814	5.13169
675.302	5.10064
672.809	5.08977
670.334	5.1076
667.878	5.14199
665.439	5.17114
663.018	5.17995
660.615	5.1694
658.229	5.15314
655.86	5.14571
653.508	5.15185
651.173	5.16467
648.854	5.17243
646.553	5.16753
644.267	5.15068
641.997	5.12791
639.744	5.10433
637.506	5.08043
635.283	5.05385
633.077	5.02433
630.885	4.99667
628.709	4.97864
626.547	4.97513
624.4	4.98359
622.268	4.99485
620.151	4.99913
618.048	4.99261
615.959	4.97955
613.884	4.9681
611.823	4.96345
609.776	4.96351
607.742	4.96065
605.723	4.94792
603.716	4.92466
601.723	4.89697
599.742	4.87281
597.775	4.85557
595.821	4.84147
593.879	4.82267
591.95	4.79366
590.034	4.75572
588.13	4.71597
586.238	4.68182
584.358	4.65518
582.49	4.63116
580.634	4.60203
578.79	4.56352
576.958	4.51824
575.137	4.47384
573.328	4.43725
571.53	4.40954
569.743	4.3854
567.967	4.35745
566.203	4.32214
564.449	4.28258
562.706	4.24643
560.974	4.22037
559.253	4.20538
557.542	4.19623
555.841	4.18538
554.151	4.16844
552.471	4.14719
550.802	4.12808
549.142	4.11734
547.492	4.11591
545.852	4.11763
544.222	4.11171
542.602	4.08817
540.991	4.04291
539.39	3.97952
537.798	3.90644
536.216	3.83058
534.643	3.75089
533.079	3.65566
531.524	3.52639
529.979	3.34781
528.442	3.11969
526.914	2.8639
525.395	2.62118
523.885	2.43674
522.383	2.34039
520.89	2.33117
519.405	2.37548
517.929	2.42124
516.461	2.42149
515.002	2.35507
513.551	2.2334
512.108	2.09012
510.673	1.96056
509.246	1.86327
507.827	1.79416
506.415	1.73492
505.012	1.66843
503.616	1.59045
502.229	1.51027
500.848	1.44159
499.476	1.39145
498.111	1.3553
496.753	1.32144
495.402	1.28034
494.059	1.23165
492.724	1.18353
491.395	1.14548
490.074	1.12062
488.759	1.10343
487.452	1.08439
486.152	1.05756
484.858	1.02504
483.572	0.994828
482.292	0.974181
481.019	0.963789
479.753	0.957352
478.493	0.946732
477.24	0.928421
475.994	0.906152
474.754	0.887705
473.52	0.878574
472.293	0.877622
471.072	0.878107
469.858	0.873163
468.649	0.861258
467.447	0.847306
466.251	0.838611
465.062	0.838972
463.878	0.845701
462.7	0.851885
461.528	0.852045
460.362	0.846619
459.202	0.841689
458.048	0.844139
456.9	0.85608
455.757	0.872929
454.62	0.886664
453.489	0.891713
452.363	0.888946
451.243	0.884744
450.129	0.886014
449.02	0.895053
447.916	0.908198
446.818	0.919125
445.725	0.92402
444.638	0.924532
443.556	0.926281
442.479	0.934265
441.407	0.948933
440.34	0.96602
439.279	0.980182
438.223	0.989427
437.171	0.996732
436.125	1.00751
435.084	1.02493
434.048	1.04678
433.017	1.06643
431.99	1.07729
430.969	1.07738
429.952	1.07072
428.94	1.06451
427.933	1.06433
426.93	1.07075
425.932	1.07983
424.939	1.08663
423.951	1.08907
422.967	1.08919
421.987	1.09119
421.012	1.09792
420.042	1.1088
419.076	1.12048
418.115	1.12957
417.158	1.13523
416.205	1.13957
415.257	1.1458
414.313	1.15572
413.373	1.16845
412.437	1.18141
411.506	1.19242
410.579	1.20133
409.656	1.20991
408.737	1.22027
407.823	1.23324
406.912	1.24788
406.005	1.26248
405.103	1.27599
404.204	1.28883
403.31	1.30236
402.419	1.31777
401.533	1.3352
400.65	1.35387
399.771	1.37296
398.896	1.39228
398.025	1.41241
397.157	1.434
396.294	1.45722
395.434	1.48162
394.578	1.50664
393.725	1.53211
392.877	1.55829
392.031	1.58527
391.19	1.61252
390.352	1.63886
389.518	1.66315
388.687	1.68496
387.86	1.70458
387.036	1.72235
386.216	1.73771
385.399	1.74902
384.586	1.75438
383.776	1.7528
382.969	1.74486
382.166	1.73193
381.367	1.71472
380.57	1.69213
379.777	1.66179
378.987	1.62169
378.201	1.5719
377.418	1.51446
376.638	1.45136
375.861	1.38213
375.087	1.303
374.317	1.20877
373.55	1.09627
372.785	0.966303
372.024	0.822162
371.267	0.665354
370.512	0.492194
369.76	0.295613
369.011	0.073453
368.266	-0.160515
367.523	-0.370218
366.783	-0.502077
366.047	-0.501786
365.313	-0.336448
364.582	-0.0110469
363.854	0.429919
363.129	0.917249
362.407	1.38108
361.688	1.77222
360.971	2.0711
360.258	2.28243
359.547	2.42195
358.839	2.50479
358.134	2.54204
357.432	2.54489
356.732	2.52979
356.035	2.51746
355.341	2.52424
354.649	2.55085
353.96	2.57754
353.274	2.57168
352.591	2.50595
351.91	2.37769
351.232	2.21747
350.556	2.07994
349.883	2.02016
349.213	2.06688
348.545	2.2072
347.879	2.3908
347.217	2.55203
346.556	2.6384
345.899	2.63125
345.243	2.54911
344.591	2.43368
343.94	2.32741
343.292	2.25463
342.647	2.21531
342.004	2.19222
341.363	2.16539
340.725	2.12469
340.089	2.07384
339.456	2.02523
338.825	1.99031
338.196	1.97226
337.569	1.96518
336.945	1.95937
336.324	1.94837
335.704	1.93286
335.087	1.91915
334.472	1.91384
333.859	1.9188
333.249	1.93005
332.64	1.94097
332.034	1.94738
331.43	1.95054
330.829	1.95597
330.229	1.96904
329.632	1.99071
329.037	2.01663
328.444	2.0402
327.853	2.05747
327.264	2.07009
326.678	2.08405
326.093	2.10519
325.511	2.13466
324.93	2.16776
324.352	2.19727
323.776	2.21873
323.201	2.23397
322.629	2.25014
322.059	2.27473
321.491	2.3102
320.925	2.35181
320.361	2.39047
319.799	2.41844
319.238	2.43404
318.68	2.44202
318.124	2.44954
317.57	2.46076
317.017	2.47392
316.467	2.48293
315.918	2.48219
315.371	2.4711
314.826	2.45504
314.284	2.4423
313.743	2.4392
313.203	2.44693
312.666	2.46197
312.13	2.47944
311.597	2.49646
311.065	2.51332
310.535	2.53159
310.007	2.55146
309.48	2.57053
308.956	2.58525
308.433	2.59393
307.912	2.59868
307.392	2.60465
306.875	2.61668
306.359	2.63594
305.845	2.65889
305.332	2.67953
304.821	2.69325
304.312	2.69966
303.805	2.7023
303.3	2.7057
302.796	2.71201
302.293	2.71964
301.793	2.72486
301.294	2.72499
300.797	2.72062
300.301	2.7153
299.807	2.7129
299.314	2.71476
298.824	2.71872
298.335	2.7207
297.847	2.71763
297.361	2.70941
296.877	2.69877
296.394	2.68905
295.912	2.68177
295.433	2.67579
294.955	2.6684
294.478	2.65744
294.003	2.6428
293.529	2.62627
293.057	2.61002
292.587	2.59504
292.118	2.58063
291.65	2.56522
291.184	2.54765
290.72	2.52792
290.257	2.50697
289.795	2.4858
289.335	2.46483
288.877	2.44383
288.419	2.42242
287.964	2.40046
287.509	2.378
287.057	2.3549
286.605	2.33073
286.155	2.30507
285.706	2.27805
285.259	2.25044
284.813	2.22311
284.369	2.19604
283.926	2.16798
283.484	2.13713
283.044	2.10273
282.605	2.06611
282.168	2.03023
281.731	1.99759
281.297	1.96797
280.863	1.93801
280.431	1.90358
280	1.86368
