1200	99.6246
1192.15	99.6239
1184.4	99.6242
1176.75	99.6229
1169.21	99.6195
1161.75	99.6161
1154.39	99.615
1147.13	99.6162
1139.95	99.6175
1132.86	99.6166
1125.87	99.6143
1118.95	99.613
1112.13	99.6145
1105.38	99.6175
1098.72	99.6195
1092.13	99.6194
1085.63	99.6187
1079.2	99.62
1072.84	99.6238
1066.56	99.6282
1060.36	99.6309
1054.23	99.6317
1048.16	99.633
1042.17	99.6367
1036.24	99.6425
1030.38	99.6478
1024.59	99.6508
1018.86	99.6528
1013.2	99.656
1007.6	99.6619
1002.06	99.6688
996.576	99.6743
991.156	99.6776
985.795	99.6806
980.491	99.6856
975.244	99.6929
970.053	99.7001
964.917	99.7052
959.835	99.7085
954.806	99.7123
949.83	99.7186
944.905	99.7263
940.031	99.733
935.207	99.7371
930.433	99.7401
925.707	99.7445
921.028	99.7512
916.397	99.7585
911.812	99.7637
907.273	99.7665
902.778	99.7689
898.328	99.7734
893.922	99.7798
889.559	99.7855
885.238	99.7887
880.958	99.7898
876.72	99.7915
872.523	99.7956
868.365	99.8007
864.247	99.8043
860.168	99.8049
856.127	99.8043
852.124	99.8051
848.159	99.8083
844.23	99.8116
840.337	99.8123
836.48	99.8104
832.658	99.8082
828.871	99.8082
825.118	99.81
821.399	99.811
817.714	99.8088
814.061	99.8045
810.441	99.8011
806.853	99.8003
803.296	99.8007
799.771	99.7991
796.277	99.7942
792.813	99.7882
789.379	99.7841
785.974	99.7828
782.599	99.7817
779.253	99.7778
775.935	99.7708
772.645	99.7639
769.383	99.7599
766.149	99.7585
762.941	99.7561
759.761	99.7502
756.606	99.742
753.478	99.7353
750.376	99.7323
747.299	99.7312
744.247	99.7279
741.22	99.7207
738.218	99.7124
735.239	99.7071
732.285	99.7058
729.354	99.7054
726.447	99.7015
723.563	99.6938
720.702	99.6864
717.863	99.6836
715.046	99.6848
712.251	99.6853
709.479	99.681
706.727	99.6735
703.997	99.6683
701.288	99.669
698.6	99.6731
695.932	99.6742
693.285	99.6695
690.657	99.6628
688.05	99.6609
685.462	99.666
682.893	99.6728
680.344	99.674
677.814	99.6685
675.302	99.6632
672.809	99.6658
670.334	99.676
667.878	99.6851
665.439	99.6848
663.018	99.6774
660.615	99.674
658.229	99.6831
655.86	99.6999
653.508	99.7101
651.173	99.7049
648.854	99.6924
646.553	99.6922
644.267	99.7146
641.997	99.7476
639.744	99.7638
637.506	99.7469
635.283	99.7095
633.077	99.686
630.885	99.702
628.709	99.75
626.547	99.7938
624.4	99.8013
622.268	99.7732
620.151	99.7424
618.048	99.7419
615.959	99.7742
613.884	99.8097
611.823	99.8162
609.776	99.791
607.742	99.7624
605.723	99.7616
603.716	99.7915
601.723	99.8244
599.742	99.8302
597.775	99.8064
595.821	99.7801
593.879	99.7798
591.95	99.8064
590.034	99.8334
588.13	99.8336
586.238	99.8072
584.358	99.7815
582.49	99.7821
580.634	99.8077
578.79	99.8313
576.958	99.8284
575.137	99.8017
573.328	99.7776
571.53	99.7791
569.743	99.8025
567.967	99.8223
566.203	99.8175
564.449	99.7928
562.706	99.7717
560.974	99.7716
559.253	99.7861
557.542	99.7939
555.841	99.783
554.151	99.7646
552.471	99.7597
550.802	99.7751
549.142	99.7936
547.492	99.7915
545.852	99.765
544.222	99.7371
542.602	99.7356
540.991	99.7635
539.39	99.7927
537.798	99.7899
536.216	99.7494
534.643	99.7011
533.079	99.6839
531.524	99.7104
529.979	99.7556
528.442	99.7809
526.914	99.7689
525.395	99.7369
523.885	99.7165
522.383	99.7228
520.89	99.7424
519.405	99.7504
517.929	99.737
516.461	99.716
515.002	99.7089
513.551	99.7216
512.108	99.7395
510.673	99.7431
509.246	99.7283
507.827	99.7102
506.415	99.7063
505.012	99.7187
503.616	99.7332
502.229	99.7344
500.848	99.7213
499.476	99.7072
498.111	99.7052
496.753	99.715
495.402	99.7244
494.059	99.7232
492.724	99.7127
491.395	99.704
490.074	99.7051
488.759	99.7131
487.452	99.7181
486.152	99.7147
484.858	99.7068
483.572	99.7029
482.292	99.7067
481.019	99.7133
479.753	99.7153
478.493	99.7109
477.24	99.7056
475.994	99.7056
474.754	99.7113
473.52	99.7169
472.293	99.7173
471.072	99.7137
469.858	99.7116
468.649	99.7152
467.447	99.7222
466.251	99.7273
465.062	99.728
463.878	99.7273
462.7	99.7301
461.528	99.7375
460.362	99.746
459.202	99.7514
458.048	99.7539
456.9	99.7572
455.757	99.763
454.62	99.7669
453.489	99.7609
452.363	99.7404
451.243	99.7087
450.129	99.6751
449.02	99.6478
447.916	99.6291
446.818	99.6162
445.725	99.6063
444.638	99.5994
443.556	99.5969
442.479	99.5982
441.407	99.6
440.34	99.599
439.279	99.5957
438.223	99.593
437.171	99.5935
436.125	99.5959
435.084	99.5973
434.048	99.5959
433.017	99.5935
431.99	99.5928
430.969	99.5943
429.952	99.5958
428.94	99.5947
427.933	99.5918
426.93	99.5901
425.932	99.5916
424.939	99.594
423.951	99.5931
422.967	99.5867
421.987	99.5771
421.012	99.5687
420.042	99.5636
419.076	99.5596
418.115	99.5538
417.158	99.5464
416.205	99.5411
415.257	99.5409
414.313	99.5442
413.373	99.5458
412.437	99.5426
411.506	99.5369
410.579	99.5343
409.656	99.5373
408.737	99.542
407.823	99.5421
406.912	99.5356
406.005	99.5275
405.103	99.5247
404.204	99.5286
403.31	99.5333
402.419	99.5315
401.533	99.5225
400.65	99.5128
399.771	99.5094
398.896	99.5123
398.025	99.5142
397.157	99.5089
396.294	99.4981
395.434	99.4896
394.578	99.4887
393.725	99.492
392.877	99.4911
392.031	99.4815
391.19	99.4687
390.352	99.4618
389.518	99.4639
388.687	99.4675
387.86	99.463
387.036	99.449
386.216	99.4352
385.399	99.4322
384.586	99.4392
383.776	99.444
382.969	99.4359
382.166	99.4177
381.367	99.4051
380.57	99.4101
379.777	99.4271
378.987	99.4361
378.201	99.4223
377.418	99.3918
376.638	99.368
375.861	99.3694
375.087	99.3915
374.317	99.4104
373.55	99.4055
372.785	99.3791
372.024	99.3535
371.267	99.3485
370.512	99.3618
369.76	99.3726
369.011	99.3636
368.266	99.3393
367.523	99.3214
366.783	99.326
366.047	99.3468
365.313	99.3612
364.582	99.3526
363.854	99.3278
363.129	99.3093
362.407	99.3126
361.688	99.3312
360.971	99.3437
360.258	99.3362
359.547	99.3161
358.839	99.3038
358.134	99.3114
357.432	99.3306
356.732	99.3423
356.035	99.3364
355.341	99.3221
354.649	99.3169
353.96	99.3283
353.274	99.3454
352.591	99.3507
351.91	99.338
351.232	99.3177
350.556	99.305
349.883	99.3034
349.213	99.3012
348.545	99.2848
347.879	99.2542
347.217	99.2237
346.556	99.2083
345.899	99.2086
345.243	99.2116
344.591	99.2045
343.94	99.1875
343.292	99.1733
342.647	99.1723
342.004	99.1818
341.363	99.1889
340.725	99.1845
340.089	99.1721
339.456	99.164
338.825	99.1672
338.196	99.1767
337.569	99.1808
336.945	99.1743
336.324	99.1633
335.704	99.1586
335.087	99.1638
334.472	99.1716
333.859	99.1719
333.249	99.163
332.64	99.1531
332.034	99.1511
331.43	99.1572
330.829	99.1625
330.229	99.1589
329.632	99.148
329.037	99.1393
328.444	99.1396
327.853	99.1458
327.264	99.1481
326.678	99.1411
326.093	99.1294
325.511	99.1228
324.93	99.1258
324.352	99.1324
323.776	99.1328
323.201	99.1238
322.629	99.1128
322.059	99.1094
321.491	99.115
320.925	99.1204
320.361	99.114
319.799	99.094
319.238	99.0692
318.68	99.0508
318.124	99.0418
317.57	99.0351
317.017	99.0225
316.467	99.0032
315.918	98.9847
315.371	98.9746
314.826	98.9728
314.284	98.9724
313.743	98.9669
313.203	98.9566
312.666	98.9468
312.13	98.9418
311.597	98.9403
311.065	98.938
310.535	98.9325
310.007	98.9261
309.48	98.9217
308.956	98.9192
308.433	98.9156
307.912	98.9094
307.392	98.903
306.875	98.9002
306.359	98.9015
305.845	98.9022
305.332	98.8977
304.821	98.8889
304.312	98.8826
303.805	98.8841
303.3	98.8907
302.796	98.8936
302.293	98.8868
301.793	98.8746
301.294	98.8678
300.797	98.8729
300.301	98.8844
299.807	98.8898
299.314	98.8821
298.824	98.8678
298.335	98.8608
297.847	98.8681
297.361	98.8821
296.877	98.888
296.394	98.8795
295.912	98.8654
295.433	98.8609
294.955	98.8711
294.478	98.8854
294.003	98.8877
293.529	98.8734
293.057	98.8549
292.587	98.8489
292.118	98.8593
291.65	98.8732
291.184	98.8739
290.72	98.8592
290.257	98.8433
289.795	98.8428
289.335	98.8584
288.877	98.8742
288.419	98.8738
287.964	98.8573
287.509	98.8416
287.057	98.8426
286.605	98.859
286.155	98.8735
285.706	98.8707
285.259	98.853
284.813	98.8373
284.369	98.8379
283.926	98.8515
283.484	98.8617
283.044	98.8563
282.605	98.8393
282.168	98.8253
281.731	98.8237
281.297	98.8292
280.863	98.8295
280.431	98.8199
280	98.809
