1200	0.352066
1192.15	0.355516
1184.4	0.35867
1176.75	0.36159
1169.21	0.364373
1161.75	0.367036
1154.39	0.369484
1147.13	0.3716
1139.95	0.37335
1132.86	0.374815
1125.87	0.376093
1118.95	0.377191
1112.13	0.378006
1105.38	0.378427
1098.72	0.37844
1092.13	0.378141
1085.63	0.377631
1079.2	0.376903
1072.84	0.375849
1066.56	0.374368
1060.36	0.372469
1054.23	0.370264
1048.16	0.367848
1042.17	0.365206
1036.24	0.362223
1030.38	0.358815
1024.59	0.355014
1018.86	0.350944
1013.2	0.346696
1007.6	0.342239
1002.06	0.337462
996.576	0.332297
991.156	0.326799
985.795	0.3211
980.491	0.315283
975.244	0.309306
970.053	0.303062
964.917	0.296502
959.835	0.289701
954.806	0.282794
949.83	0.275853
944.905	0.26883
940.031	0.261622
935.207	0.254199
930.433	0.246651
925.707	0.239114
921.028	0.231648
916.397	0.224197
911.812	0.216667
907.273	0.209045
902.778	0.20143
898.328	0.193953
893.922	0.186662
889.559	0.179498
885.238	0.172376
880.958	0.165292
876.72	0.158349
872.523	0.15167
868.365	0.145294
864.247	0.13916
860.168	0.133188
856.127	0.127379
852.124	0.121832
848.159	0.116659
844.23	0.111894
840.337	0.107477
836.48	0.103326
832.658	0.0994378
828.871	0.0958999
825.118	0.0928185
821.399	0.0902263
817.714	0.0880614
814.061	0.0862351
810.441	0.0847257
806.853	0.0836066
803.296	0.0829827
799.771	0.0828936
796.277	0.0832741
792.813	0.0840135
789.379	0.0850601
785.974	0.0864733
782.599	0.0883693
779.253	0.0908037
775.935	0.0937022
772.645	0.0969132
769.383	0.100342
766.149	0.104042
762.941	0.108161
759.761	0.112783
756.606	0.117813
753.478	0.123032
750.376	0.12829
747.299	0.133651
744.247	0.13933
741.22	0.145456
738.218	0.151888
735.239	0.158299
732.285	0.164471
729.354	0.170517
726.447	0.176776
723.563	0.183442
720.702	0.190283
717.863	0.19679
715.046	0.202654
712.251	0.20811
709.479	0.213738
706.727	0.219835
703.997	0.225965
701.288	0.231243
698.6	0.235196
695.932	0.238359
693.285	0.241879
690.657	0.246244
688.05	0.250276
685.462	0.251526
682.893	0.248107
680.344	0.240612
677.814	0.232391
675.302	0.227651
672.809	0.228643
670.334	0.234095
667.878	0.240155
665.439	0.243113
663.018	0.241774
660.615	0.237718
658.229	0.23351
655.86	0.230551
653.508	0.228345
651.173	0.225519
648.854	0.221381
646.553	0.216506
644.267	0.211955
641.997	0.208066
639.744	0.204094
637.506	0.199005
635.283	0.192582
633.077	0.185717
630.885	0.179604
628.709	0.174641
626.547	0.170094
624.4	0.164801
622.268	0.15822
620.151	0.150847
618.048	0.1437
615.959	0.137425
613.884	0.131881
611.823	0.126467
609.776	0.120769
607.742	0.114868
605.723	0.109083
603.716	0.10353
601.723	0.0979774
599.742	0.0921112
597.775	0.0858857
595.821	0.0795745
593.879	0.0734942
591.95	0.0677151
590.034	0.0620548
588.13	0.0563293
586.238	0.0505767
584.358	0.0450278
582.49	0.0398831
580.634	0.0351481
578.79	0.0306849
576.958	0.0263979
575.137	0.0223461
573.328	0.0186796
571.53	0.0154953
569.743	0.0127724
567.967	0.0104354
566.203	0.00845181
564.449	0.00685568
562.706	0.00569624
560.974	0.00499118
559.253	0.00473658
557.542	0.00493671
555.841	0.00559612
554.151	0.00668445
552.471	0.00814047
550.802	0.0099371
549.142	0.012132
547.492	0.0148153
545.852	0.017983
544.222	0.0214799
542.602	0.0251134
540.991	0.0288448
539.39	0.0328375
537.798	0.0372605
536.216	0.0420257
534.643	0.046767
533.079	0.0511566
531.524	0.0552658
529.979	0.0595442
528.442	0.0643227
526.914	0.0692726
525.395	0.0734151
523.885	0.0758325
522.383	0.076525
520.89	0.0766092
519.405	0.07757
517.929	0.0801422
516.461	0.0837816
515.002	0.0871765
513.551	0.0893068
512.108	0.0900779
510.673	0.0900186
509.246	0.0894677
507.827	0.0881477
506.415	0.0855417
505.012	0.0815828
503.616	0.0767909
502.229	0.071622
500.848	0.0657875
499.476	0.0585645
498.111	0.0502124
496.753	0.0433086
495.402	0.0424449
494.059	0.0518667
492.724	0.0724526
491.395	0.100308
490.074	0.128285
488.759	0.149606
487.452	0.161178
486.152	0.164455
484.858	0.163574
483.572	0.162372
482.292	0.162429
481.019	0.163129
479.753	0.163105
478.493	0.161621
477.24	0.158925
475.994	0.155672
474.754	0.152225
473.52	0.148465
472.293	0.144098
471.072	0.139019
469.858	0.133379
468.649	0.127397
467.447	0.121185
466.251	0.114764
465.062	0.108194
463.878	0.101635
462.7	0.0952802
461.528	0.08925
460.362	0.0835713
459.202	0.0782437
458.048	0.0733027
456.9	0.0688118
455.757	0.0648116
454.62	0.0613002
453.489	0.0582634
452.363	0.0557042
451.243	0.0536338
450.129	0.0520592
449.02	0.0510316
447.916	0.0507445
446.818	0.05156
445.725	0.0538514
444.638	0.0577078
443.556	0.0627158
442.479	0.0680331
441.407	0.0727545
440.34	0.0763246
439.279	0.0787006
438.223	0.0801759
437.171	0.0810497
436.125	0.0814331
435.084	0.0813139
434.048	0.0807503
433.017	0.0799505
431.99	0.0791394
430.969	0.0783471
429.952	0.0773498
428.94	0.0758577
427.933	0.0738062
426.93	0.0714958
425.932	0.0694483
424.939	0.068083
423.951	0.0674611
422.967	0.0672781
421.987	0.0670785
421.012	0.0665125
420.042	0.0654599
419.076	0.0639853
418.115	0.0622183
417.158	0.060272
416.205	0.0582389
415.257	0.0562196
414.313	0.054325
413.373	0.0526423
412.437	0.0511985
411.506	0.04996
410.579	0.048867
409.656	0.0478708
408.737	0.0469456
407.823	0.0460752
406.912	0.0452356
406.005	0.0443943
405.103	0.0435243
404.204	0.0426176
403.31	0.041685
402.419	0.0407448
401.533	0.0398109
400.65	0.0388897
399.771	0.0379865
398.896	0.0371139
398.025	0.0362953
397.157	0.0355606
396.294	0.0349359
395.434	0.0344341
394.578	0.0340551
393.725	0.0337956
392.877	0.0336623
392.031	0.0336755
391.19	0.0338553
390.352	0.0342015
389.518	0.0346828
388.687	0.0352515
387.86	0.0358738
387.036	0.0365504
386.216	0.0373014
385.399	0.0381204
384.586	0.0389287
383.776	0.0395714
382.969	0.0398709
382.166	0.0397134
381.367	0.0391186
380.57	0.0382483
379.777	0.0373431
378.987	0.0366165
378.201	0.036162
377.418	0.0359237
376.638	0.0357481
375.861	0.0354886
375.087	0.0350924
374.317	0.0346088
373.55	0.0341111
372.785	0.0335959
372.024	0.0329514
371.267	0.0320345
370.512	0.0307932
369.76	0.0293137
369.011	0.027728
368.266	0.0260542
367.523	0.0241296
366.783	0.0217327
366.047	0.0188016
365.313	0.015525
364.582	0.0121709
363.854	0.00878212
363.129	0.00508382
362.407	0.00083806
361.688	-0.00351624
360.971	-0.0064799
360.258	-0.00587257
359.547	4.39008e-05
358.839	0.0113577
358.134	0.0260854
357.432	0.0409397
356.732	0.0528542
356.035	0.060293
355.341	0.0635537
354.649	0.0640381
353.96	0.0631698
353.274	0.0617472
352.591	0.0600081
351.91	0.0580649
351.232	0.0561765
350.556	0.0546417
349.883	0.0535461
349.213	0.0527111
348.545	0.0519201
347.879	0.0511641
347.217	0.0506266
346.556	0.0504294
345.899	0.0504368
345.243	0.050359
344.591	0.0500546
343.94	0.0496874
343.292	0.0495248
342.647	0.0495629
342.004	0.0494032
341.363	0.0485936
340.725	0.0471689
340.089	0.0458532
339.456	0.0456376
338.825	0.0470222
338.196	0.0495736
337.569	0.0522271
336.945	0.0541362
336.324	0.0553921
335.704	0.0570448
335.087	0.0604278
334.472	0.0663261
333.859	0.0745713
333.249	0.0842386
332.64	0.0941633
332.034	0.103373
331.43	0.111252
330.829	0.117534
330.229	0.122252
329.632	0.125688
329.037	0.128231
328.444	0.130156
327.853	0.131472
327.264	0.131992
326.678	0.131572
326.093	0.130307
325.511	0.128494
324.93	0.126393
324.352	0.124053
323.776	0.121368
323.201	0.118318
322.629	0.115109
322.059	0.112065
321.491	0.109353
320.925	0.106849
320.361	0.104277
319.799	0.101511
319.238	0.098703
318.68	0.0961079
318.124	0.0937773
317.57	0.0914511
317.017	0.0887873
316.467	0.0857263
315.918	0.0826316
315.371	0.0800532
314.826	0.0783135
314.284	0.07728
313.743	0.0765052
313.203	0.0755715
312.666	0.0743228
312.13	0.0728189
311.597	0.0711347
311.065	0.0692507
310.535	0.0671353
310.007	0.0648942
309.48	0.0627889
308.956	0.0610813
308.433	0.0598525
307.912	0.0589693
307.392	0.0582185
306.875	0.0574699
306.359	0.0567309
305.845	0.0560907
305.332	0.0556585
304.821	0.055561
304.312	0.0559609
303.805	0.0570226
303.3	0.058846
302.796	0.061472
302.293	0.0650085
301.793	0.0697624
301.294	0.076176
300.797	0.0845087
300.301	0.0944718
299.807	0.105147
299.314	0.115339
298.824	0.124146
298.335	0.131324
297.847	0.137202
297.361	0.142264
296.877	0.146793
296.394	0.150846
295.912	0.154475
295.433	0.157903
294.955	0.161419
294.478	0.165133
294.003	0.168851
293.529	0.172239
293.057	0.175121
292.587	0.177604
292.118	0.179924
291.65	0.182171
291.184	0.184193
290.72	0.185774
290.257	0.186903
289.795	0.187829
289.335	0.188864
288.877	0.190105
288.419	0.191378
287.964	0.192442
287.509	0.193249
287.057	0.194002
286.605	0.194969
286.155	0.196248
285.706	0.197724
285.259	0.199213
284.813	0.20064
284.369	0.202046
283.926	0.203467
283.484	0.204837
283.044	0.20604
282.605	0.207051
282.168	0.208002
281.731	0.209065
281.297	0.210285
280.863	0.211527
280.431	0.212601
280	0.213437
