1200	0.0752316
1192.15	0.0598912
1184.4	0.0473348
1176.75	0.0379059
1169.21	0.0318281
1161.75	0.0289708
1154.39	0.0289158
1147.13	0.0312458
1139.95	0.0358077
1132.86	0.0427356
1125.87	0.0522326
1118.95	0.0643076
1112.13	0.0786926
1105.38	0.0950041
1098.72	0.113002
1092.13	0.132715
1085.63	0.154327
1079.2	0.177913
1072.84	0.203258
1066.56	0.229935
1060.36	0.257579
1054.23	0.286136
1048.16	0.315862
1042.17	0.347043
1036.24	0.379651
1030.38	0.413225
1024.59	0.447114
1018.86	0.480912
1013.2	0.514759
1007.6	0.549214
1002.06	0.584774
996.576	0.621358
991.156	0.658196
985.795	0.694262
980.491	0.728982
975.244	0.762687
970.053	0.796415
964.917	0.831102
959.835	0.866721
954.806	0.902017
949.83	0.935168
944.905	0.965014
940.031	0.992005
935.207	1.01807
930.433	1.04529
925.707	1.07404
921.028	1.10192
916.397	1.1243
911.812	1.13658
907.273	1.13698
902.778	1.12821
898.328	1.11694
893.922	1.11101
889.559	1.11595
885.238	1.13255
880.958	1.15693
876.72	1.18293
872.523	1.20546
868.365	1.22282
864.247	1.2368
860.168	1.2507
856.127	1.26678
852.124	1.28481
848.159	1.30253
844.23	1.31746
840.337	1.3288
836.48	1.33783
832.658	1.34681
828.871	1.35716
825.118	1.36835
821.399	1.37837
817.714	1.38537
814.061	1.38922
810.441	1.3916
806.853	1.39467
803.296	1.3992
799.771	1.40371
796.277	1.40546
792.813	1.40257
789.379	1.39572
785.974	1.38782
782.599	1.3818
779.253	1.37797
775.935	1.37312
772.645	1.3625
769.383	1.34343
766.149	1.31802
762.941	1.29258
759.761	1.27358
756.606	1.26278
753.478	1.25523
750.376	1.24223
747.299	1.21807
744.247	1.18591
741.22	1.15803
738.218	1.14876
735.239	1.16342
732.285	1.19027
729.354	1.20197
726.447	1.16772
723.563	1.07081
720.702	0.921703
717.863	0.758388
715.046	0.631888
712.251	0.583576
709.479	0.625749
706.727	0.735739
703.997	0.866682
701.288	0.969109
698.6	1.01205
695.932	0.993208
693.285	0.934426
690.657	0.866652
688.05	0.813757
685.462	0.78366
682.893	0.769873
680.344	0.760221
677.814	0.746114
675.302	0.726799
672.809	0.707318
670.334	0.693116
667.878	0.685769
665.439	0.682588
663.018	0.679564
660.615	0.674781
658.229	0.66955
655.86	0.66665
653.508	0.667435
651.173	0.670304
648.854	0.671797
646.553	0.669363
644.267	0.663525
641.997	0.657626
639.744	0.655256
637.506	0.65729
635.283	0.660824
633.077	0.660902
630.885	0.653879
628.709	0.640009
626.547	0.623399
624.4	0.609348
622.268	0.600918
620.151	0.597127
618.048	0.593919
615.959	0.587131
613.884	0.575303
611.823	0.56043
609.776	0.54629
607.742	0.535692
605.723	0.528676
603.716	0.522854
601.723	0.515462
599.742	0.50549
597.775	0.494299
595.821	0.484352
593.879	0.477109
591.95	0.471735
590.034	0.465598
588.13	0.456169
586.238	0.442899
584.358	0.427664
582.49	0.413463
580.634	0.402311
578.79	0.393871
576.958	0.385764
575.137	0.375322
573.328	0.361485
571.53	0.345502
569.743	0.329999
567.967	0.317113
566.203	0.307056
564.449	0.298089
562.706	0.287845
560.974	0.275026
559.253	0.260257
557.542	0.245568
555.841	0.232938
554.151	0.222968
552.471	0.214583
550.802	0.205903
549.142	0.195595
547.492	0.183753
545.852	0.171741
544.222	0.161195
542.602	0.152924
540.991	0.14646
539.39	0.140482
537.798	0.133767
536.216	0.125976
534.643	0.117797
533.079	0.110414
531.524	0.104729
529.979	0.10084
528.442	0.0980622
526.914	0.095423
525.395	0.0922753
523.885	0.0886802
522.383	0.0853762
520.89	0.0833917
519.405	0.0835233
517.929	0.0859486
516.461	0.0901707
515.002	0.0953462
513.551	0.100854
512.108	0.106803
510.673	0.114141
509.246	0.124191
507.827	0.137787
506.415	0.154516
505.012	0.17264
503.616	0.189914
502.229	0.204952
500.848	0.218227
499.476	0.231901
498.111	0.248299
496.753	0.267873
495.402	0.288084
494.059	0.304345
492.724	0.312951
491.395	0.314466
490.074	0.315364
488.759	0.326336
487.452	0.357589
486.152	0.413377
484.858	0.488855
483.572	0.571337
482.292	0.645645
481.019	0.700862
479.753	0.734864
478.493	0.754206
477.24	0.76961
475.994	0.789769
474.754	0.817069
473.52	0.847462
472.293	0.874157
471.072	0.89248
469.858	0.902792
468.649	0.909794
467.447	0.919
466.251	0.932922
465.062	0.949512
463.878	0.963777
462.7	0.971305
461.528	0.971246
460.362	0.966778
459.202	0.962852
458.048	0.962824
456.9	0.966243
455.757	0.969172
454.62	0.966722
453.489	0.956047
452.363	0.937896
451.243	0.915889
450.129	0.894224
449.02	0.875414
447.916	0.859464
446.818	0.844764
445.725	0.829807
444.638	0.814413
443.556	0.799677
442.479	0.786864
441.407	0.776225
440.34	0.766662
439.279	0.756484
438.223	0.744632
437.171	0.731432
436.125	0.718331
435.084	0.706824
434.048	0.697374
433.017	0.689113
431.99	0.680506
430.969	0.670475
429.952	0.65916
428.94	0.647786
427.933	0.637754
426.93	0.629637
425.932	0.62279
424.939	0.615836
423.951	0.607657
422.967	0.598168
421.987	0.588344
421.012	0.579475
420.042	0.57218
419.076	0.565844
418.115	0.558851
417.158	0.549476
416.205	0.536848
415.257	0.521445
414.313	0.504834
413.373	0.488903
412.437	0.475017
411.506	0.463582
410.579	0.454125
409.656	0.445754
408.737	0.437676
407.823	0.429498
406.912	0.421241
406.005	0.413161
405.103	0.405529
404.204	0.398488
403.31	0.392015
402.419	0.38597
401.533	0.38019
400.65	0.374575
399.771	0.36915
398.896	0.364065
398.025	0.359519
397.157	0.355643
396.294	0.352399
395.434	0.349577
394.578	0.346899
393.725	0.344178
392.877	0.341433
392.031	0.338854
391.19	0.336648
390.352	0.334847
389.518	0.333216
388.687	0.33133
387.86	0.328783
387.036	0.325388
386.216	0.321247
385.399	0.316636
384.586	0.311797
383.776	0.306757
382.969	0.301307
382.166	0.29513
381.367	0.28801
380.57	0.279998
379.777	0.271422
378.987	0.262769
378.201	0.254469
377.418	0.246704
376.638	0.239339
375.861	0.231997
375.087	0.224292
374.317	0.216105
373.55	0.207757
372.785	0.19996
372.024	0.193479
371.267	0.188672
370.512	0.185167
369.76	0.181934
369.011	0.177811
368.266	0.172228
367.523	0.165624
366.783	0.159191
366.047	0.15396
365.313	0.149761
364.582	0.144853
363.854	0.136686
363.129	0.123541
362.407	0.105993
361.688	0.0869916
360.971	0.0700436
360.258	0.0562473
359.547	0.0420745
358.839	0.0198403
358.134	-0.0184545
357.432	-0.0752969
356.732	-0.142918
356.035	-0.202809
355.341	-0.23087
354.649	-0.206606
353.96	-0.122329
353.274	0.012194
352.591	0.172259
351.91	0.327036
351.232	0.450674
350.556	0.530601
349.883	0.569503
349.213	0.580749
348.545	0.580271
347.879	0.579272
347.217	0.581095
346.556	0.582944
345.899	0.580449
345.243	0.571933
344.591	0.559943
343.94	0.549636
343.292	0.545505
342.647	0.548685
342.004	0.556461
341.363	0.564082
340.725	0.567689
340.089	0.566639
339.456	0.563963
338.825	0.564717
338.196	0.573001
337.569	0.589013
336.945	0.607609
336.324	0.619337
335.704	0.614041
335.087	0.586
334.472	0.538523
333.859	0.485575
333.249	0.44877
332.64	0.449967
332.034	0.502058
331.43	0.602083
330.829	0.730402
330.229	0.857206
329.632	0.953958
329.037	1.00465
328.444	1.01141
327.853	0.991669
327.264	0.968537
326.678	0.959383
326.093	0.968677
325.511	0.988443
324.93	1.00533
324.352	1.00967
323.776	1.00109
323.201	0.987713
322.629	0.980072
322.059	0.984069
321.491	0.997463
320.925	1.01192
320.361	1.0189
319.799	1.01521
319.238	1.00478
318.68	0.995498
318.124	0.993704
317.57	1.00002
317.017	1.00928
316.467	1.01432
315.918	1.01094
315.371	1.00054
314.826	0.988837
314.284	0.981653
313.743	0.980912
313.203	0.983457
312.666	0.983457
312.13	0.97655
311.597	0.962829
311.065	0.946649
310.535	0.933542
310.007	0.926471
309.48	0.924034
308.956	0.921736
308.433	0.9153
307.912	0.903627
307.392	0.889367
306.875	0.876819
306.359	0.868768
305.845	0.864518
305.332	0.860464
304.821	0.852699
304.312	0.839756
303.805	0.823574
303.3	0.808086
302.796	0.796504
302.293	0.789242
301.793	0.783863
301.294	0.776962
300.797	0.766574
300.301	0.753406
299.807	0.740131
299.314	0.729398
298.824	0.722037
298.335	0.716727
297.847	0.711214
297.361	0.704084
296.877	0.695734
296.394	0.687878
295.912	0.682065
295.433	0.678395
294.955	0.675406
294.478	0.671209
294.003	0.664967
293.529	0.657566
293.057	0.650971
292.587	0.646759
292.118	0.644929
291.65	0.643909
291.184	0.641735
290.72	0.63753
290.257	0.632171
289.795	0.627632
289.335	0.625512
288.877	0.625832
288.419	0.627008
287.964	0.627015
287.509	0.624859
287.057	0.621274
286.605	0.618118
286.155	0.616932
285.706	0.617753
285.259	0.619066
284.813	0.618907
284.369	0.61628
283.926	0.61179
283.484	0.607033
283.044	0.603287
282.605	0.600618
282.168	0.598282
281.731	0.596257
281.297	0.59677
280.863	0.604456
280.431	0.624588
280	0.660173
