1200	99.6233
1192.15	99.6181
1184.4	99.6177
1176.75	99.62
1169.21	99.6203
1161.75	99.6162
1154.39	99.6108
1147.13	99.6087
1139.95	99.6111
1132.86	99.6144
1125.87	99.6143
1118.95	99.6106
1112.13	99.6076
1105.38	99.6089
1098.72	99.6137
1092.13	99.6175
1085.63	99.6172
1079.2	99.6148
1072.84	99.6148
1066.56	99.6194
1060.36	99.6259
1054.23	99.6297
1048.16	99.6295
1042.17	99.629
1036.24	99.6323
1030.38	99.6396
1024.59	99.6468
1018.86	99.6501
1013.2	99.6504
1007.6	99.6523
1002.06	99.6587
996.576	99.6676
991.156	99.6744
985.795	99.677
980.491	99.6783
975.244	99.6827
970.053	99.6912
964.917	99.7003
959.835	99.7059
954.806	99.7079
949.83	99.7103
944.905	99.7167
940.031	99.7262
935.207	99.7343
930.433	99.7381
925.707	99.7394
921.028	99.743
916.397	99.7508
911.812	99.7598
907.273	99.7657
902.778	99.7673
898.328	99.7683
893.922	99.7728
889.559	99.7808
885.238	99.788
880.958	99.7908
876.72	99.7904
872.523	99.7912
868.365	99.7962
864.247	99.8031
860.168	99.8073
856.127	99.8068
852.124	99.8046
848.159	99.8055
844.23	99.8102
840.337	99.8149
836.48	99.8153
832.658	99.8117
828.871	99.8085
825.118	99.8095
821.399	99.8132
817.714	99.8146
814.061	99.8111
810.441	99.8052
806.853	99.8018
803.296	99.8028
799.771	99.8046
796.277	99.8024
792.813	99.7955
789.379	99.7885
785.974	99.7857
782.599	99.7866
779.253	99.7859
775.935	99.7801
772.645	99.771
769.383	99.7644
766.149	99.7629
762.941	99.7632
759.761	99.7598
756.606	99.7511
753.478	99.7416
750.376	99.7369
747.299	99.737
744.247	99.7364
741.22	99.7302
738.218	99.72
735.239	99.7121
732.285	99.7106
729.354	99.7123
726.447	99.7102
723.563	99.7018
720.702	99.6919
717.863	99.6877
715.046	99.6902
712.251	99.6928
709.479	99.6887
706.727	99.6789
703.997	99.6717
701.288	99.6731
698.6	99.6796
695.932	99.6816
693.285	99.6748
690.657	99.6654
688.05	99.6637
685.462	99.6721
682.893	99.6812
680.344	99.6804
677.814	99.6702
675.302	99.6637
672.809	99.6714
670.334	99.6881
667.878	99.6968
665.439	99.6879
663.018	99.673
660.615	99.6756
658.229	99.7047
655.86	99.74
653.508	99.7476
651.173	99.7146
648.854	99.6679
646.553	99.6529
644.267	99.6912
641.997	99.756
639.744	99.795
637.506	99.779
635.283	99.7303
633.077	99.7015
630.885	99.7238
628.709	99.7766
626.547	99.8093
624.4	99.7927
622.268	99.7488
620.151	99.7276
618.048	99.7552
615.959	99.807
613.884	99.8332
611.823	99.81
609.776	99.7645
607.742	99.7461
605.723	99.7755
603.716	99.8237
601.723	99.8428
599.742	99.8162
597.775	99.7752
595.821	99.7651
593.879	99.7978
591.95	99.8398
590.034	99.8481
588.13	99.8158
586.238	99.7788
584.358	99.7766
582.49	99.8109
580.634	99.8446
578.79	99.8418
576.958	99.8062
575.137	99.7764
573.328	99.7836
571.53	99.8181
569.743	99.8408
567.967	99.8262
566.203	99.7897
564.449	99.7709
562.706	99.7891
560.974	99.8217
559.253	99.8284
557.542	99.7962
555.841	99.755
554.151	99.7467
552.471	99.7798
550.802	99.819
549.142	99.8217
547.492	99.7834
545.852	99.7427
544.222	99.74
542.602	99.7745
540.991	99.8051
539.39	99.7949
537.798	99.7518
536.216	99.7204
534.643	99.7329
533.079	99.7734
531.524	99.7938
529.979	99.7665
528.442	99.7168
526.914	99.6975
525.395	99.7321
523.885	99.7854
522.383	99.797
520.89	99.7444
519.405	99.6702
517.929	99.643
516.461	99.6894
515.002	99.7664
513.551	99.8032
512.108	99.7703
510.673	99.7064
509.246	99.6773
507.827	99.7084
506.415	99.7619
505.012	99.7792
503.616	99.7425
502.229	99.6921
500.848	99.6822
499.476	99.7234
498.111	99.7718
496.753	99.7769
495.402	99.7341
494.059	99.6893
492.724	99.6897
491.395	99.7344
490.074	99.7763
488.759	99.7726
487.452	99.7291
486.152	99.6933
484.858	99.7032
483.572	99.7484
482.292	99.7822
481.019	99.7721
479.753	99.7334
478.493	99.7117
477.24	99.7337
475.994	99.7799
474.754	99.8067
473.52	99.7938
472.293	99.7646
471.072	99.7591
469.858	99.7887
468.649	99.8215
467.447	99.8152
466.251	99.761
465.062	99.6932
463.878	99.6543
462.7	99.6533
461.528	99.66
460.362	99.6415
459.202	99.5985
458.048	99.5647
456.9	99.5697
455.757	99.6063
454.62	99.6377
453.489	99.6354
452.363	99.6082
451.243	99.5908
450.129	99.6055
449.02	99.639
447.916	99.6573
446.818	99.6434
445.725	99.6149
444.638	99.6048
443.556	99.6257
442.479	99.6565
441.407	99.6659
440.34	99.6461
439.279	99.6206
438.223	99.6182
437.171	99.6419
436.125	99.6657
435.084	99.6635
434.048	99.6368
433.017	99.6131
431.99	99.6159
430.969	99.6396
429.952	99.6565
428.94	99.6464
427.933	99.6182
426.93	99.5993
425.932	99.6057
424.939	99.6251
423.951	99.6317
422.967	99.6145
421.987	99.5894
421.012	99.5808
420.042	99.5944
419.076	99.6112
418.115	99.6083
417.158	99.5844
416.205	99.5614
415.257	99.5603
414.313	99.5778
413.373	99.5906
412.437	99.5808
411.506	99.5558
410.579	99.5406
409.656	99.5497
408.737	99.571
407.823	99.5786
406.912	99.5616
406.005	99.536
405.103	99.5277
404.204	99.544
403.31	99.565
402.419	99.5652
401.533	99.5413
400.65	99.5165
399.771	99.5152
398.896	99.5362
398.025	99.5536
397.157	99.5447
396.294	99.5149
395.434	99.493
394.578	99.4994
393.725	99.524
392.877	99.536
392.031	99.5171
391.19	99.4818
390.352	99.4629
389.518	99.4763
388.687	99.504
387.86	99.5127
387.036	99.4891
386.216	99.4545
385.399	99.442
384.586	99.4613
383.776	99.4881
382.969	99.4902
382.166	99.4622
381.367	99.4308
380.57	99.4266
379.777	99.4508
378.987	99.4745
378.201	99.4696
377.418	99.4392
376.638	99.414
375.861	99.4187
375.087	99.4455
374.317	99.4625
373.55	99.4492
372.785	99.4183
372.024	99.4013
371.267	99.4121
370.512	99.4304
369.76	99.4234
369.011	99.3842
368.266	99.3431
367.523	99.338
366.783	99.3733
366.047	99.4121
365.313	99.4127
364.582	99.3714
363.854	99.3278
363.129	99.3244
362.407	99.362
361.688	99.3987
360.971	99.3934
360.258	99.3493
359.547	99.3113
358.839	99.319
358.134	99.3641
357.432	99.3979
356.732	99.3821
356.035	99.3291
355.341	99.2902
354.649	99.3024
353.96	99.3501
353.274	99.3807
352.591	99.3598
351.91	99.307
351.232	99.2752
350.556	99.2955
349.883	99.345
349.213	99.3704
348.545	99.3447
347.879	99.2947
347.217	99.2728
346.556	99.3016
345.899	99.3505
345.243	99.3678
344.591	99.3357
343.94	99.2884
343.292	99.2759
342.647	99.3113
342.004	99.3569
341.363	99.3646
340.725	99.3262
340.089	99.282
339.456	99.2778
338.825	99.3162
338.196	99.354
337.569	99.348
336.945	99.3
336.324	99.2544
335.704	99.2503
335.087	99.2799
334.472	99.2974
333.859	99.2679
333.249	99.2055
332.64	99.1591
332.034	99.1616
331.43	99.1956
330.829	99.2129
330.229	99.186
329.632	99.1366
329.037	99.1124
328.444	99.1356
327.853	99.1783
327.264	99.1916
326.678	99.1574
326.093	99.1068
325.511	99.0875
324.93	99.1135
324.352	99.1503
323.776	99.1519
323.201	99.1097
322.629	99.0615
322.059	99.0514
321.491	99.0835
320.925	99.1175
320.361	99.1119
319.799	99.0674
319.238	99.026
318.68	99.0264
318.124	99.0631
317.57	99.0926
317.017	99.0798
316.467	99.0348
315.918	99.0018
315.371	99.0116
314.826	99.0495
314.284	99.0712
313.743	99.0501
313.203	99.0054
312.666	98.9812
312.13	98.9997
311.597	99.0374
311.065	99.0508
310.535	99.0228
310.007	98.9805
309.48	98.966
308.956	98.9914
308.433	99.0262
307.912	99.0302
307.392	98.9964
306.875	98.9583
306.359	98.9536
305.845	98.984
305.332	99.0134
304.821	99.0071
304.312	98.9689
303.805	98.9373
303.3	98.9437
302.796	98.9789
302.293	99.0021
301.793	98.9851
301.294	98.9423
300.797	98.9158
300.301	98.9305
299.807	98.9677
299.314	98.9844
298.824	98.9595
298.335	98.9157
297.847	98.8957
297.361	98.9168
296.877	98.953
296.394	98.9627
295.912	98.9335
295.433	98.8949
294.955	98.8862
294.478	98.9148
294.003	98.948
293.529	98.9486
293.057	98.9146
292.587	98.8814
292.118	98.8836
291.65	98.9177
291.184	98.9458
290.72	98.9365
290.257	98.8987
289.795	98.872
289.335	98.8844
288.877	98.9216
288.419	98.9426
287.964	98.9235
287.509	98.8838
287.057	98.8651
286.605	98.8868
286.155	98.9246
285.706	98.9366
285.259	98.9082
284.813	98.8684
284.369	98.8582
283.926	98.8868
283.484	98.9211
283.044	98.9218
282.605	98.8861
282.168	98.8513
281.731	98.8543
281.297	98.8902
280.863	98.9165
280.431	98.8982
280	98.8479
