1200	99.6275
1192.15	99.6239
1184.4	99.6217
1176.75	99.6213
1169.21	99.6212
1161.75	99.62
1154.39	99.6176
1147.13	99.6157
1139.95	99.6157
1132.86	99.617
1125.87	99.618
1118.95	99.6175
1112.13	99.6166
1105.38	99.617
1098.72	99.6192
1092.13	99.622
1085.63	99.6239
1079.2	99.6245
1072.84	99.6254
1066.56	99.6281
1060.36	99.6323
1054.23	99.6363
1048.16	99.6389
1042.17	99.6407
1036.24	99.6436
1030.38	99.6484
1024.59	99.654
1018.86	99.6586
1013.2	99.6618
1007.6	99.6649
1002.06	99.6697
996.576	99.6759
991.156	99.6821
985.795	99.6868
980.491	99.6904
975.244	99.6947
970.053	99.7008
964.917	99.7077
959.835	99.7136
954.806	99.7179
949.83	99.7217
944.905	99.7268
940.031	99.7335
935.207	99.7401
930.433	99.745
925.707	99.7485
921.028	99.7522
916.397	99.7577
911.812	99.764
907.273	99.7693
902.778	99.7726
898.328	99.775
893.922	99.7785
889.559	99.7836
885.238	99.7886
880.958	99.7918
876.72	99.7931
872.523	99.7944
868.365	99.7973
864.247	99.8013
860.168	99.8042
856.127	99.8048
852.124	99.8042
848.159	99.8044
844.23	99.8064
840.337	99.8085
836.48	99.8088
832.658	99.8067
828.871	99.8044
825.118	99.8037
821.399	99.8044
817.714	99.8043
814.061	99.8017
810.441	99.7974
806.853	99.7939
803.296	99.7926
799.771	99.7919
796.277	99.7892
792.813	99.784
789.379	99.7783
785.974	99.7745
782.599	99.7727
779.253	99.7704
775.935	99.7655
772.645	99.7585
769.383	99.7524
766.149	99.7491
762.941	99.7471
759.761	99.7433
756.606	99.7365
753.478	99.729
750.376	99.7239
747.299	99.7217
744.247	99.7195
741.22	99.7145
738.218	99.7069
735.239	99.7003
732.285	99.6973
729.354	99.6966
726.447	99.6943
723.563	99.6884
720.702	99.6812
717.863	99.677
715.046	99.6769
712.251	99.6777
709.479	99.6751
706.727	99.669
703.997	99.6636
701.288	99.6631
698.6	99.6662
695.932	99.6679
693.285	99.6647
690.657	99.6591
688.05	99.657
685.462	99.661
682.893	99.6668
680.344	99.6683
677.814	99.6642
675.302	99.6603
672.809	99.6629
670.334	99.6715
667.878	99.6787
665.439	99.6784
663.018	99.6732
660.615	99.6724
658.229	99.6811
655.86	99.6938
653.508	99.6997
651.173	99.6953
648.854	99.6894
646.553	99.6944
644.267	99.7113
641.997	99.7266
639.744	99.7263
637.506	99.7134
635.283	99.7082
633.077	99.7275
630.885	99.7634
628.709	99.7854
626.547	99.7695
624.4	99.725
622.268	99.6921
620.151	99.7056
618.048	99.7607
615.959	99.8142
613.884	99.8232
611.823	99.7866
609.776	99.7456
607.742	99.7437
605.723	99.7837
603.716	99.826
601.723	99.8289
599.742	99.7913
597.775	99.7541
595.821	99.7575
593.879	99.7998
591.95	99.8392
590.034	99.8367
588.13	99.7965
586.238	99.7614
584.358	99.768
582.49	99.8085
580.634	99.8398
578.79	99.8288
576.958	99.7871
575.137	99.7584
573.328	99.7714
571.53	99.809
569.743	99.8269
567.967	99.8016
566.203	99.7572
564.449	99.7402
562.706	99.7694
560.974	99.814
559.253	99.8243
557.542	99.7851
555.841	99.734
554.151	99.7239
552.471	99.7669
550.802	99.8183
549.142	99.8203
547.492	99.7607
545.852	99.6888
544.222	99.6686
542.602	99.7166
540.991	99.7862
539.39	99.8135
537.798	99.7789
536.216	99.7224
534.643	99.7006
533.079	99.7291
531.524	99.7708
529.979	99.7774
528.442	99.7401
526.914	99.6975
525.395	99.6927
523.885	99.7284
522.383	99.7648
520.89	99.7624
519.405	99.7231
517.929	99.6869
516.461	99.6892
515.002	99.7246
513.551	99.7538
512.108	99.7456
510.673	99.7087
509.246	99.6808
507.827	99.6882
506.415	99.7194
505.012	99.739
503.616	99.7258
502.229	99.6942
500.848	99.6771
499.476	99.6903
498.111	99.717
496.753	99.7269
495.402	99.7096
494.059	99.6841
492.724	99.6774
491.395	99.6952
490.074	99.7166
488.759	99.7177
487.452	99.6975
486.152	99.6781
484.858	99.6799
483.572	99.6999
482.292	99.7153
481.019	99.7091
479.753	99.688
478.493	99.6749
477.24	99.6832
475.994	99.703
474.754	99.7122
473.52	99.7007
472.293	99.6813
471.072	99.6749
469.858	99.6879
468.649	99.7055
467.447	99.7087
466.251	99.6945
465.062	99.6791
463.878	99.6796
462.7	99.6954
461.528	99.7094
460.362	99.7075
459.202	99.6934
458.048	99.6844
456.9	99.6918
455.757	99.7089
454.62	99.7188
453.489	99.7137
452.363	99.703
451.243	99.7027
450.129	99.7168
449.02	99.7334
447.916	99.7382
446.818	99.7309
445.725	99.7246
444.638	99.7297
443.556	99.7393
442.479	99.7345
441.407	99.7043
440.34	99.6591
439.279	99.6227
438.223	99.6091
437.171	99.61
436.125	99.6049
435.084	99.584
434.048	99.5589
433.017	99.5495
431.99	99.5616
430.969	99.58
429.952	99.5832
428.94	99.5667
427.933	99.5469
426.93	99.5439
425.932	99.56
424.939	99.5777
423.951	99.5784
422.967	99.562
421.987	99.5462
421.012	99.5467
420.042	99.5603
419.076	99.5691
418.115	99.5605
417.158	99.5414
416.205	99.5303
415.257	99.5369
414.313	99.5513
413.373	99.5549
412.437	99.5408
411.506	99.5217
410.579	99.5158
409.656	99.5271
408.737	99.5407
407.823	99.5394
406.912	99.5225
406.005	99.5067
405.103	99.5079
404.204	99.5233
403.31	99.5343
402.419	99.5264
401.533	99.505
400.65	99.4899
399.771	99.4938
398.896	99.5087
398.025	99.5149
397.157	99.5023
396.294	99.4811
395.434	99.4706
394.578	99.4773
393.725	99.4882
392.877	99.4853
392.031	99.4664
391.19	99.448
390.352	99.4463
389.518	99.4587
388.687	99.4644
387.86	99.4472
387.036	99.4144
386.216	99.3918
385.399	99.3971
384.586	99.421
383.776	99.4353
382.969	99.4213
382.166	99.3886
381.367	99.3655
380.57	99.3691
379.777	99.3883
378.987	99.3957
378.201	99.3772
377.418	99.3472
376.638	99.3331
375.861	99.3463
375.087	99.3698
374.317	99.3757
373.55	99.3544
372.785	99.3244
372.024	99.3132
371.267	99.3284
370.512	99.3506
369.76	99.3541
369.011	99.334
368.266	99.3105
367.523	99.3075
366.783	99.3269
366.047	99.3479
365.313	99.3488
364.582	99.33
363.854	99.3123
363.129	99.3132
362.407	99.3279
361.688	99.3341
360.971	99.316
360.258	99.2814
359.547	99.2536
358.839	99.2472
358.134	99.2542
357.432	99.2539
356.732	99.2354
356.035	99.2098
355.341	99.1972
354.649	99.205
353.96	99.2201
353.274	99.2229
352.591	99.2082
351.91	99.1901
351.232	99.1861
350.556	99.1983
349.883	99.2115
349.213	99.2101
348.545	99.1947
347.879	99.1811
347.217	99.1828
346.556	99.1962
345.899	99.2054
345.243	99.1993
344.591	99.1838
343.94	99.1749
343.292	99.1811
342.647	99.1942
342.004	99.1985
341.363	99.1882
340.725	99.1734
340.089	99.169
339.456	99.178
338.825	99.1887
338.196	99.1875
337.569	99.1737
336.945	99.1604
336.324	99.1598
335.704	99.1697
335.087	99.1764
334.472	99.1694
333.859	99.1533
333.249	99.1425
332.64	99.1451
332.034	99.1544
331.43	99.1559
330.829	99.1438
330.229	99.127
329.632	99.1196
329.037	99.1252
328.444	99.1325
327.853	99.1284
327.264	99.1121
326.678	99.0963
326.093	99.0932
325.511	99.101
324.93	99.1054
324.352	99.0956
323.776	99.0761
323.201	99.0626
322.629	99.0642
322.059	99.0736
321.491	99.0742
320.925	99.0588
320.361	99.0377
319.799	99.0279
319.238	99.0347
318.68	99.0453
318.124	99.0424
317.57	99.0229
317.017	99.002
316.467	98.9979
315.918	99.0119
315.371	99.0262
314.826	99.0223
314.284	98.9999
313.743	98.9777
313.203	98.9747
312.666	98.9909
312.13	99.008
311.597	99.0085
311.065	98.9924
310.535	98.9753
310.007	98.9699
309.48	98.9722
308.956	98.9661
308.433	98.9411
307.912	98.9047
307.392	98.8745
306.875	98.8614
306.359	98.8594
305.845	98.8542
305.332	98.8392
304.821	98.8217
304.312	98.8133
303.805	98.8163
303.3	98.8211
302.796	98.8174
302.293	98.8061
301.793	98.798
301.294	98.8009
300.797	98.8104
300.301	98.8147
299.807	98.8084
299.314	98.7989
298.824	98.7983
298.335	98.8091
297.847	98.8205
297.361	98.8204
296.877	98.8096
296.394	98.8017
295.912	98.8083
295.433	98.8245
294.955	98.8331
294.478	98.8226
294.003	98.8007
293.529	98.7876
293.057	98.7945
292.587	98.811
292.118	98.816
291.65	98.8008
291.184	98.7794
290.72	98.7748
290.257	98.7937
289.795	98.8186
289.335	98.825
288.877	98.8083
288.419	98.7892
287.964	98.7917
287.509	98.8168
287.057	98.8396
286.605	98.8359
286.155	98.8086
285.706	98.7865
285.259	98.7945
284.813	98.8266
284.369	98.8504
283.926	98.8411
283.484	98.8077
283.044	98.7846
282.605	98.7951
282.168	98.8263
281.731	98.8414
281.297	98.819
280.863	98.7767
280.431	98.7541
280	98.7717
