1200	99.6259
1192.15	99.6268
1184.4	99.6272
1176.75	99.6244
1169.21	99.6199
1161.75	99.6171
1154.39	99.6178
1147.13	99.6202
1139.95	99.6207
1132.86	99.6182
1125.87	99.6154
1118.95	99.6155
1112.13	99.6188
1105.38	99.6222
1098.72	99.6228
1092.13	99.6213
1085.63	99.621
1079.2	99.6241
1072.84	99.6293
1066.56	99.6332
1060.36	99.6341
1054.23	99.6341
1048.16	99.6365
1042.17	99.6422
1036.24	99.6486
1030.38	99.6525
1024.59	99.6539
1018.86	99.6558
1013.2	99.6608
1007.6	99.6682
1002.06	99.6748
996.576	99.6784
991.156	99.6804
985.795	99.6842
980.491	99.6912
975.244	99.6993
970.053	99.7052
964.917	99.7082
959.835	99.711
954.806	99.7164
949.83	99.7244
944.905	99.732
940.031	99.7365
935.207	99.7389
930.433	99.7422
925.707	99.7486
921.028	99.7565
916.397	99.7625
911.812	99.7652
907.273	99.7669
902.778	99.7706
898.328	99.7771
893.922	99.7836
889.559	99.7872
885.238	99.7879
880.958	99.7889
876.72	99.7927
872.523	99.7983
868.365	99.8025
864.247	99.8032
860.168	99.802
856.127	99.8024
852.124	99.8057
848.159	99.8095
844.23	99.8106
840.337	99.8084
836.48	99.8058
832.658	99.8057
828.871	99.8079
825.118	99.8092
821.399	99.807
817.714	99.8024
814.061	99.7989
810.441	99.7983
806.853	99.799
803.296	99.7974
799.771	99.7923
796.277	99.7862
792.813	99.7824
789.379	99.7814
785.974	99.7803
782.599	99.776
779.253	99.7688
775.935	99.7622
772.645	99.7587
769.383	99.7574
766.149	99.7545
762.941	99.7481
759.761	99.74
756.606	99.7341
753.478	99.7316
750.376	99.73
747.299	99.7256
744.247	99.718
741.22	99.7104
738.218	99.7063
735.239	99.7051
732.285	99.7033
729.354	99.698
726.447	99.6905
723.563	99.6848
720.702	99.6832
717.863	99.6835
715.046	99.6815
712.251	99.676
709.479	99.6698
706.727	99.6671
703.997	99.6684
701.288	99.6699
698.6	99.6679
695.932	99.6629
693.285	99.6592
690.657	99.6602
688.05	99.6642
685.462	99.6664
682.893	99.6644
680.344	99.6608
677.814	99.6605
675.302	99.6651
672.809	99.6711
670.334	99.6733
667.878	99.6713
665.439	99.6697
663.018	99.6733
660.615	99.6812
658.229	99.6878
655.86	99.6891
653.508	99.6872
651.173	99.6884
648.854	99.6961
646.553	99.7061
644.267	99.7116
641.997	99.7108
639.744	99.7094
637.506	99.7146
635.283	99.7265
633.077	99.737
630.885	99.7387
628.709	99.7341
626.547	99.7344
624.4	99.7481
622.268	99.7696
620.151	99.7827
618.048	99.7754
615.959	99.7532
613.884	99.7361
611.823	99.7414
609.776	99.7673
607.742	99.7949
605.723	99.8057
603.716	99.798
601.723	99.7864
599.742	99.7865
597.775	99.799
595.821	99.8109
593.879	99.8101
591.95	99.7985
590.034	99.7895
588.13	99.7934
586.238	99.8067
584.358	99.8157
582.49	99.8111
580.634	99.7974
578.79	99.7882
576.958	99.7918
575.137	99.8029
573.328	99.8088
571.53	99.8021
569.743	99.7885
567.967	99.7799
566.203	99.7827
564.449	99.792
562.706	99.797
560.974	99.7917
559.253	99.779
557.542	99.7656
555.841	99.7553
554.151	99.7478
552.471	99.7429
550.802	99.7437
549.142	99.7531
547.492	99.768
545.852	99.7788
544.222	99.7767
542.602	99.7627
540.991	99.7476
539.39	99.7424
537.798	99.7481
536.216	99.7555
534.643	99.7545
533.079	99.745
531.524	99.7359
529.979	99.7356
528.442	99.7427
526.914	99.7474
525.395	99.7425
523.885	99.7311
522.383	99.7236
520.89	99.7262
519.405	99.7343
517.929	99.7371
516.461	99.7292
515.002	99.7167
513.551	99.7103
512.108	99.7145
510.673	99.7225
509.246	99.7237
507.827	99.7149
506.415	99.7035
505.012	99.6999
503.616	99.7059
502.229	99.7133
500.848	99.7128
499.476	99.7037
498.111	99.6947
496.753	99.6943
495.402	99.7017
494.059	99.7079
492.724	99.7053
491.395	99.6961
490.074	99.6895
488.759	99.6919
487.452	99.6998
486.152	99.7041
484.858	99.6994
483.572	99.6903
482.292	99.686
481.019	99.6905
479.753	99.698
478.493	99.7
477.24	99.6937
475.994	99.6854
474.754	99.6836
473.52	99.6894
472.293	99.6959
471.072	99.6956
469.858	99.6884
468.649	99.6817
467.447	99.6823
466.251	99.6891
465.062	99.6941
463.878	99.6918
462.7	99.6845
461.528	99.68
460.362	99.6831
459.202	99.6901
458.048	99.6933
456.9	99.6893
455.757	99.6827
454.62	99.6809
453.489	99.686
452.363	99.6923
451.243	99.6929
450.129	99.6872
449.02	99.6819
447.916	99.6831
446.818	99.6896
445.725	99.6934
444.638	99.6886
443.556	99.6779
442.479	99.6705
441.407	99.673
440.34	99.6822
439.279	99.6881
438.223	99.6837
437.171	99.6719
436.125	99.6613
435.084	99.657
434.048	99.6549
433.017	99.6459
431.99	99.6257
430.969	99.6001
429.952	99.5788
428.94	99.5668
427.933	99.5593
426.93	99.5475
425.932	99.5279
424.939	99.506
423.951	99.4907
422.967	99.4861
421.987	99.488
421.012	99.4893
420.042	99.4865
419.076	99.4827
418.115	99.4827
417.158	99.4876
416.205	99.4942
415.257	99.4984
414.313	99.4999
413.373	99.5015
412.437	99.5051
411.506	99.5094
410.579	99.5115
409.656	99.5106
408.737	99.5092
407.823	99.5098
406.912	99.5124
406.005	99.5136
405.103	99.5112
404.204	99.5066
403.31	99.5036
402.419	99.5039
401.533	99.5051
400.65	99.5031
399.771	99.4966
398.896	99.4892
398.025	99.4851
397.157	99.4846
396.294	99.4834
395.434	99.4773
394.578	99.4676
393.725	99.4597
392.877	99.4571
392.031	99.4572
391.19	99.4535
390.352	99.4431
389.518	99.4312
388.687	99.4261
387.86	99.4301
387.036	99.4348
386.216	99.4283
385.399	99.4074
384.586	99.383
383.776	99.371
382.969	99.3783
382.166	99.3951
381.367	99.4038
380.57	99.3954
379.777	99.3773
378.987	99.3661
378.201	99.3706
377.418	99.3837
376.638	99.3893
375.861	99.3794
375.087	99.3617
374.317	99.3519
373.55	99.3571
372.785	99.3681
372.024	99.3682
371.267	99.3501
370.512	99.3232
369.76	99.3051
369.011	99.3037
368.266	99.3095
367.523	99.305
366.783	99.2819
366.047	99.2492
365.313	99.2246
364.582	99.2176
363.854	99.2212
363.129	99.2202
362.407	99.2066
361.688	99.1872
360.971	99.1763
360.258	99.1806
359.547	99.1927
358.839	99.1987
358.134	99.1922
357.432	99.1799
356.732	99.1748
356.035	99.1821
355.341	99.1946
354.649	99.2001
353.96	99.1936
353.274	99.1823
352.591	99.1776
351.91	99.184
351.232	99.1943
350.556	99.1976
349.883	99.1901
349.213	99.1786
348.545	99.1737
347.879	99.1791
347.217	99.1879
346.556	99.1903
345.899	99.183
345.243	99.1725
344.591	99.1683
343.94	99.1736
343.292	99.182
342.647	99.1844
342.004	99.1779
341.363	99.1685
340.725	99.1647
340.089	99.1696
339.456	99.1772
338.825	99.1792
338.196	99.1728
337.569	99.1632
336.945	99.1588
336.324	99.1622
335.704	99.1683
335.087	99.1691
334.472	99.1617
333.859	99.1511
333.249	99.1452
332.64	99.1469
332.034	99.1512
331.43	99.1505
330.829	99.1418
330.229	99.1299
329.632	99.1224
329.037	99.1226
328.444	99.1256
327.853	99.1237
327.264	99.1138
326.678	99.1006
326.093	99.0922
325.511	99.0917
324.93	99.094
324.352	99.0911
323.776	99.0802
323.201	99.0663
322.629	99.0577
322.059	99.0574
321.491	99.0599
320.925	99.0567
320.361	99.0452
319.799	99.0314
319.238	99.0241
318.68	99.0261
318.124	99.0308
317.57	99.0288
317.017	99.018
316.467	99.0057
315.918	99.0019
315.371	99.0084
314.826	99.0164
314.284	99.0144
313.743	98.9994
313.203	98.9794
312.666	98.9648
312.13	98.9572
311.597	98.9467
311.065	98.9218
310.535	98.8826
310.007	98.8428
309.48	98.8187
308.956	98.8146
308.433	98.8189
307.912	98.8153
307.392	98.7978
306.875	98.7767
306.359	98.7674
305.845	98.7757
305.332	98.7912
304.821	98.7977
304.312	98.7883
303.805	98.7715
303.3	98.7627
302.796	98.7694
302.293	98.7839
301.793	98.7917
301.294	98.7851
300.797	98.7702
300.301	98.7606
299.807	98.7639
299.314	98.776
298.824	98.7854
298.335	98.7848
297.847	98.7772
297.361	98.7722
296.877	98.7764
296.394	98.788
295.912	98.7992
295.433	98.8043
294.955	98.8034
294.478	98.802
294.003	98.8051
293.529	98.8133
293.057	98.8231
292.587	98.8301
292.118	98.832
291.65	98.8301
291.184	98.828
290.72	98.8294
290.257	98.8352
289.795	98.8422
289.335	98.8453
288.877	98.8415
288.419	98.8333
287.964	98.8276
287.509	98.8296
287.057	98.8369
286.605	98.841
286.155	98.835
285.706	98.821
285.259	98.8097
284.813	98.8098
284.369	98.8184
283.926	98.8228
283.484	98.8127
283.044	98.7922
282.605	98.777
282.168	98.7789
281.731	98.7922
281.297	98.7968
280.863	98.7783
280.431	98.7447
280	98.7214
