1200	97.1706
1192.15	97.2855
1184.4	97.4168
1176.75	97.5313
1169.21	97.6058
1161.75	97.6449
1154.39	97.6776
1147.13	97.7351
1139.95	97.8268
1132.86	97.9331
1125.87	98.0203
1118.95	98.0665
1112.13	98.0786
1105.38	98.0869
1098.72	98.1221
1092.13	98.1918
1085.63	98.2745
1079.2	98.336
1072.84	98.3558
1066.56	98.3427
1060.36	98.3284
1054.23	98.3431
1048.16	98.3928
1042.17	98.454
1036.24	98.4923
1030.38	98.4883
1024.59	98.4527
1018.86	98.4184
1013.2	98.4152
1007.6	98.4473
1002.06	98.4898
996.576	98.508
991.156	98.4837
985.795	98.4293
980.491	98.3783
975.244	98.3601
970.053	98.3773
964.917	98.4039
959.835	98.4057
954.806	98.3657
949.83	98.2975
944.905	98.2342
940.031	98.2036
935.207	98.2068
930.433	98.2189
925.707	98.2082
921.028	98.1612
916.397	98.0922
911.812	98.0309
907.273	97.9989
902.778	97.9938
898.328	97.9937
893.922	97.9778
889.559	97.9464
885.238	97.921
880.958	97.9249
876.72	97.9577
872.523	97.9887
868.365	97.9752
864.247	97.8967
860.168	97.7768
856.127	97.6735
852.124	97.6411
848.159	97.6882
844.23	97.7662
840.337	97.7984
836.48	97.7339
832.658	97.5868
828.871	97.4321
825.118	97.3552
821.399	97.391
817.714	97.4949
814.061	97.5706
810.441	97.5364
806.853	97.3854
803.296	97.1948
799.771	97.0743
796.277	97.0887
792.813	97.2087
789.379	97.3281
785.974	97.3366
782.599	97.1994
779.253	96.9862
775.935	96.8252
772.645	96.814
769.383	96.9484
766.149	97.1205
762.941	97.192
759.761	97.0908
756.606	96.8657
753.478	96.6566
750.376	96.5993
747.299	96.7298
744.247	96.9544
741.22	97.1095
738.218	97.0712
735.239	96.8418
732.285	96.5532
729.354	96.3841
726.447	96.4465
723.563	96.7158
720.702	97.0511
717.863	97.2874
715.046	97.3373
712.251	97.2348
709.479	97.0953
706.727	97.0264
703.997	97.0537
701.288	97.1131
698.6	97.1101
695.932	96.9991
693.285	96.8242
690.657	96.6905
688.05	96.6883
685.462	96.8265
682.893	97.0227
680.344	97.159
677.814	97.1619
675.302	97.0512
672.809	96.9226
670.334	96.8784
667.878	96.956
665.439	97.1037
663.018	97.2208
660.615	97.2305
658.229	97.1338
655.86	97.0067
653.508	96.9443
651.173	96.9935
648.854	97.1217
646.553	97.2435
644.267	97.2831
641.997	97.2277
639.744	97.133
637.506	97.0804
635.283	97.1164
633.077	97.22
630.885	97.3201
628.709	97.3484
626.547	97.2894
624.4	97.1899
622.268	97.1238
620.151	97.1378
618.048	97.2187
615.959	97.3053
613.884	97.3346
611.823	97.2883
609.776	97.2054
607.742	97.1525
605.723	97.174
603.716	97.2598
601.723	97.3533
599.742	97.3938
597.775	97.361
595.821	97.2897
593.879	97.244
591.95	97.2701
590.034	97.3624
588.13	97.4676
586.238	97.5239
584.358	97.5054
582.49	97.4417
580.634	97.3957
578.79	97.4185
576.958	97.5121
575.137	97.6283
573.328	97.7028
571.53	97.7009
569.743	97.6427
567.967	97.5881
566.203	97.5948
564.449	97.6771
562.706	97.7964
560.974	97.8878
559.253	97.9056
557.542	97.854
555.841	97.7841
554.151	97.7579
552.471	97.8063
550.802	97.9089
549.142	98.0089
547.492	98.0515
545.852	98.0201
544.222	97.9449
542.602	97.8821
540.991	97.8769
539.39	97.9367
537.798	98.0306
536.216	98.1119
534.643	98.1489
533.079	98.1417
531.524	98.1186
529.979	98.117
528.442	98.1622
526.914	98.2587
525.395	98.3942
523.885	98.549
522.383	98.7043
520.89	98.8426
519.405	98.9469
517.929	99.002
516.461	99.0015
515.002	98.9557
513.551	98.8922
512.108	98.8461
510.673	98.8434
509.246	98.888
507.827	98.9608
506.415	99.0329
505.012	99.0832
503.616	99.1098
502.229	99.1276
500.848	99.1545
499.476	99.197
498.111	99.2454
496.753	99.2821
495.402	99.2957
494.059	99.2904
492.724	99.2833
491.395	99.2913
490.074	99.3185
488.759	99.3527
487.452	99.3748
486.152	99.3734
484.858	99.3535
483.572	99.3335
482.292	99.3316
481.019	99.3518
479.753	99.3812
478.493	99.399
477.24	99.3922
475.994	99.3656
474.754	99.3387
473.52	99.3309
472.293	99.3477
471.072	99.3759
469.858	99.3932
468.649	99.3848
467.447	99.3544
466.251	99.322
465.062	99.3093
463.878	99.3236
462.7	99.3518
461.528	99.3699
460.362	99.3603
459.202	99.3254
458.048	99.2864
456.9	99.2681
455.757	99.2808
454.62	99.3118
453.489	99.3331
452.363	99.3218
451.243	99.2768
450.129	99.2215
449.02	99.1894
447.916	99.2015
446.818	99.2515
445.725	99.3088
444.638	99.3378
443.556	99.3202
442.479	99.2667
441.407	99.2088
440.34	99.1787
439.279	99.1884
438.223	99.2236
437.171	99.2547
436.125	99.2573
435.084	99.2277
434.048	99.1842
433.017	99.1532
431.99	99.1509
430.969	99.1725
429.952	99.1967
428.94	99.2015
427.933	99.1799
426.93	99.1456
425.932	99.1244
424.939	99.1372
423.951	99.1856
422.967	99.2499
421.987	99.2998
421.012	99.312
420.042	99.2835
419.076	99.2329
418.115	99.1897
417.158	99.1779
416.205	99.2033
415.257	99.2513
414.313	99.2957
413.373	99.3136
412.437	99.2974
411.506	99.2583
410.579	99.2198
409.656	99.2044
408.737	99.2214
407.823	99.2619
406.912	99.3035
406.005	99.323
405.103	99.3097
404.204	99.2721
403.31	99.2333
402.419	99.218
401.533	99.2372
400.65	99.2812
399.771	99.3242
398.896	99.3398
398.025	99.3178
397.157	99.2718
396.294	99.2315
395.434	99.2249
394.578	99.2597
393.725	99.3172
392.877	99.3634
392.031	99.3706
391.19	99.3364
390.352	99.287
389.518	99.2618
388.687	99.2888
387.86	99.3659
387.036	99.4619
386.216	99.5362
385.399	99.5659
384.586	99.5624
383.776	99.5655
382.969	99.6197
382.166	99.7473
381.367	99.9347
380.57	100.142
379.777	100.329
378.987	100.475
378.201	100.585
377.418	100.673
376.638	100.737
375.861	100.748
375.087	100.661
374.317	100.442
373.55	100.105
372.785	99.7098
372.024	99.3501
371.267	99.1035
370.512	98.9963
369.76	98.993
369.011	99.021
368.266	99.0153
367.523	98.955
366.783	98.8699
366.047	98.814
365.313	98.825
364.582	98.8965
363.854	98.9817
363.129	99.0254
362.407	99.0017
361.688	98.9324
360.971	98.8717
360.258	98.8699
359.547	98.9387
358.839	99.0425
358.134	99.1227
357.432	99.1381
356.732	99.0942
356.035	99.0406
355.341	99.038
354.649	99.1155
353.96	99.2473
353.274	99.3657
352.591	99.4026
351.91	99.3342
351.232	99.1999
350.556	99.0818
349.883	99.0578
349.213	99.1563
348.545	99.3401
347.879	99.5286
347.217	99.6439
346.556	99.6519
345.899	99.5749
345.243	99.4704
344.591	99.3925
343.94	99.3615
343.292	99.3597
342.647	99.353
342.004	99.3209
341.363	99.2729
340.725	99.2417
340.089	99.2575
339.456	99.3243
338.825	99.4141
338.196	99.4837
337.569	99.503
336.945	99.4741
336.324	99.4296
335.704	99.41
335.087	99.4364
334.472	99.4971
333.859	99.556
333.249	99.5776
332.64	99.5518
332.034	99.4995
331.43	99.4585
330.829	99.4574
330.229	99.4964
329.632	99.5479
329.037	99.5763
328.444	99.5623
327.853	99.5161
327.264	99.4697
326.678	99.454
326.093	99.4774
325.511	99.5201
324.93	99.5484
324.352	99.5394
323.776	99.498
323.201	99.4547
322.629	99.4448
322.059	99.483
321.491	99.5516
320.925	99.6108
320.361	99.6245
319.799	99.5852
319.238	99.5207
318.68	99.477
318.124	99.4888
317.57	99.5565
317.017	99.6455
316.467	99.7079
315.918	99.7138
315.371	99.6704
314.826	99.6169
314.284	99.5986
313.743	99.637
313.203	99.7157
312.666	99.7916
312.13	99.8234
311.597	99.7987
311.065	99.7422
310.535	99.699
310.007	99.7045
309.48	99.7616
308.956	99.8392
308.433	99.8939
307.912	99.8987
307.392	99.8609
306.875	99.816
306.359	99.8038
305.845	99.8409
305.332	99.9107
304.821	99.9748
304.312	99.9999
303.805	99.9801
303.3	99.9402
302.796	99.918
302.293	99.9377
301.793	99.9938
301.294	100.055
300.797	100.087
300.301	100.079
299.807	100.049
299.314	100.033
298.824	100.063
298.335	100.136
297.847	100.221
297.361	100.274
296.877	100.269
296.394	100.219
295.912	100.163
295.433	100.147
294.955	100.192
294.478	100.279
294.003	100.361
293.529	100.395
293.057	100.371
292.587	100.312
292.118	100.267
291.65	100.273
291.184	100.333
290.72	100.415
290.257	100.474
289.795	100.48
289.335	100.44
288.877	100.389
288.419	100.369
287.964	100.399
287.509	100.464
287.057	100.526
286.605	100.553
286.155	100.534
285.706	100.492
285.259	100.462
284.813	100.469
284.369	100.513
283.926	100.565
283.484	100.595
283.044	100.586
282.605	100.549
282.168	100.514
281.731	100.506
281.297	100.531
280.863	100.57
280.431	100.595
280	100.588
