1200	0.416189
1192.15	0.431885
1184.4	0.447485
1176.75	0.463331
1169.21	0.479291
1161.75	0.49485
1154.39	0.509728
1147.13	0.5242
1139.95	0.538685
1132.86	0.553126
1125.87	0.567003
1118.95	0.579968
1112.13	0.592273
1105.38	0.604398
1098.72	0.61637
1092.13	0.627678
1085.63	0.637916
1079.2	0.647301
1072.84	0.656362
1066.56	0.665209
1060.36	0.673356
1054.23	0.680348
1048.16	0.686358
1042.17	0.691951
1036.24	0.697317
1030.38	0.702008
1024.59	0.705527
1018.86	0.707997
1013.2	0.710002
1007.6	0.711811
1002.06	0.713021
996.576	0.713105
991.156	0.712126
985.795	0.710675
980.491	0.709093
975.244	0.707031
970.053	0.703936
964.917	0.69981
959.835	0.695235
954.806	0.690619
949.83	0.685671
944.905	0.679819
940.031	0.673001
935.207	0.665779
930.433	0.658616
925.707	0.651287
921.028	0.643207
916.397	0.634244
911.812	0.62493
907.273	0.615781
902.778	0.606636
898.328	0.596901
893.922	0.586377
889.559	0.575554
885.238	0.564994
880.958	0.554603
876.72	0.543785
872.523	0.532265
868.365	0.520489
864.247	0.50906
860.168	0.497956
856.127	0.486579
852.124	0.474574
848.159	0.462332
844.23	0.450503
840.337	0.439142
836.48	0.427647
832.658	0.415568
828.871	0.403237
825.118	0.391361
821.399	0.380087
817.714	0.368794
814.061	0.356906
810.441	0.344688
806.853	0.332931
803.296	0.321906
799.771	0.310938
796.277	0.299233
792.813	0.286948
789.379	0.275052
785.974	0.264024
782.599	0.252955
779.253	0.24035
775.935	0.22593
772.645	0.211432
769.383	0.199363
766.149	0.190858
762.941	0.184784
759.761	0.178911
756.606	0.171863
753.478	0.163962
750.376	0.156441
747.299	0.150121
744.247	0.144896
741.22	0.140192
738.218	0.135571
735.239	0.130836
732.285	0.12583
729.354	0.120426
726.447	0.114793
723.563	0.109459
720.702	0.10493
717.863	0.101194
715.046	0.0977184
712.251	0.0939978
709.479	0.0900881
706.727	0.0865703
703.997	0.0840048
701.288	0.0824648
698.6	0.0815834
695.932	0.0809666
693.285	0.0804849
690.657	0.0801935
688.05	0.0800843
685.462	0.0800079
682.893	0.0798268
680.344	0.0795659
677.814	0.0793635
675.302	0.0792958
672.809	0.0793001
670.334	0.0792797
667.878	0.0792406
665.439	0.0792853
663.018	0.0794812
660.615	0.0797782
658.229	0.080078
655.86	0.0803612
653.508	0.0807066
651.173	0.0811826
648.854	0.0817517
646.553	0.0823143
644.267	0.0828319
641.997	0.0833726
639.744	0.0840168
637.506	0.0847467
635.283	0.0854642
633.077	0.0861168
630.885	0.0867686
628.709	0.0875192
626.547	0.0883724
624.4	0.0892253
622.268	0.0899962
620.151	0.0907265
618.048	0.0915179
615.959	0.0923793
613.884	0.0931834
611.823	0.0937997
609.776	0.0942425
607.742	0.0946467
605.723	0.0951044
603.716	0.0955772
601.723	0.0960014
599.742	0.0964413
597.775	0.0970685
595.821	0.0979716
593.879	0.0990452
591.95	0.100136
590.034	0.101295
588.13	0.102833
586.238	0.105069
584.358	0.108096
582.49	0.111865
580.634	0.116534
578.79	0.122668
576.958	0.130966
575.137	0.141672
573.328	0.154176
571.53	0.167165
569.743	0.179168
567.967	0.189111
566.203	0.196561
564.449	0.201679
562.706	0.205021
560.974	0.207287
559.253	0.209071
557.542	0.210705
555.841	0.21229
554.151	0.213875
552.471	0.215605
550.802	0.217674
549.142	0.220177
547.492	0.223053
545.852	0.226199
544.222	0.229617
542.602	0.233402
540.991	0.237597
539.39	0.2421
537.798	0.246737
536.216	0.251406
534.643	0.256111
533.079	0.260842
531.524	0.26547
529.979	0.269771
528.442	0.273549
526.914	0.276708
525.395	0.279197
523.885	0.280927
522.383	0.281729
520.89	0.281402
519.405	0.27979
517.929	0.276843
516.461	0.272645
515.002	0.267384
513.551	0.261272
512.108	0.25449
510.673	0.247222
509.246	0.239738
507.827	0.232391
506.415	0.225462
505.012	0.21903
503.616	0.213067
502.229	0.207709
500.848	0.203369
499.476	0.200488
498.111	0.199156
496.753	0.199084
495.402	0.19999
494.059	0.201913
492.724	0.204964
491.395	0.208785
490.074	0.212472
488.759	0.21521
487.452	0.216858
486.152	0.217615
484.858	0.217131
483.572	0.214537
482.292	0.210184
481.019	0.207602
479.753	0.213002
478.493	0.231456
477.24	0.262455
475.994	0.298979
474.754	0.331548
473.52	0.354135
472.293	0.367026
471.072	0.374623
469.858	0.380866
468.649	0.386668
467.447	0.391012
466.251	0.393513
465.062	0.395302
463.878	0.397658
462.7	0.400506
461.528	0.402669
460.362	0.403422
459.202	0.40331
458.048	0.403334
456.9	0.403653
455.757	0.403448
454.62	0.402007
453.489	0.3996
452.363	0.397088
451.243	0.394853
450.129	0.392415
449.02	0.389148
447.916	0.385119
446.818	0.381001
445.725	0.377254
444.638	0.373639
443.556	0.369633
442.479	0.365156
441.407	0.360673
440.34	0.356614
439.279	0.352881
438.223	0.349058
437.171	0.344991
436.125	0.340977
435.084	0.337371
434.048	0.334149
433.017	0.330996
431.99	0.327747
430.969	0.324595
429.952	0.321819
428.94	0.319424
427.933	0.317171
426.93	0.31492
425.932	0.312818
424.939	0.311087
423.951	0.309729
422.967	0.308541
421.987	0.307414
421.012	0.306492
420.042	0.30597
419.076	0.305825
418.115	0.305846
417.158	0.305937
416.205	0.306264
415.257	0.307036
414.313	0.308203
413.373	0.309506
412.437	0.310821
411.506	0.31235
410.579	0.314357
409.656	0.316795
408.737	0.319323
407.823	0.321741
406.912	0.324278
406.005	0.327303
405.103	0.330816
404.204	0.334387
403.31	0.337683
402.419	0.340928
401.533	0.344638
400.65	0.348929
399.771	0.35329
398.896	0.357201
398.025	0.360828
397.157	0.36486
396.294	0.369604
395.434	0.374506
394.578	0.378798
393.725	0.382523
392.877	0.38656
392.031	0.391491
391.19	0.396748
390.352	0.401256
389.518	0.404883
388.687	0.408752
387.86	0.41381
387.036	0.419423
386.216	0.424051
385.399	0.427451
384.586	0.431452
383.776	0.437671
382.969	0.44449
382.166	0.447393
381.367	0.443371
380.57	0.434983
379.777	0.429017
378.987	0.430266
378.201	0.436765
377.418	0.441875
376.638	0.441216
375.861	0.436862
375.087	0.434131
374.317	0.434794
373.55	0.434774
372.785	0.42915
372.024	0.418502
371.267	0.408687
370.512	0.403808
369.76	0.400577
369.011	0.391346
368.266	0.373292
367.523	0.353638
366.783	0.344365
366.047	0.351076
365.313	0.367195
364.582	0.379377
363.854	0.378684
363.129	0.366823
362.407	0.352455
361.688	0.342534
360.971	0.337273
360.258	0.332243
359.547	0.323783
358.839	0.311979
358.134	0.299412
357.432	0.288298
356.732	0.279086
356.035	0.271065
355.341	0.263548
354.649	0.256473
353.96	0.250323
353.274	0.245674
352.591	0.242612
351.91	0.240388
351.232	0.2379
350.556	0.234755
349.883	0.231693
349.213	0.229465
348.545	0.227187
347.879	0.222475
347.217	0.214091
346.556	0.204597
345.899	0.199563
345.243	0.203055
344.591	0.213412
343.94	0.22378
343.292	0.227411
342.647	0.222885
342.004	0.214442
341.363	0.207589
340.725	0.204603
340.089	0.204007
339.456	0.203512
338.825	0.202684
338.196	0.202735
337.569	0.204492
336.945	0.207298
336.324	0.20993
335.704	0.212024
335.087	0.214233
334.472	0.217135
333.859	0.220433
333.249	0.223355
332.64	0.225572
332.034	0.227435
331.43	0.229354
330.829	0.231199
330.229	0.232464
329.632	0.232875
329.037	0.232659
328.444	0.23221
327.853	0.231635
327.264	0.230726
326.678	0.229295
326.093	0.22743
325.511	0.225402
324.93	0.223403
324.352	0.22142
323.776	0.219328
323.201	0.217071
322.629	0.214743
322.059	0.212527
321.491	0.210548
320.925	0.20877
320.361	0.207054
319.799	0.205339
319.238	0.203768
318.68	0.202567
318.124	0.201796
317.57	0.20126
317.017	0.200751
316.467	0.200352
315.918	0.20039
315.371	0.201042
314.826	0.202088
314.284	0.203168
313.743	0.204261
313.203	0.205767
312.666	0.208012
312.13	0.210796
311.597	0.213595
311.065	0.216215
310.535	0.219053
310.007	0.222579
309.48	0.226679
308.956	0.230717
308.433	0.234306
307.912	0.237774
307.392	0.241713
306.875	0.246147
306.359	0.250432
305.845	0.254045
305.332	0.257229
304.821	0.260623
304.312	0.264331
303.805	0.267696
303.3	0.270115
302.796	0.271845
302.293	0.273694
301.793	0.275955
301.294	0.278005
300.797	0.279078
300.301	0.279119
299.807	0.278506
299.314	0.277124
298.824	0.27454
298.335	0.271692
297.847	0.272102
297.361	0.28028
296.877	0.297884
296.394	0.321245
295.912	0.343212
295.433	0.358095
294.955	0.365239
294.478	0.368081
294.003	0.370123
293.529	0.372052
293.057	0.372426
292.587	0.370308
292.118	0.366589
291.65	0.362821
291.184	0.359413
290.72	0.355387
290.257	0.349749
289.795	0.342667
289.335	0.33519
288.877	0.328038
288.419	0.32081
287.964	0.312332
287.509	0.301917
287.057	0.290994
286.605	0.284318
286.155	0.289468
285.706	0.313593
285.259	0.358408
284.813	0.417022
284.369	0.476034
283.926	0.52247
283.484	0.550582
283.044	0.563173
282.605	0.566894
282.168	0.566306
281.731	0.561954
281.297	0.553012
280.863	0.540456
280.431	0.527049
280	0.514691
