1200	0.382337
1192.15	0.385795
1184.4	0.388911
1176.75	0.391516
1169.21	0.393752
1161.75	0.395908
1154.39	0.398088
1147.13	0.400084
1139.95	0.401599
1132.86	0.402579
1125.87	0.403269
1118.95	0.403942
1112.13	0.404582
1105.38	0.404898
1098.72	0.404648
1092.13	0.403914
1085.63	0.403009
1079.2	0.40213
1072.84	0.401132
1066.56	0.39969
1060.36	0.397668
1054.23	0.395277
1048.16	0.392843
1042.17	0.390443
1036.24	0.387821
1030.38	0.384676
1024.59	0.381012
1018.86	0.377137
1013.2	0.373329
1007.6	0.369523
1002.06	0.365392
996.576	0.360722
991.156	0.355661
985.795	0.350566
980.491	0.345606
975.244	0.340584
970.053	0.335161
964.917	0.329253
959.835	0.323135
954.806	0.317145
949.83	0.311313
944.905	0.305338
940.031	0.298938
935.207	0.292177
930.433	0.285411
925.707	0.278898
921.028	0.272524
916.397	0.265939
911.812	0.258966
907.273	0.251812
902.778	0.244853
898.328	0.238226
893.922	0.231691
889.559	0.22491
885.238	0.217843
880.958	0.210805
876.72	0.204133
872.523	0.197827
868.365	0.19156
864.247	0.185057
860.168	0.178417
856.127	0.17202
852.124	0.16612
848.159	0.160583
844.23	0.15504
840.337	0.149314
836.48	0.143624
832.658	0.138369
828.871	0.133701
825.118	0.129369
821.399	0.125
817.714	0.120515
814.061	0.116236
810.441	0.112556
806.853	0.10952
803.296	0.106778
799.771	0.103952
796.277	0.101059
792.813	0.0985184
789.379	0.096725
785.974	0.0956222
782.599	0.0947293
779.253	0.0936305
775.935	0.0924391
772.645	0.0917334
769.383	0.0919734
766.149	0.0929617
762.941	0.0939412
759.761	0.094331
756.606	0.0944134
753.478	0.0951988
750.376	0.0973975
747.299	0.100357
744.247	0.102067
741.22	0.100554
738.218	0.0956901
735.239	0.0898826
732.285	0.08681
729.354	0.0889818
726.447	0.095978
723.563	0.104793
720.702	0.112028
717.863	0.116162
715.046	0.118159
712.251	0.120113
709.479	0.12332
706.727	0.127449
703.997	0.131325
701.288	0.134315
698.6	0.136926
695.932	0.140153
693.285	0.144415
690.657	0.149205
688.05	0.153733
685.462	0.157782
682.893	0.16186
680.344	0.166548
677.814	0.171809
675.302	0.177015
672.809	0.181608
670.334	0.185646
667.878	0.189643
665.439	0.193927
663.018	0.198241
660.615	0.202015
658.229	0.204981
655.86	0.207424
653.508	0.209817
651.173	0.212269
648.854	0.214403
646.553	0.215783
644.267	0.216392
641.997	0.216623
639.744	0.216813
637.506	0.216862
635.283	0.216351
633.077	0.215013
630.885	0.213013
628.709	0.210722
626.547	0.208273
624.4	0.205398
622.268	0.201723
620.151	0.197166
618.048	0.191988
615.959	0.186459
613.884	0.180554
611.823	0.174059
609.776	0.166976
607.742	0.159749
605.723	0.153015
603.716	0.147112
601.723	0.14184
599.742	0.136721
597.775	0.131451
595.821	0.126068
593.879	0.120702
591.95	0.115241
590.034	0.109321
588.13	0.102672
586.238	0.0953983
584.358	0.0878732
582.49	0.0803479
580.634	0.0727097
578.79	0.0646738
576.958	0.0561931
575.137	0.0476228
573.328	0.0394371
571.53	0.0317998
569.743	0.0244679
567.967	0.0171503
566.203	0.00993157
564.449	0.00327744
562.706	-0.00240908
560.974	-0.00717952
559.253	-0.0113529
557.542	-0.014798
555.841	-0.0163618
554.151	-0.0141549
552.471	-0.00672665
550.802	0.00565299
549.142	0.0206145
547.492	0.0346108
545.852	0.044583
544.222	0.0492771
542.602	0.049425
540.991	0.0468527
539.39	0.0432861
537.798	0.0396671
536.216	0.0362378
534.643	0.0330263
533.079	0.0301822
531.524	0.0279296
529.979	0.0263419
528.442	0.0252798
526.914	0.0245808
525.395	0.0242655
523.885	0.0245016
522.383	0.0253563
520.89	0.0266492
519.405	0.0281379
517.929	0.0298829
516.461	0.0323572
515.002	0.0360466
513.551	0.0408208
512.108	0.0457001
510.673	0.0493914
509.246	0.0512642
507.827	0.0519499
506.415	0.0529844
505.012	0.0557204
503.616	0.060386
502.229	0.0660434
500.848	0.0714055
499.476	0.0757551
498.111	0.0792121
496.753	0.0822679
495.402	0.0851635
494.059	0.0877219
492.724	0.0896913
491.395	0.091138
490.074	0.0924431
488.759	0.0939407
487.452	0.0956224
486.152	0.0972264
484.858	0.0985896
483.572	0.0998545
482.292	0.101311
481.019	0.103068
479.753	0.104929
478.493	0.106613
477.24	0.108052
475.994	0.109434
474.754	0.110946
473.52	0.112508
472.293	0.113818
471.072	0.114657
469.858	0.115109
468.649	0.11545
467.447	0.115813
466.251	0.116015
465.062	0.115744
463.878	0.114922
462.7	0.113812
461.528	0.112753
460.362	0.111776
459.202	0.110559
458.048	0.108784
456.9	0.10654
455.757	0.104297
454.62	0.102443
453.489	0.100827
452.363	0.0988333
451.243	0.0959605
450.129	0.0923671
449.02	0.0888259
447.916	0.0861024
446.818	0.0843405
445.725	0.0830284
444.638	0.0815362
443.556	0.0796602
442.479	0.0776548
441.407	0.0758099
440.34	0.0741081
439.279	0.0723613
438.223	0.0706262
437.171	0.0693256
436.125	0.0688094
435.084	0.0687732
434.048	0.0682587
433.017	0.0664597
431.99	0.0636915
430.969	0.0615504
429.952	0.0619206
428.94	0.0655513
427.933	0.0713985
426.93	0.0773122
425.932	0.0814923
424.939	0.0835101
423.951	0.0841538
422.967	0.0844254
421.987	0.084679
421.012	0.084582
420.042	0.083723
419.076	0.0821405
418.115	0.080281
417.158	0.078552
416.205	0.0770006
415.257	0.0754148
414.313	0.0736539
413.373	0.0718117
412.437	0.0700754
411.506	0.0684952
410.579	0.0669423
409.656	0.0652723
408.737	0.0634775
407.823	0.0616564
406.912	0.059872
406.005	0.0580869
405.103	0.0562422
404.204	0.0543576
403.31	0.052518
402.419	0.0507755
401.533	0.0491084
400.65	0.0474935
399.771	0.04598
398.896	0.0446424
398.025	0.0434626
397.157	0.0423169
396.294	0.0411242
395.434	0.0399806
394.578	0.039067
393.725	0.0383842
392.877	0.0376402
392.031	0.0365076
391.19	0.0350222
390.352	0.0336196
389.518	0.0326308
388.687	0.0317439
387.86	0.0302055
387.036	0.0279142
386.216	0.0264994
385.399	0.0291134
384.586	0.0385734
383.776	0.0550331
382.969	0.0750899
382.166	0.0932947
381.367	0.105131
380.57	0.109315
379.777	0.107851
378.987	0.104094
378.201	0.100518
377.418	0.0978047
376.638	0.0954524
375.861	0.0929375
375.087	0.0903131
374.317	0.0880114
373.55	0.0863733
372.785	0.0854364
372.024	0.085007
371.267	0.0847456
370.512	0.0841899
369.76	0.0829169
369.011	0.0809307
368.266	0.0789452
367.523	0.0780988
366.783	0.0791176
366.047	0.0815962
365.313	0.084139
364.582	0.0853765
363.854	0.0850115
363.129	0.0839569
362.407	0.0834611
361.688	0.0840635
360.971	0.0853397
360.258	0.0865685
359.547	0.0875511
358.839	0.0887369
358.134	0.0905989
357.432	0.0929857
356.732	0.0951541
356.035	0.096431
355.341	0.096802
354.649	0.0968389
353.96	0.0970981
353.274	0.0976393
352.591	0.0981195
351.91	0.0982749
351.232	0.0982259
350.556	0.0982953
349.883	0.0985916
349.213	0.0988379
348.545	0.098625
347.879	0.0977912
347.217	0.0965246
346.556	0.0951114
345.899	0.093638
345.243	0.0919656
344.591	0.089971
343.94	0.0877566
343.292	0.0855956
342.647	0.083681
342.004	0.0819517
341.363	0.080164
340.725	0.0781172
340.089	0.0758069
339.456	0.0733885
338.825	0.0710284
338.196	0.0687908
337.569	0.0666232
336.945	0.0643998
336.324	0.0619721
335.704	0.0592313
335.087	0.0561911
334.472	0.0530466
333.859	0.0501326
333.249	0.0477708
332.64	0.0461018
332.034	0.0450212
331.43	0.0442562
330.829	0.0435028
330.229	0.0425351
329.632	0.0412564
329.037	0.03972
328.444	0.0381162
327.853	0.0366887
327.264	0.0355893
326.678	0.0347705
326.093	0.034034
325.511	0.0332211
324.93	0.0323676
324.352	0.0316543
323.776	0.0311885
323.201	0.0308512
322.629	0.0303939
322.059	0.0297003
321.491	0.0289228
320.925	0.0283202
320.361	0.0279563
319.799	0.0276044
319.238	0.027
318.68	0.026193
318.124	0.0256068
317.57	0.0257197
317.017	0.0267216
316.467	0.0285641
315.918	0.031395
315.371	0.0358704
314.826	0.0428636
314.284	0.0526791
313.743	0.06446
313.203	0.0764135
312.666	0.0867525
312.13	0.0945766
311.597	0.0999699
311.065	0.103355
310.535	0.104851
310.007	0.104307
309.48	0.101937
308.956	0.0987839
308.433	0.0964008
307.912	0.0959063
307.392	0.0972465
306.875	0.099337
306.359	0.100949
305.845	0.101546
305.332	0.10139
304.821	0.100982
304.312	0.100473
303.805	0.0996131
303.3	0.0981856
302.796	0.0963824
302.293	0.0947283
301.793	0.093657
301.294	0.0931983
300.797	0.0930766
300.301	0.0930686
299.807	0.0932223
299.314	0.0937252
298.824	0.0945999
298.335	0.0955716
297.847	0.0962491
297.361	0.0964284
296.877	0.0962144
296.394	0.0958612
295.912	0.0955148
295.433	0.0951153
294.955	0.0945277
294.478	0.0937407
294.003	0.0929236
293.529	0.0922958
293.057	0.0919551
292.587	0.0918342
292.118	0.0918174
291.65	0.09189
291.184	0.0921728
290.72	0.0928161
290.257	0.0938624
289.795	0.0952087
289.335	0.0967022
288.877	0.098271
288.419	0.0999651
287.964	0.10187
287.509	0.103978
287.057	0.106153
286.605	0.108221
286.155	0.11011
285.706	0.111901
285.259	0.113717
284.813	0.11558
284.369	0.117372
283.926	0.118947
283.484	0.120303
283.044	0.121595
282.605	0.12299
282.168	0.124479
281.731	0.125873
281.297	0.127001
280.863	0.127907
280.431	0.128812
280	0.129848
