1200	0.390357
1192.15	0.393757
1184.4	0.396498
1176.75	0.399033
1169.21	0.40176
1161.75	0.404503
1154.39	0.40672
1147.13	0.408188
1139.95	0.409284
1132.86	0.410507
1125.87	0.411837
1118.95	0.412747
1112.13	0.412877
1105.38	0.412489
1098.72	0.412143
1092.13	0.411981
1085.63	0.411541
1079.2	0.410347
1072.84	0.40852
1066.56	0.406633
1060.36	0.404984
1054.23	0.403219
1048.16	0.400781
1042.17	0.397632
1036.24	0.394309
1030.38	0.391249
1024.59	0.388237
1018.86	0.384682
1013.2	0.38038
1007.6	0.375788
1002.06	0.371451
996.576	0.367315
991.156	0.362804
985.795	0.357559
980.491	0.351914
975.244	0.34648
970.053	0.341379
964.917	0.336096
959.835	0.330145
954.806	0.3237
949.83	0.317392
944.905	0.311515
940.031	0.305665
935.207	0.299261
930.433	0.292299
925.707	0.285373
921.028	0.278938
916.397	0.27274
911.812	0.266148
907.273	0.258973
902.778	0.251719
898.328	0.244967
893.922	0.238649
889.559	0.232144
885.238	0.225075
880.958	0.217805
876.72	0.211
872.523	0.204802
868.365	0.198655
864.247	0.19202
860.168	0.185066
856.127	0.178487
852.124	0.172644
848.159	0.167122
844.23	0.161246
840.337	0.154946
836.48	0.148872
832.658	0.143608
828.871	0.138949
825.118	0.134141
821.399	0.128824
817.714	0.123512
814.061	0.119002
810.441	0.115393
806.853	0.111926
803.296	0.10789
799.771	0.103528
796.277	0.0998259
792.813	0.0973349
789.379	0.095416
785.974	0.0928821
782.599	0.0894267
779.253	0.0861662
775.935	0.0844442
772.645	0.0839867
769.383	0.0824749
766.149	0.0773948
762.941	0.0686881
759.761	0.0596319
756.606	0.0547831
753.478	0.0565427
750.376	0.0632987
747.299	0.0707789
744.247	0.0753782
741.22	0.076539
738.218	0.0763171
735.239	0.0769508
732.285	0.0789183
729.354	0.0811248
726.447	0.0825668
723.563	0.0834996
720.702	0.0849948
717.863	0.0876508
715.046	0.0910178
712.251	0.0942848
709.479	0.0972834
706.727	0.100607
703.997	0.104802
701.288	0.109673
698.6	0.114536
695.932	0.119024
693.285	0.123454
690.657	0.12833
688.05	0.133658
685.462	0.138917
682.893	0.143684
680.344	0.148106
677.814	0.152643
675.302	0.157449
672.809	0.162171
670.334	0.166387
667.878	0.170113
665.439	0.17373
663.018	0.177475
660.615	0.181142
658.229	0.184351
655.86	0.187019
653.508	0.18943
651.173	0.191842
648.854	0.19416
646.553	0.196075
644.267	0.197449
641.997	0.198456
639.744	0.199319
637.506	0.20001
635.283	0.200295
633.077	0.200023
630.885	0.199268
628.709	0.198162
626.547	0.196678
624.4	0.194648
622.268	0.191951
620.151	0.188589
618.048	0.184566
615.959	0.179775
613.884	0.174078
611.823	0.167446
609.776	0.159907
607.742	0.151366
605.723	0.141586
603.716	0.130441
601.723	0.118122
599.742	0.104937
597.775	0.090905
595.821	0.0757099
593.879	0.0592224
591.95	0.0419941
590.034	0.0250007
588.13	0.00883935
586.238	-0.00646975
584.358	-0.0203143
582.49	-0.0298439
580.634	-0.0298822
578.79	-0.0154735
576.958	0.0143438
575.137	0.054551
573.328	0.0958822
571.53	0.129267
569.743	0.149856
567.967	0.158062
566.203	0.157593
564.449	0.152514
562.706	0.14544
560.974	0.137452
559.253	0.128913
557.542	0.120133
555.841	0.111497
554.151	0.103251
552.471	0.0953359
550.802	0.0874615
549.142	0.0794052
547.492	0.0713417
545.852	0.0639078
544.222	0.0578358
542.602	0.053363
540.991	0.0499275
539.39	0.0465004
537.798	0.0423292
536.216	0.0374469
534.643	0.0325068
533.079	0.0281538
531.524	0.0245523
529.979	0.0214503
528.442	0.0185813
526.914	0.0159339
525.395	0.0136815
523.885	0.0119641
522.383	0.0107988
520.89	0.0101544
519.405	0.0100252
517.929	0.0104156
516.461	0.0113076
515.002	0.01269
513.551	0.0145912
512.108	0.0170345
510.673	0.0199659
509.246	0.0232934
507.827	0.0270308
506.415	0.0313395
505.012	0.03632
503.616	0.0417319
502.229	0.047017
500.848	0.0517426
499.476	0.0560848
498.111	0.060809
496.753	0.0666509
495.402	0.0736286
494.059	0.0809562
492.724	0.0876737
491.395	0.093416
490.074	0.0986038
488.759	0.103898
487.452	0.109449
486.152	0.114651
484.858	0.118622
483.572	0.120987
482.292	0.122302
481.019	0.123745
479.753	0.126332
478.493	0.130242
477.24	0.134755
475.994	0.138797
474.754	0.141644
473.52	0.14326
472.293	0.144084
471.072	0.144561
469.858	0.144838
468.649	0.144833
467.447	0.144499
466.251	0.143964
465.062	0.143435
463.878	0.143021
462.7	0.142676
461.528	0.14229
460.362	0.141809
459.202	0.141241
458.048	0.140605
456.9	0.139877
455.757	0.139015
454.62	0.137975
453.489	0.136733
452.363	0.13528
451.243	0.133645
450.129	0.131885
449.02	0.130031
447.916	0.128048
446.818	0.125868
445.725	0.123488
444.638	0.121016
443.556	0.118564
442.479	0.116114
441.407	0.113532
440.34	0.110736
439.279	0.107825
438.223	0.104992
437.171	0.102291
436.125	0.0995524
435.084	0.0965925
434.048	0.0934575
433.017	0.0904035
431.99	0.0875949
430.969	0.0848901
429.952	0.0820056
428.94	0.0788834
427.933	0.0758022
426.93	0.0730614
425.932	0.0706066
424.939	0.0680797
423.951	0.0652688
422.967	0.0624118
421.987	0.0599442
421.012	0.0579628
420.042	0.0560706
419.076	0.0538455
418.115	0.0513943
417.158	0.0492826
416.205	0.047847
415.257	0.0466864
414.313	0.0450158
413.373	0.0426046
412.437	0.0402747
411.506	0.0393179
410.579	0.0403225
409.656	0.0425601
408.737	0.0445395
407.823	0.0451793
406.912	0.0445038
406.005	0.043335
405.103	0.0424479
404.204	0.0420405
403.31	0.0418674
402.419	0.0416837
401.533	0.0414715
400.65	0.0413238
399.771	0.0412561
398.896	0.041193
398.025	0.0410816
397.157	0.0409375
396.294	0.0407678
395.434	0.0405018
394.578	0.040041
393.725	0.039361
392.877	0.0385272
392.031	0.0375974
391.19	0.0365372
390.352	0.035262
389.518	0.0337602
388.687	0.0321474
387.86	0.0305692
387.036	0.02905
386.216	0.0274623
385.399	0.0256826
384.586	0.023801
383.776	0.0221508
382.969	0.0210616
382.166	0.02051
381.367	0.0200186
380.57	0.0190071
379.777	0.0173925
378.987	0.0159223
378.201	0.0158548
377.418	0.0181511
376.638	0.0228262
375.861	0.0290125
375.087	0.035651
374.317	0.0421462
373.55	0.0484045
372.785	0.0543485
372.024	0.0595536
371.267	0.0635021
370.512	0.0662447
369.76	0.0687655
369.011	0.0725781
368.266	0.0787885
367.523	0.0873248
366.783	0.0968602
366.047	0.105401
365.313	0.111128
364.582	0.113088
363.854	0.11148
363.129	0.107461
362.407	0.102521
361.688	0.0977289
360.971	0.093339
360.258	0.0890387
359.547	0.0845826
358.839	0.0801948
358.134	0.0763648
357.432	0.0733189
356.732	0.0708073
356.035	0.0684607
355.341	0.0662778
354.649	0.0646312
353.96	0.0637647
353.274	0.0633997
352.591	0.0629763
351.91	0.0622691
351.232	0.0616068
350.556	0.0613594
349.883	0.0613007
349.213	0.0607525
348.545	0.0595961
347.879	0.0591343
347.217	0.0616907
346.556	0.068997
345.899	0.0806872
345.243	0.0942475
344.591	0.106492
343.94	0.115321
343.292	0.120447
342.647	0.122834
342.004	0.123677
341.363	0.1238
340.725	0.123657
340.089	0.123485
339.456	0.123329
338.825	0.123029
338.196	0.122405
337.569	0.121525
336.945	0.120716
336.324	0.120199
335.704	0.119717
335.087	0.118601
334.472	0.116295
333.859	0.112851
333.249	0.108896
332.64	0.105114
332.034	0.101731
331.43	0.0984505
330.829	0.0948237
330.229	0.0906631
329.632	0.0861934
329.037	0.0819005
328.444	0.0782553
327.853	0.0754677
327.264	0.0733619
326.678	0.0714487
326.093	0.0692242
325.511	0.0665516
324.93	0.0638231
324.352	0.0617071
323.776	0.0606456
323.201	0.0605404
322.629	0.06091
322.059	0.0613373
321.491	0.0617532
320.925	0.0623167
320.361	0.063109
319.799	0.0640332
319.238	0.0650033
318.68	0.066131
318.124	0.0676283
317.57	0.0695349
317.017	0.0716346
316.467	0.0736985
315.918	0.075759
315.371	0.0780406
314.826	0.0805981
314.284	0.0831277
313.743	0.0852682
313.203	0.087107
312.666	0.08927
312.13	0.0923716
311.597	0.0963343
311.065	0.10032
310.535	0.103409
310.007	0.105372
309.48	0.106764
308.956	0.108294
308.433	0.11017
307.912	0.112065
307.392	0.113648
306.875	0.114991
306.359	0.116441
305.845	0.118153
305.332	0.11988
304.821	0.121234
304.312	0.122068
303.805	0.122529
303.3	0.122765
302.796	0.122689
302.293	0.122081
301.793	0.120885
301.294	0.11932
300.797	0.117675
300.301	0.116056
299.807	0.114365
299.314	0.112511
298.824	0.110567
298.335	0.108707
297.847	0.107041
297.361	0.105562
296.877	0.104208
296.394	0.102911
295.912	0.101559
295.433	0.0999802
294.955	0.0980828
294.478	0.0960377
294.003	0.0942399
293.529	0.0929849
293.057	0.0921354
292.587	0.091142
292.118	0.0894564
291.65	0.086966
291.184	0.0840305
290.72	0.0810823
290.257	0.0781713
289.795	0.0749081
289.335	0.0709355
288.877	0.0666358
288.419	0.0635461
287.964	0.0640388
287.509	0.0702195
287.057	0.0825494
286.605	0.099098
286.155	0.11614
285.706	0.12995
285.259	0.138676
284.813	0.142966
284.369	0.144951
283.926	0.146494
283.484	0.148153
283.044	0.149496
282.605	0.15016
282.168	0.150459
281.731	0.151083
281.297	0.152417
280.863	0.154294
280.431	0.156363
280	0.158494
