1200	99.5978
1192.15	99.6003
1184.4	99.6052
1176.75	99.6044
1169.21	99.5956
1161.75	99.585
1154.39	99.5808
1147.13	99.585
1139.95	99.5908
1132.86	99.5904
1125.87	99.5823
1118.95	99.5733
1112.13	99.5714
1105.38	99.5776
1098.72	99.5847
1092.13	99.5849
1085.63	99.5779
1079.2	99.5708
1072.84	99.5715
1066.56	99.5799
1060.36	99.5884
1054.23	99.5895
1048.16	99.5837
1042.17	99.5788
1036.24	99.5821
1030.38	99.5928
1024.59	99.6026
1018.86	99.6046
1013.2	99.6
1007.6	99.5972
1002.06	99.603
996.576	99.6157
991.156	99.6267
985.795	99.6292
980.491	99.6256
975.244	99.6246
970.053	99.6326
964.917	99.647
959.835	99.6586
954.806	99.6613
949.83	99.6582
944.905	99.6586
940.031	99.6684
935.207	99.6839
930.433	99.6956
925.707	99.6978
921.028	99.6947
916.397	99.6959
911.812	99.7068
907.273	99.7229
902.778	99.734
898.328	99.735
893.922	99.7311
889.559	99.7325
885.238	99.744
880.958	99.76
876.72	99.7697
872.523	99.7687
868.365	99.7634
864.247	99.7644
860.168	99.7761
856.127	99.7913
852.124	99.799
848.159	99.7953
844.23	99.7879
840.337	99.7881
836.48	99.7995
832.658	99.8136
828.871	99.8187
825.118	99.8117
821.399	99.8017
817.714	99.8009
814.061	99.8119
810.441	99.8247
806.853	99.8268
803.296	99.8159
799.771	99.803
796.277	99.8013
792.813	99.8122
789.379	99.824
785.974	99.8228
782.599	99.8078
779.253	99.7919
775.935	99.7897
772.645	99.8015
769.383	99.8127
766.149	99.8083
762.941	99.7886
759.761	99.7699
756.606	99.7684
753.478	99.7827
750.376	99.7944
747.299	99.7865
744.247	99.7613
741.22	99.7401
738.218	99.7417
735.239	99.7621
732.285	99.7764
729.354	99.7631
726.447	99.7286
723.563	99.704
720.702	99.7163
717.863	99.7583
715.046	99.7897
712.251	99.7721
709.479	99.7075
706.727	99.6428
703.997	99.6323
701.288	99.6891
698.6	99.77
695.932	99.8103
693.285	99.7789
690.657	99.7059
688.05	99.6556
685.462	99.6696
682.893	99.7306
680.344	99.7799
677.814	99.7717
675.302	99.7148
672.809	99.663
670.334	99.6647
667.878	99.7176
665.439	99.7719
663.018	99.7772
660.615	99.7292
658.229	99.6731
655.86	99.6604
653.508	99.7012
651.173	99.7561
648.854	99.7738
646.553	99.7394
644.267	99.6872
641.997	99.6672
639.744	99.6979
637.506	99.75
635.283	99.7755
633.077	99.7534
630.885	99.7085
628.709	99.6864
626.547	99.7099
624.4	99.758
622.268	99.7872
620.151	99.7738
618.048	99.7354
615.959	99.713
613.884	99.7309
611.823	99.7744
609.776	99.8047
607.742	99.7971
605.723	99.7639
603.716	99.7416
601.723	99.7549
599.742	99.7934
597.775	99.8228
595.821	99.8187
593.879	99.7898
591.95	99.7685
590.034	99.7788
588.13	99.8129
586.238	99.8398
584.358	99.8364
582.49	99.8094
580.634	99.7886
578.79	99.7968
576.958	99.8278
575.137	99.8531
573.328	99.8504
571.53	99.8255
569.743	99.8064
567.967	99.8145
566.203	99.8432
564.449	99.8643
562.706	99.8561
560.974	99.8257
559.253	99.8026
557.542	99.8103
555.841	99.8428
554.151	99.8701
552.471	99.8668
550.802	99.837
549.142	99.8101
547.492	99.8123
545.852	99.841
544.222	99.8676
542.602	99.865
540.991	99.8346
539.39	99.805
537.798	99.804
536.216	99.8319
534.643	99.8607
533.079	99.8614
531.524	99.8323
529.979	99.8005
528.442	99.7952
526.914	99.8187
525.395	99.8432
523.885	99.8371
522.383	99.7959
520.89	99.7474
519.405	99.7261
517.929	99.7412
516.461	99.7688
515.002	99.775
513.551	99.7485
512.108	99.711
510.673	99.6958
509.246	99.7149
507.827	99.7479
506.415	99.761
505.012	99.7401
503.616	99.704
502.229	99.6862
500.848	99.7024
499.476	99.7358
498.111	99.7529
496.753	99.7362
495.402	99.701
494.059	99.6805
492.724	99.6938
491.395	99.7275
490.074	99.7485
488.759	99.7358
487.452	99.7011
486.152	99.6773
484.858	99.6871
483.572	99.7213
482.292	99.7471
481.019	99.7391
479.753	99.7033
478.493	99.6712
477.24	99.6702
475.994	99.6985
474.754	99.7279
473.52	99.7306
472.293	99.7057
471.072	99.6787
469.858	99.6763
468.649	99.7008
467.447	99.7281
466.251	99.7314
465.062	99.7063
463.878	99.6749
462.7	99.665
461.528	99.6839
460.362	99.7134
459.202	99.7275
458.048	99.7172
456.9	99.697
455.757	99.6891
454.62	99.7017
453.489	99.7213
452.363	99.7279
451.243	99.7147
450.129	99.6955
449.02	99.6901
447.916	99.705
446.818	99.7267
445.725	99.7349
444.638	99.7224
443.556	99.7019
442.479	99.693
441.407	99.7033
440.34	99.7214
439.279	99.7286
438.223	99.7176
437.171	99.6989
436.125	99.6906
435.084	99.6999
434.048	99.7164
433.017	99.7228
431.99	99.7121
430.969	99.6947
429.952	99.6877
428.94	99.6978
427.933	99.7144
426.93	99.7206
425.932	99.7093
424.939	99.6911
423.951	99.6831
422.967	99.6926
421.987	99.709
421.012	99.715
420.042	99.7032
419.076	99.6836
418.115	99.6739
417.158	99.682
416.205	99.698
415.257	99.7041
414.313	99.692
413.373	99.6714
412.437	99.6601
411.506	99.667
410.579	99.6829
409.656	99.6897
408.737	99.678
407.823	99.6566
406.912	99.6439
406.005	99.6499
405.103	99.6662
404.204	99.6743
403.31	99.6637
402.419	99.6421
401.533	99.6282
400.65	99.6333
399.771	99.6502
398.896	99.6602
398.025	99.6514
397.157	99.6302
396.294	99.6153
395.434	99.6192
394.578	99.6359
393.725	99.6465
392.877	99.6377
392.031	99.6147
391.19	99.5959
390.352	99.5957
389.518	99.6098
388.687	99.62
387.86	99.612
387.036	99.5894
386.216	99.5705
385.399	99.5702
384.586	99.5858
383.776	99.5993
382.969	99.5948
382.166	99.5744
381.367	99.5557
380.57	99.5549
379.777	99.5709
378.987	99.5862
378.201	99.5842
377.418	99.565
376.638	99.5455
375.861	99.5428
375.087	99.5574
374.317	99.5726
373.55	99.5706
372.785	99.5496
372.024	99.5259
371.267	99.5175
370.512	99.5271
369.76	99.5391
369.011	99.5354
368.266	99.5133
367.523	99.488
366.783	99.4785
366.047	99.4889
365.313	99.5045
364.582	99.5061
363.854	99.4886
363.129	99.4661
362.407	99.4577
361.688	99.469
360.971	99.4864
360.258	99.4904
359.547	99.4752
358.839	99.4541
358.134	99.4469
357.432	99.4598
356.732	99.4786
356.035	99.4816
355.341	99.4609
354.649	99.4306
353.96	99.4148
353.274	99.4254
352.591	99.4513
351.91	99.4689
351.232	99.4638
350.556	99.4437
349.883	99.4299
349.213	99.4368
348.545	99.4582
347.879	99.4736
347.217	99.4681
346.556	99.4459
345.899	99.4252
345.243	99.42
344.591	99.4269
343.94	99.4299
343.292	99.4177
342.647	99.3963
342.004	99.3835
341.363	99.391
340.725	99.4121
340.089	99.4269
339.456	99.4212
338.825	99.4002
338.196	99.3836
337.569	99.3865
336.945	99.4048
336.324	99.4188
335.704	99.413
335.087	99.3907
334.472	99.3716
333.859	99.372
333.249	99.3887
332.64	99.4015
332.034	99.3927
331.43	99.3647
330.829	99.3389
330.229	99.3349
329.632	99.3521
329.037	99.3698
328.444	99.3664
327.853	99.341
327.264	99.3137
326.678	99.3071
326.093	99.3243
325.511	99.3453
324.93	99.3464
324.352	99.3226
323.776	99.293
323.201	99.2823
322.629	99.2974
322.059	99.3201
321.491	99.3249
320.925	99.303
320.361	99.2713
319.799	99.2563
319.238	99.2688
318.68	99.2933
318.124	99.3024
317.57	99.2832
317.017	99.2499
316.467	99.2304
315.918	99.2398
315.371	99.2658
314.826	99.2802
314.284	99.2655
313.743	99.2321
313.203	99.2081
312.666	99.2131
312.13	99.2388
311.597	99.2572
311.065	99.2467
310.535	99.2133
310.007	99.1848
309.48	99.1852
308.956	99.2119
308.433	99.2381
307.912	99.2378
307.392	99.2097
306.875	99.1778
306.359	99.1687
305.845	99.1865
305.332	99.21
304.821	99.2136
304.312	99.192
303.805	99.1649
303.3	99.1575
302.796	99.176
302.293	99.2016
301.793	99.2085
301.294	99.1887
300.797	99.1599
300.301	99.1484
299.807	99.1638
299.314	99.1901
298.824	99.201
298.335	99.1852
297.847	99.1568
297.361	99.1422
296.877	99.1542
296.394	99.1803
295.912	99.1945
295.433	99.1827
294.955	99.1555
294.478	99.1384
294.003	99.1468
293.529	99.1715
293.057	99.1878
292.587	99.1793
292.118	99.1535
291.65	99.1343
291.184	99.1385
290.72	99.1603
290.257	99.177
289.795	99.1713
289.335	99.1483
288.877	99.13
288.419	99.1333
287.964	99.1533
287.509	99.1682
287.057	99.1609
286.605	99.1365
286.155	99.1177
285.706	99.1229
285.259	99.1476
284.813	99.1684
284.369	99.1652
283.926	99.1407
283.484	99.1183
283.044	99.119
282.605	99.1409
282.168	99.1608
281.731	99.1568
281.297	99.1307
280.863	99.1067
280.431	99.1087
280	99.1359
