1200	0.425816
1192.15	0.430539
1184.4	0.434825
1176.75	0.439361
1169.21	0.444012
1161.75	0.447986
1154.39	0.450943
1147.13	0.453476
1139.95	0.456271
1132.86	0.45912
1125.87	0.461196
1118.95	0.462227
1112.13	0.462888
1105.38	0.463853
1098.72	0.464828
1092.13	0.464963
1085.63	0.464064
1079.2	0.462885
1072.84	0.462069
1066.56	0.461234
1060.36	0.459518
1054.23	0.456811
1048.16	0.453939
1042.17	0.4515
1036.24	0.449024
1030.38	0.445643
1024.59	0.441342
1018.86	0.437005
1013.2	0.433177
1007.6	0.429299
1002.06	0.424506
996.576	0.418878
991.156	0.413352
985.795	0.408412
980.491	0.403407
975.244	0.397485
970.053	0.390822
964.917	0.384403
959.835	0.37864
954.806	0.372797
949.83	0.366034
944.905	0.358626
940.031	0.351601
935.207	0.345302
930.433	0.338899
925.707	0.331569
921.028	0.323684
916.397	0.316321
911.812	0.309749
907.273	0.303043
902.778	0.295388
898.328	0.28726
893.922	0.279793
889.559	0.273189
885.238	0.266409
880.958	0.25863
876.72	0.250444
872.523	0.24307
868.365	0.236647
864.247	0.22999
860.168	0.222235
856.127	0.214109
852.124	0.20698
848.159	0.200931
844.23	0.194553
840.337	0.186868
836.48	0.178788
832.658	0.171969
828.871	0.166455
825.118	0.160396
821.399	0.152475
817.714	0.143913
814.061	0.137031
810.441	0.131776
806.853	0.124698
803.296	0.112463
799.771	0.0964184
796.277	0.0828313
792.813	0.0778087
789.379	0.0817769
785.974	0.0890993
782.599	0.0930977
779.253	0.0913454
775.935	0.0863553
772.645	0.0819065
769.383	0.0793901
766.149	0.0775854
762.941	0.0750829
759.761	0.0720857
756.606	0.0698241
753.478	0.0688673
750.376	0.0685655
747.299	0.0680657
744.247	0.0673874
741.22	0.0672324
738.218	0.0679553
735.239	0.0691051
732.285	0.0700525
729.354	0.0707873
726.447	0.0718422
723.563	0.0735173
720.702	0.0754743
717.863	0.077209
715.046	0.0787229
712.251	0.0804837
709.479	0.0827588
706.727	0.0852489
703.997	0.0875095
701.288	0.0895607
698.6	0.0918382
695.932	0.0945647
693.285	0.0974288
690.657	0.100018
688.05	0.102393
685.462	0.104979
682.893	0.107936
680.344	0.1109
677.814	0.113481
675.302	0.115807
672.809	0.118309
670.334	0.121048
667.878	0.123554
665.439	0.125449
663.018	0.126959
660.615	0.128524
658.229	0.130026
655.86	0.130793
653.508	0.130435
651.173	0.129312
648.854	0.127842
646.553	0.125576
644.267	0.121442
641.997	0.114975
639.744	0.106738
637.506	0.0971069
635.283	0.0849979
633.077	0.0685866
630.885	0.047379
628.709	0.0227208
626.547	-0.00436813
624.4	-0.034886
622.268	-0.0690949
620.151	-0.100488
618.048	-0.113429
615.959	-0.0900728
613.884	-0.0232365
611.823	0.0755515
609.776	0.180905
607.742	0.268149
605.723	0.325878
603.716	0.357425
601.723	0.372744
599.742	0.379667
597.775	0.381324
595.821	0.378812
593.879	0.373828
591.95	0.368347
590.034	0.363046
588.13	0.357235
586.238	0.350359
584.358	0.342948
582.49	0.33585
580.634	0.329025
578.79	0.321608
576.958	0.313086
575.137	0.303969
573.328	0.295036
571.53	0.286171
569.743	0.276301
567.967	0.264612
566.203	0.251671
564.449	0.239183
562.706	0.228606
560.974	0.219962
559.253	0.211909
557.542	0.202893
555.841	0.19233
554.151	0.180859
552.471	0.169616
550.802	0.159276
549.142	0.149685
547.492	0.140312
545.852	0.130923
544.222	0.121768
542.602	0.113152
540.991	0.104979
539.39	0.0968768
537.798	0.0887299
536.216	0.0809054
534.643	0.0737991
533.079	0.067219
531.524	0.0604438
529.979	0.0530683
528.442	0.0457797
526.914	0.0401381
525.395	0.0373926
523.885	0.0373404
522.383	0.0382587
520.89	0.0380324
519.405	0.0356388
517.929	0.031881
516.461	0.0288032
515.002	0.0281803
513.551	0.0302114
512.108	0.0334792
510.673	0.0362304
509.246	0.0378213
507.827	0.038971
506.415	0.0406606
505.012	0.0429684
503.616	0.0451735
502.229	0.0469178
500.848	0.0488708
499.476	0.0519195
498.111	0.0558191
496.753	0.0591247
495.402	0.0607871
494.059	0.0616677
492.724	0.0640641
491.395	0.0695385
490.074	0.0773489
488.759	0.0851772
487.452	0.0912926
486.152	0.095804
484.858	0.0998851
483.572	0.104188
482.292	0.108322
481.019	0.111705
479.753	0.114456
478.493	0.117207
477.24	0.120277
475.994	0.123355
474.754	0.126045
473.52	0.128424
472.293	0.130879
471.072	0.133517
469.858	0.135991
468.649	0.137948
467.447	0.139452
466.251	0.140832
465.062	0.142195
463.878	0.143294
462.7	0.143879
461.528	0.144048
460.362	0.144114
459.202	0.144212
458.048	0.144162
456.9	0.143764
455.757	0.143094
454.62	0.142428
453.489	0.141906
452.363	0.141397
451.243	0.140705
450.129	0.139854
449.02	0.139066
447.916	0.138492
446.818	0.138035
445.725	0.137485
444.638	0.136795
443.556	0.136138
442.479	0.135694
441.407	0.135409
440.34	0.135053
439.279	0.134497
438.223	0.133884
437.171	0.133441
436.125	0.133173
435.084	0.132826
434.048	0.132189
433.017	0.131376
431.99	0.13069
430.969	0.13021
429.952	0.129655
428.94	0.128726
427.933	0.127517
426.93	0.126424
425.932	0.125616
424.939	0.124779
423.951	0.123515
422.967	0.121901
421.987	0.120436
421.012	0.119387
420.042	0.118398
419.076	0.116946
418.115	0.115084
417.158	0.113429
416.205	0.112351
415.257	0.111428
414.313	0.109978
413.373	0.108015
412.437	0.106304
411.506	0.105342
410.579	0.104611
409.656	0.103202
408.737	0.10107
407.823	0.0992042
406.912	0.0983192
406.005	0.097759
405.103	0.0962105
404.204	0.0934896
403.31	0.0910243
402.419	0.0900929
401.533	0.0898187
400.65	0.0876004
399.771	0.081918
398.896	0.07445
398.025	0.0689152
397.157	0.0676447
396.294	0.0694484
395.434	0.0709154
394.578	0.0695989
393.725	0.0657865
392.877	0.0614611
392.031	0.0580971
391.19	0.0557054
390.352	0.0536446
389.518	0.0517493
388.687	0.0504277
387.86	0.0499341
387.036	0.0499213
386.216	0.0497786
385.399	0.0492208
384.586	0.0484322
383.776	0.0477402
382.969	0.0472957
382.166	0.0470512
381.367	0.0468886
380.57	0.0466693
379.777	0.0462345
378.987	0.045499
378.201	0.0446
377.418	0.0438722
376.638	0.0435553
375.861	0.0434749
375.087	0.0430745
374.317	0.0418844
373.55	0.0400469
372.785	0.0383577
372.024	0.0376792
371.267	0.0382117
370.512	0.0393297
369.76	0.0401803
369.011	0.0404534
368.266	0.0405334
367.523	0.0409115
366.783	0.0415678
366.047	0.0420439
365.313	0.0420817
364.582	0.0420147
363.854	0.0424359
363.129	0.0436067
362.407	0.0453995
361.688	0.0478417
360.971	0.0514839
360.258	0.0569876
359.547	0.0643386
358.839	0.0726273
358.134	0.0806956
357.432	0.0879273
356.732	0.0943626
356.035	0.100207
355.341	0.105485
354.649	0.110202
353.96	0.114595
353.274	0.118929
352.591	0.123097
351.91	0.12666
351.232	0.129443
350.556	0.131915
349.883	0.134725
349.213	0.137833
348.545	0.140329
347.879	0.141352
347.217	0.141149
346.556	0.141055
345.899	0.142301
345.243	0.144874
344.591	0.147574
343.94	0.149106
343.292	0.149038
342.647	0.147798
342.004	0.145996
341.363	0.143943
340.725	0.14174
340.089	0.139572
339.456	0.13771
338.825	0.136219
338.196	0.1348
337.569	0.132982
336.945	0.130479
336.324	0.127372
335.704	0.124016
335.087	0.120831
334.472	0.118125
333.859	0.115983
333.249	0.114217
332.64	0.112438
332.034	0.110292
331.43	0.107703
330.829	0.104901
330.229	0.102201
329.632	0.0997388
329.037	0.0974454
328.444	0.0952446
327.853	0.0932142
327.264	0.0915205
326.678	0.0902321
326.093	0.0892655
325.511	0.0885316
324.93	0.0880832
324.352	0.0880691
323.776	0.088566
323.201	0.0895262
322.629	0.0909133
322.059	0.0928314
321.491	0.0954502
320.925	0.0988067
320.361	0.102738
319.799	0.107027
319.238	0.111564
318.68	0.116311
318.124	0.121141
317.57	0.125813
317.017	0.130122
316.467	0.134025
315.918	0.137553
315.371	0.140639
314.826	0.143116
314.284	0.144894
313.743	0.146059
313.203	0.146729
312.666	0.146879
312.13	0.14639
311.597	0.145273
311.065	0.143731
310.535	0.141936
310.007	0.13985
309.48	0.137361
308.956	0.134563
308.433	0.131748
307.912	0.129098
307.392	0.126583
306.875	0.124403
306.359	0.123498
305.845	0.125286
305.332	0.130578
304.821	0.13864
304.312	0.147422
303.805	0.154807
303.3	0.159718
302.796	0.162232
302.293	0.162974
301.793	0.162635
301.294	0.161892
300.797	0.161335
300.301	0.161144
299.807	0.160949
299.314	0.160286
298.824	0.159291
298.335	0.158753
297.847	0.159324
297.361	0.160718
296.877	0.161869
296.394	0.161887
295.912	0.16074
295.433	0.158981
294.955	0.156997
294.478	0.154743
294.003	0.152143
293.529	0.149492
293.057	0.147295
292.587	0.145788
292.118	0.144784
291.65	0.143958
291.184	0.143175
290.72	0.142498
290.257	0.142054
289.795	0.141987
289.335	0.142434
288.877	0.143294
288.419	0.143998
287.964	0.143706
287.509	0.14199
287.057	0.139342
286.605	0.136872
286.155	0.135393
285.706	0.13479
285.259	0.134249
284.813	0.133023
284.369	0.130948
283.926	0.128378
283.484	0.125814
283.044	0.123587
282.605	0.121679
282.168	0.119687
281.731	0.117048
281.297	0.113558
280.863	0.109758
280.431	0.106673
280	0.10501
