1200	98.6373
1192.15	98.685
1184.4	98.716
1176.75	98.7427
1169.21	98.7781
1161.75	98.8278
1154.39	98.8865
1147.13	98.9414
1139.95	98.9805
1132.86	99
1125.87	99.0069
1118.95	99.0146
1112.13	99.0342
1105.38	99.0676
1098.72	99.1063
1092.13	99.137
1085.63	99.1497
1079.2	99.1447
1072.84	99.1318
1066.56	99.1246
1060.36	99.1316
1054.23	99.1507
1048.16	99.1711
1042.17	99.1796
1036.24	99.1695
1030.38	99.1446
1024.59	99.117
1018.86	99.0994
1013.2	99.0971
1007.6	99.1046
1002.06	99.109
996.576	99.0986
991.156	99.0699
985.795	99.0303
980.491	98.9933
975.244	98.97
970.053	98.9621
964.917	98.9607
959.835	98.9521
954.806	98.9263
949.83	98.8837
944.905	98.8349
940.031	98.7939
935.207	98.7697
930.433	98.7601
925.707	98.7532
921.028	98.7348
916.397	98.6976
911.812	98.6458
907.273	98.593
902.778	98.5536
898.328	98.5336
893.922	98.527
889.559	98.5188
885.238	98.4947
880.958	98.4498
876.72	98.3929
872.523	98.3408
868.365	98.3088
864.247	98.3008
860.168	98.3071
856.127	98.3095
852.124	98.2927
848.159	98.2536
844.23	98.204
840.337	98.164
836.48	98.1503
832.658	98.1659
828.871	98.1972
825.118	98.221
821.399	98.217
817.714	98.1786
814.061	98.1163
810.441	98.0523
806.853	98.0082
803.296	97.9938
799.771	98.0029
796.277	98.0177
792.813	98.0192
789.379	97.9973
785.974	97.9557
782.599	97.9086
779.253	97.8721
775.935	97.8555
772.645	97.8569
769.383	97.8652
766.149	97.8678
762.941	97.8567
759.761	97.8329
756.606	97.8043
753.478	97.781
750.376	97.7693
747.299	97.7693
744.247	97.7755
741.22	97.781
738.218	97.7811
735.239	97.7751
732.285	97.7667
729.354	97.761
726.447	97.7623
723.563	97.7727
720.702	97.7919
717.863	97.817
715.046	97.844
712.251	97.8686
709.479	97.8868
706.727	97.897
703.997	97.9007
701.288	97.9024
698.6	97.9076
695.932	97.9203
693.285	97.9402
690.657	97.962
688.05	97.9783
685.462	97.9839
682.893	97.9799
680.344	97.9743
677.814	97.9784
675.302	98.0003
672.809	98.039
670.334	98.0834
667.878	98.1169
665.439	98.1271
663.018	98.1138
660.615	98.0909
658.229	98.0806
655.86	98.1019
653.508	98.159
651.173	98.2378
648.854	98.3115
646.553	98.3541
644.267	98.3541
641.997	98.321
639.744	98.28
637.506	98.2589
635.283	98.2728
633.077	98.3164
630.885	98.3679
628.709	98.4023
626.547	98.4069
624.4	98.3885
622.268	98.3696
620.151	98.3747
618.048	98.4146
615.959	98.4797
613.884	98.5445
611.823	98.5826
609.776	98.5827
607.742	98.5559
605.723	98.5294
603.716	98.5307
601.723	98.5705
599.742	98.636
597.775	98.6975
595.821	98.7263
593.879	98.712
591.95	98.6701
590.034	98.6331
588.13	98.6321
586.238	98.677
584.358	98.7499
582.49	98.8141
580.634	98.8354
578.79	98.8033
576.958	98.7385
575.137	98.6825
573.328	98.6743
571.53	98.7263
569.743	98.8157
567.967	98.8948
566.203	98.9177
564.449	98.8669
562.706	98.7651
560.974	98.6652
559.253	98.6218
557.542	98.6606
555.841	98.7619
554.151	98.869
552.471	98.9168
550.802	98.8668
549.142	98.7298
547.492	98.5634
545.852	98.4455
544.222	98.437
542.602	98.5529
540.991	98.7554
539.39	98.9729
537.798	99.1332
536.216	99.1948
534.643	99.161
533.079	99.0708
531.524	98.9754
529.979	98.9119
528.442	98.8893
526.914	98.8922
525.395	98.8965
523.885	98.8885
522.383	98.8735
520.89	98.872
519.405	98.9046
517.929	98.9774
516.461	99.0757
515.002	99.1707
513.551	99.2343
512.108	99.2544
510.673	99.2407
509.246	99.2191
507.827	99.217
506.415	99.2488
505.012	99.3085
503.616	99.3744
502.229	99.4216
500.848	99.4361
499.476	99.4215
498.111	99.3962
496.753	99.3824
495.402	99.3937
494.059	99.428
492.724	99.4696
491.395	99.4984
490.074	99.5012
488.759	99.4786
487.452	99.4436
486.152	99.4142
484.858	99.4027
483.572	99.4096
482.292	99.4232
481.019	99.4262
479.753	99.4053
478.493	99.3575
477.24	99.2923
475.994	99.226
474.754	99.1741
473.52	99.1439
472.293	99.1319
471.072	99.1268
469.858	99.1158
468.649	99.0914
467.447	99.0547
466.251	99.0147
465.062	98.9825
463.878	98.9656
462.7	98.9639
461.528	98.9697
460.362	98.9717
459.202	98.9609
458.048	98.9352
456.9	98.9008
455.757	98.8687
454.62	98.849
453.489	98.8459
452.363	98.8549
451.243	98.8655
450.129	98.8661
449.02	98.851
447.916	98.8231
446.818	98.7927
445.725	98.7725
444.638	98.7704
443.556	98.7851
442.479	98.8062
441.407	98.8201
440.34	98.817
439.279	98.7968
438.223	98.7696
437.171	98.7505
436.125	98.7509
435.084	98.7726
434.048	98.8056
433.017	98.8334
431.99	98.8424
430.969	98.8292
429.952	98.8037
428.94	98.7835
427.933	98.7849
426.93	98.8131
425.932	98.8591
424.939	98.9035
423.951	98.9274
422.967	98.9222
421.987	98.8953
421.012	98.8665
420.042	98.858
419.076	98.8827
418.115	98.9374
417.158	99.0042
416.205	99.0601
415.257	99.088
414.313	99.085
413.373	99.0625
412.437	99.0391
411.506	99.0301
410.579	99.0404
409.656	99.0634
408.737	99.0865
407.823	99.0993
406.912	99.0998
406.005	99.094
405.103	99.0911
404.204	99.0966
403.31	99.1084
402.419	99.1185
401.533	99.1189
400.65	99.1073
399.771	99.0902
398.896	99.0788
398.025	99.0819
397.157	99.0997
396.294	99.122
395.434	99.1337
394.578	99.1238
393.725	99.0927
392.877	99.0536
392.031	99.0264
391.19	99.0261
390.352	99.0545
389.518	99.0979
388.687	99.1336
387.86	99.1425
387.036	99.1188
386.216	99.0738
385.399	99.0296
384.586	99.0065
383.776	99.0125
382.969	99.0388
382.166	99.0653
381.367	99.0726
380.57	99.0525
379.777	99.0127
378.987	98.9713
378.201	98.9461
377.418	98.9441
376.638	98.9576
375.861	98.9696
375.087	98.9643
374.317	98.9374
373.55	98.8982
372.785	98.8643
372.024	98.8502
371.267	98.8586
370.512	98.8781
369.76	98.8902
369.011	98.881
368.266	98.8505
367.523	98.8133
366.783	98.7904
366.047	98.797
365.313	98.8319
364.582	98.8778
363.854	98.9107
363.129	98.9136
362.407	98.8877
361.688	98.8523
360.971	98.8348
360.258	98.8544
359.547	98.9108
358.839	98.9824
358.134	99.0381
357.432	99.0541
356.732	99.0284
356.035	98.9829
355.341	98.9522
354.649	98.9657
353.96	99.0306
353.274	99.1275
352.591	99.22
351.91	99.2733
351.232	99.2725
350.556	99.23
349.883	99.1789
349.213	99.1551
348.545	99.179
347.879	99.2458
347.217	99.3289
346.556	99.3947
345.899	99.4203
345.243	99.4042
344.591	99.3652
343.94	99.3311
343.292	99.3246
342.647	99.3527
342.004	99.4062
341.363	99.4681
340.725	99.5236
340.089	99.567
339.456	99.6009
338.825	99.6293
338.196	99.6499
337.569	99.6521
336.945	99.6216
336.324	99.55
335.704	99.4435
335.087	99.3243
334.472	99.2231
333.859	99.1662
333.249	99.1635
332.64	99.2041
332.034	99.2625
331.43	99.3113
330.829	99.3345
330.229	99.3344
329.632	99.3276
329.037	99.3351
328.444	99.3689
327.853	99.4259
327.264	99.4897
326.678	99.5399
326.093	99.5639
325.511	99.5634
324.93	99.5529
324.352	99.5518
323.776	99.5737
323.201	99.6192
322.629	99.6763
322.059	99.7269
321.491	99.7566
320.925	99.7609
320.361	99.7469
319.799	99.7286
319.238	99.7188
318.68	99.724
318.124	99.7422
317.57	99.766
317.017	99.7874
316.467	99.8022
315.918	99.8114
315.371	99.8194
314.826	99.8311
314.284	99.8492
313.743	99.8734
313.203	99.9013
312.666	99.9299
312.13	99.9565
311.597	99.9786
311.065	99.9942
310.535	100.001
310.007	100
309.48	99.9932
308.956	99.9856
308.433	99.9845
307.912	99.9955
307.392	100.02
306.875	100.054
306.359	100.088
305.845	100.115
305.332	100.126
304.821	100.119
304.312	100.095
303.805	100.056
303.3	100.003
302.796	99.9378
302.293	99.864
301.793	99.7897
301.294	99.7282
300.797	99.6943
300.301	99.6976
299.807	99.7363
299.314	99.7952
298.824	99.85
298.335	99.8773
297.847	99.8663
297.361	99.824
296.877	99.7729
296.394	99.7399
295.912	99.7423
295.433	99.7787
294.955	99.829
294.478	99.8649
294.003	99.8653
293.529	99.8279
293.057	99.7708
292.587	99.7234
292.118	99.7096
291.65	99.7352
291.184	99.7842
290.72	99.8275
290.257	99.839
289.795	99.8106
289.335	99.7565
288.877	99.7051
288.419	99.683
287.964	99.6998
287.509	99.7422
287.057	99.782
286.605	99.7922
286.155	99.7628
285.706	99.707
285.259	99.6535
284.813	99.6303
284.369	99.6483
283.926	99.6942
283.484	99.7386
283.044	99.7521
282.605	99.7231
282.168	99.6642
281.731	99.6055
281.297	99.5771
280.863	99.5919
280.431	99.6381
280	99.6861
