1200	0.21935
1192.15	0.237186
1184.4	0.255758
1176.75	0.275033
1169.21	0.294867
1161.75	0.315041
1154.39	0.335365
1147.13	0.355776
1139.95	0.376354
1132.86	0.397218
1125.87	0.418382
1118.95	0.439681
1112.13	0.460823
1105.38	0.481559
1098.72	0.50184
1092.13	0.521827
1085.63	0.541745
1079.2	0.561668
1072.84	0.581399
1066.56	0.600562
1060.36	0.618842
1054.23	0.636206
1048.16	0.652921
1042.17	0.669338
1036.24	0.685595
1030.38	0.701456
1024.59	0.716433
1018.86	0.730123
1013.2	0.742514
1007.6	0.754002
1002.06	0.765106
996.576	0.776042
991.156	0.786513
985.795	0.795871
980.491	0.803583
975.244	0.80965
970.053	0.814644
964.917	0.819312
959.835	0.823986
954.806	0.82827
949.83	0.831265
944.905	0.832213
940.031	0.831109
935.207	0.828787
930.433	0.826365
925.707	0.824381
921.028	0.822275
916.397	0.818661
911.812	0.812275
907.273	0.802972
902.778	0.792011
898.328	0.781282
893.922	0.771895
889.559	0.76307
885.238	0.752187
880.958	0.736179
876.72	0.713528
872.523	0.685659
868.365	0.656778
864.247	0.632105
860.168	0.615437
856.127	0.607423
852.124	0.605482
848.159	0.605352
844.23	0.603301
840.337	0.59772
836.48	0.589313
832.658	0.580001
828.871	0.57142
825.118	0.563965
821.399	0.556873
817.714	0.549052
814.061	0.539946
810.441	0.529829
806.853	0.519434
803.296	0.509312
799.771	0.499466
796.277	0.489493
792.813	0.479039
789.379	0.46814
785.974	0.457171
782.599	0.446478
779.253	0.436042
775.935	0.425509
772.645	0.414547
769.383	0.403218
766.149	0.391993
762.941	0.381356
759.761	0.371299
756.606	0.361189
753.478	0.350174
750.376	0.337889
747.299	0.32488
744.247	0.312314
741.22	0.301104
738.218	0.291087
735.239	0.28095
732.285	0.269136
729.354	0.255141
726.447	0.240236
723.563	0.226924
720.702	0.217344
717.863	0.211714
715.046	0.20805
712.251	0.203599
709.479	0.197131
706.727	0.190418
703.997	0.187496
701.288	0.191762
698.6	0.202583
695.932	0.213834
693.285	0.215901
690.657	0.200587
688.05	0.166324
685.462	0.120486
682.893	0.07701
680.344	0.0501782
677.814	0.047795
675.302	0.0674958
672.809	0.0982533
670.334	0.126192
667.878	0.141409
665.439	0.142074
663.018	0.133838
660.615	0.125413
658.229	0.1233
655.86	0.128788
653.508	0.138622
651.173	0.148322
648.854	0.155601
646.553	0.161631
644.267	0.1696
641.997	0.181929
639.744	0.198284
637.506	0.215777
635.283	0.231074
633.077	0.242779
630.885	0.252309
628.709	0.26269
626.547	0.276164
624.4	0.292395
622.268	0.308565
620.151	0.321285
618.048	0.328955
615.959	0.332887
613.884	0.336385
611.823	0.342434
609.776	0.351584
607.742	0.361515
605.723	0.368564
603.716	0.370173
601.723	0.366621
599.742	0.360881
597.775	0.356766
595.821	0.356615
593.879	0.360038
591.95	0.364464
590.034	0.367008
588.13	0.366346
586.238	0.363381
584.358	0.360362
582.49	0.359192
580.634	0.360127
578.79	0.361719
576.958	0.36195
575.137	0.359675
573.328	0.355371
571.53	0.350706
569.743	0.347315
567.967	0.345676
566.203	0.344857
564.449	0.343265
562.706	0.339802
560.974	0.334618
559.253	0.328952
557.542	0.324223
555.841	0.321059
554.151	0.31892
552.471	0.31656
550.802	0.31295
549.142	0.307994
547.492	0.302559
545.852	0.297829
544.222	0.294481
542.602	0.292264
540.991	0.290246
539.39	0.287525
537.798	0.28388
536.216	0.27989
534.643	0.276498
533.079	0.274329
531.524	0.273278
529.979	0.272642
528.442	0.271669
526.914	0.270109
525.395	0.268374
523.885	0.2672
522.383	0.267089
520.89	0.267938
519.405	0.26914
517.929	0.270054
516.461	0.27049
515.002	0.270846
513.551	0.271792
512.108	0.273749
510.673	0.276563
509.246	0.279627
507.827	0.282366
506.415	0.284721
505.012	0.28725
503.616	0.290761
502.229	0.295734
500.848	0.301983
499.476	0.308821
498.111	0.315632
496.753	0.322401
495.402	0.329788
494.059	0.338637
492.724	0.349277
491.395	0.361151
490.074	0.373114
488.759	0.384214
487.452	0.394371
486.152	0.404382
484.858	0.415143
483.572	0.426672
482.292	0.437739
481.019	0.446574
479.753	0.452315
478.493	0.456091
477.24	0.460678
475.994	0.468518
474.754	0.479176
473.52	0.488099
472.293	0.488137
471.072	0.473709
469.858	0.445576
468.649	0.413253
467.447	0.392866
466.251	0.400656
465.062	0.444984
463.878	0.521024
462.7	0.611347
461.528	0.692641
460.362	0.745467
459.202	0.762185
458.048	0.749046
456.9	0.721596
455.757	0.696114
454.62	0.681822
453.489	0.677867
452.363	0.676155
451.243	0.66773
450.129	0.648614
449.02	0.621744
447.916	0.594347
446.818	0.572878
445.725	0.558994
444.638	0.549001
443.556	0.536823
442.479	0.518254
441.407	0.493613
440.34	0.467197
439.279	0.444115
438.223	0.426804
437.171	0.413563
436.125	0.399968
435.084	0.382059
434.048	0.359077
433.017	0.333952
431.99	0.311327
430.969	0.294554
429.952	0.283683
428.94	0.275699
427.933	0.26669
426.93	0.254391
425.932	0.239419
424.939	0.224503
423.951	0.2124
422.967	0.204
421.987	0.197882
421.012	0.191483
420.042	0.182953
419.076	0.172372
418.115	0.161534
417.158	0.152581
416.205	0.146508
415.257	0.142601
414.313	0.139128
413.373	0.134682
412.437	0.129199
411.506	0.123902
410.579	0.120297
409.656	0.118965
408.737	0.119057
407.823	0.118842
406.912	0.116906
406.005	0.113146
405.103	0.108876
404.204	0.105992
403.31	0.105793
402.419	0.108265
401.533	0.11225
400.65	0.11633
399.771	0.119719
398.896	0.122577
398.025	0.125555
397.157	0.129018
396.294	0.132568
395.434	0.13527
394.578	0.136405
393.725	0.136137
392.877	0.135505
392.031	0.135618
391.19	0.136536
390.352	0.136687
389.518	0.133401
388.687	0.1245
387.86	0.110156
387.036	0.093918
386.216	0.0821445
385.399	0.0818686
384.586	0.0979856
383.776	0.131052
382.969	0.176747
382.166	0.227276
381.367	0.274094
380.57	0.310742
379.777	0.334639
378.987	0.347184
378.201	0.352351
377.418	0.354582
376.638	0.356978
375.861	0.360503
375.087	0.364367
374.317	0.367133
373.55	0.367886
372.785	0.366819
372.024	0.365052
371.267	0.363906
370.512	0.364117
369.76	0.365488
369.011	0.367122
368.266	0.36806
367.523	0.367901
366.783	0.367039
366.047	0.36638
365.313	0.366755
364.582	0.368408
363.854	0.370868
363.129	0.373269
362.407	0.3749
361.688	0.375621
360.971	0.375905
360.258	0.376491
359.547	0.377888
358.839	0.380049
358.134	0.382408
357.432	0.384229
356.732	0.385049
356.035	0.384913
355.341	0.384301
354.649	0.383787
353.96	0.383677
353.274	0.383822
352.591	0.383712
351.91	0.38276
351.232	0.380622
350.556	0.377371
349.883	0.373454
349.213	0.369468
348.545	0.365847
347.879	0.362618
347.217	0.359324
346.556	0.355195
345.899	0.349539
345.243	0.342204
344.591	0.333869
343.94	0.325914
343.292	0.319789
342.647	0.316083
342.004	0.313814
341.363	0.31047
340.725	0.303084
340.089	0.290018
339.456	0.272615
338.825	0.255669
338.196	0.246125
337.569	0.250287
336.945	0.270757
336.324	0.304665
335.704	0.344289
335.087	0.379982
334.472	0.404101
333.859	0.413981
333.249	0.412497
332.64	0.405977
332.034	0.400695
331.43	0.399871
330.829	0.402732
330.229	0.405921
329.632	0.406153
329.037	0.402389
328.444	0.396248
327.853	0.390591
327.264	0.387431
326.678	0.386644
326.093	0.386336
325.511	0.384481
324.93	0.380544
324.352	0.375839
323.776	0.372351
323.201	0.370937
322.629	0.37038
322.059	0.368209
321.491	0.362816
320.925	0.355253
320.361	0.349002
319.799	0.347279
319.238	0.349325
318.68	0.348356
318.124	0.333394
317.57	0.295041
317.017	0.232595
316.467	0.15838
315.918	0.0959427
315.371	0.0717719
314.826	0.10383
314.284	0.192396
313.743	0.318086
313.203	0.448555
312.666	0.551045
312.13	0.604917
311.597	0.608359
311.065	0.576466
310.535	0.532275
310.007	0.495678
309.48	0.475713
308.956	0.469428
308.433	0.466795
307.912	0.458099
307.392	0.439504
306.875	0.414164
306.359	0.38911
305.845	0.370469
305.332	0.360065
304.821	0.355138
304.312	0.350807
303.805	0.343332
303.3	0.332096
302.796	0.319354
302.293	0.308312
301.793	0.300992
301.294	0.297224
300.797	0.295143
300.301	0.292568
299.807	0.288267
299.314	0.282409
298.824	0.276215
298.335	0.271313
297.847	0.269307
297.361	0.271655
296.877	0.279569
296.394	0.29365
295.912	0.313282
295.433	0.336227
294.955	0.358945
294.478	0.377749
294.003	0.390306
293.529	0.396643
293.057	0.39898
292.587	0.400396
292.118	0.403112
291.65	0.407378
291.184	0.411645
290.72	0.413841
290.257	0.412868
289.795	0.409346
289.335	0.40514
288.877	0.402076
288.419	0.400754
287.964	0.400283
287.509	0.399082
287.057	0.396132
286.605	0.391758
286.155	0.38739
285.706	0.384483
285.259	0.383403
284.813	0.383085
284.369	0.381753
283.926	0.37818
283.484	0.372589
283.044	0.366543
282.605	0.361864
282.168	0.359349
281.731	0.358185
281.297	0.356504
280.863	0.352704
280.431	0.34662
280	0.339712
