1200	0.33921
1192.15	0.343288
1184.4	0.347427
1176.75	0.351372
1169.21	0.354832
1161.75	0.357785
1154.39	0.360486
1147.13	0.363166
1139.95	0.365763
1132.86	0.367965
1125.87	0.369547
1118.95	0.370602
1112.13	0.371428
1105.38	0.372188
1098.72	0.372714
1092.13	0.372686
1085.63	0.371978
1079.2	0.370792
1072.84	0.369428
1066.56	0.367948
1060.36	0.366105
1054.23	0.363614
1048.16	0.360476
1042.17	0.35697
1036.24	0.353352
1030.38	0.349573
1024.59	0.345344
1018.86	0.340465
1013.2	0.335058
1007.6	0.329437
1002.06	0.323774
996.576	0.317923
991.156	0.311602
985.795	0.304722
980.491	0.297503
975.244	0.290243
970.053	0.283009
964.917	0.275593
959.835	0.267764
954.806	0.25955
949.83	0.251226
944.905	0.243029
940.031	0.23493
935.207	0.226697
930.433	0.218185
925.707	0.209516
921.028	0.200968
916.397	0.192697
911.812	0.1846
907.273	0.176468
902.778	0.16824
898.328	0.160098
893.922	0.152283
889.559	0.144871
885.238	0.13772
880.958	0.130665
876.72	0.123717
872.523	0.117069
868.365	0.11091
864.247	0.105252
860.168	0.0999493
856.127	0.0948798
852.124	0.0900909
848.159	0.0857606
844.23	0.082027
840.337	0.0788665
836.48	0.0761399
832.658	0.0737501
828.871	0.071749
825.118	0.0702905
821.399	0.0694819
817.714	0.0692839
814.061	0.0695536
810.441	0.0701887
806.853	0.0712314
803.296	0.0728275
799.771	0.0750776
796.277	0.0779241
792.813	0.0811916
789.379	0.0847513
785.974	0.0886483
782.599	0.0930521
779.253	0.0980662
775.935	0.103587
772.645	0.109375
769.383	0.115278
766.149	0.121387
762.941	0.127923
759.761	0.134975
756.606	0.142347
753.478	0.149719
750.376	0.156959
747.299	0.164257
744.247	0.171895
741.22	0.179895
738.218	0.18792
735.239	0.195592
732.285	0.202876
729.354	0.21011
726.447	0.217606
723.563	0.225236
720.702	0.232503
717.863	0.239035
715.046	0.244993
712.251	0.250884
709.479	0.256965
706.727	0.262875
703.997	0.267966
701.288	0.272
698.6	0.275428
695.932	0.278894
693.285	0.282464
690.657	0.285465
688.05	0.287181
685.462	0.287669
682.893	0.287752
680.344	0.288102
677.814	0.288412
675.302	0.287635
672.809	0.285136
670.334	0.281491
667.878	0.277953
665.439	0.275024
663.018	0.27173
660.615	0.266549
658.229	0.259166
655.86	0.251076
653.508	0.244084
651.173	0.237997
648.854	0.230029
646.553	0.217019
644.267	0.1988
641.997	0.179501
639.744	0.165171
637.506	0.159392
635.283	0.160536
633.077	0.163014
630.885	0.161407
628.709	0.154007
626.547	0.143064
624.4	0.13209
622.268	0.12293
620.151	0.115026
618.048	0.106908
615.959	0.0980203
613.884	0.0891227
611.823	0.0812526
609.776	0.0746208
607.742	0.0685656
605.723	0.0623949
603.716	0.0560781
601.723	0.0501039
599.742	0.0448205
597.775	0.0400535
595.821	0.0353581
593.879	0.0305257
591.95	0.0257626
590.034	0.0214137
588.13	0.0176102
586.238	0.0142249
584.358	0.0111117
582.49	0.00830692
580.634	0.00598617
578.79	0.00428423
576.958	0.00320525
575.137	0.00268324
573.328	0.00266408
571.53	0.00310467
569.743	0.00393937
567.967	0.00510839
566.203	0.00662156
564.449	0.00854287
562.706	0.0108816
560.974	0.0135372
559.253	0.0164154
557.542	0.0196025
555.841	0.0233463
554.151	0.0277907
552.471	0.0327465
550.802	0.0378296
549.142	0.0428935
547.492	0.0482655
545.852	0.0544144
544.222	0.061328
542.602	0.0683376
540.991	0.0747622
539.39	0.0807898
537.798	0.0875217
536.216	0.0957974
534.643	0.104778
533.079	0.111858
531.524	0.114458
529.979	0.112399
528.442	0.10868
526.914	0.107682
525.395	0.112057
523.885	0.120884
522.383	0.130599
520.89	0.137807
519.405	0.141542
517.929	0.143202
516.461	0.144641
515.002	0.146389
513.551	0.147552
512.108	0.147121
510.673	0.145129
509.246	0.142543
507.827	0.140214
506.415	0.138119
505.012	0.135635
503.616	0.132401
502.229	0.128757
500.848	0.125333
499.476	0.122343
498.111	0.119391
496.753	0.115962
495.402	0.111987
494.059	0.107845
492.724	0.103868
491.395	0.0999443
490.074	0.0956858
488.759	0.0909095
487.452	0.0858573
486.152	0.0809014
484.858	0.076103
483.572	0.0711582
482.292	0.0657858
481.019	0.0600807
479.753	0.0543961
478.493	0.0488857
477.24	0.0432613
475.994	0.0370819
474.754	0.0302516
473.52	0.0231173
472.293	0.0160009
471.072	0.00868654
469.858	0.000505899
468.649	-0.0089882
467.447	-0.0195015
466.251	-0.030296
465.062	-0.0410516
463.878	-0.0522202
462.7	-0.0640953
461.528	-0.0751192
460.362	-0.0810557
459.202	-0.0763223
458.048	-0.0570872
456.9	-0.0240917
455.757	0.0169196
454.62	0.0576151
453.489	0.0907541
452.363	0.112788
451.243	0.12409
450.129	0.127335
449.02	0.125583
447.916	0.12123
446.818	0.115903
445.725	0.110612
444.638	0.10573
443.556	0.100974
442.479	0.0957648
441.407	0.0898999
440.34	0.0839769
439.279	0.0790897
438.223	0.0760027
437.171	0.0745654
436.125	0.0739444
435.084	0.0734516
434.048	0.0731486
433.017	0.0736199
431.99	0.0751472
430.969	0.0771247
429.952	0.0783281
428.94	0.0778093
427.933	0.0755856
426.93	0.0725152
425.932	0.06954
424.939	0.067041
423.951	0.0648469
422.967	0.0627389
421.987	0.0608461
421.012	0.0595372
420.042	0.059006
419.076	0.0590511
418.115	0.0592839
417.158	0.0594987
416.205	0.0597816
415.257	0.0602624
414.313	0.0608324
413.373	0.0611724
412.437	0.0610572
411.506	0.0605742
410.579	0.0599941
409.656	0.0594449
408.737	0.0587729
407.823	0.0577586
406.912	0.0564356
406.005	0.0551295
405.103	0.0541538
404.204	0.0535034
403.31	0.0529035
402.419	0.0521652
401.533	0.0514412
400.65	0.0510758
399.771	0.0512134
398.896	0.0516218
398.025	0.0519489
397.157	0.0521277
396.294	0.052455
395.434	0.0532363
394.578	0.0544124
393.725	0.0556339
392.877	0.0567351
392.031	0.0580491
391.19	0.060119
390.352	0.0630393
389.518	0.0661653
388.687	0.0686215
387.86	0.0701807
387.036	0.0715795
386.216	0.0738205
385.399	0.0770616
384.586	0.0802305
383.776	0.0818751
382.969	0.0815326
382.166	0.0802995
381.367	0.0799808
380.57	0.0815511
379.777	0.0843398
378.987	0.0866756
378.201	0.0873545
377.418	0.0865652
376.638	0.0855018
375.861	0.0851719
375.087	0.0855951
374.317	0.0860731
373.55	0.0861049
372.785	0.0859507
372.024	0.0863268
371.267	0.0876444
370.512	0.0896184
369.76	0.0915989
369.011	0.0932044
368.266	0.094576
367.523	0.0960417
366.783	0.0976176
366.047	0.0988961
365.313	0.0994103
364.582	0.0990544
363.854	0.0981174
363.129	0.0969312
362.407	0.0955314
361.688	0.093673
360.971	0.0911412
360.258	0.0880031
359.547	0.084547
358.839	0.0810096
358.134	0.0773908
357.432	0.0735278
356.732	0.0693135
356.035	0.0648198
355.341	0.0602198
354.649	0.0556208
353.96	0.0509886
353.274	0.0462162
352.591	0.0412452
351.91	0.0361262
351.232	0.0309926
350.556	0.0260135
349.883	0.0213837
349.213	0.0173606
348.545	0.0143223
347.879	0.0128179
347.217	0.0135645
346.556	0.0173284
345.899	0.0246572
345.243	0.0355471
344.591	0.0492445
343.94	0.0643596
343.292	0.0792841
342.647	0.0926851
342.004	0.1038
341.363	0.112421
340.725	0.118701
340.089	0.122965
339.456	0.125638
338.825	0.127212
338.196	0.128157
337.569	0.128805
336.945	0.129302
336.324	0.129694
335.704	0.130058
335.087	0.130557
334.472	0.131344
333.859	0.132452
333.249	0.133788
332.64	0.13525
332.034	0.136847
331.43	0.138678
330.829	0.140813
330.229	0.143202
329.632	0.145717
329.037	0.148287
328.444	0.150954
327.853	0.153806
327.264	0.156855
326.678	0.16001
326.093	0.163174
325.511	0.166344
324.93	0.169588
324.352	0.172921
323.776	0.176232
323.201	0.179369
322.629	0.182315
322.059	0.185244
321.491	0.188373
320.925	0.191719
320.361	0.195013
319.799	0.197854
319.238	0.199997
318.68	0.201499
318.124	0.202604
317.57	0.203493
317.017	0.204139
316.467	0.20438
315.918	0.204107
315.371	0.203385
314.826	0.202406
314.284	0.201398
313.743	0.200616
313.203	0.200426
312.666	0.201342
312.13	0.203871
311.597	0.208199
311.065	0.213946
310.535	0.220192
310.007	0.225815
309.48	0.229956
308.956	0.232334
308.433	0.233278
307.912	0.233501
307.392	0.233782
306.875	0.234721
306.359	0.236595
305.845	0.239328
305.332	0.242531
304.821	0.245609
304.312	0.247941
303.805	0.249085
303.3	0.24893
302.796	0.247693
302.293	0.245768
301.793	0.243507
301.294	0.241084
300.797	0.238511
300.301	0.235777
299.807	0.232969
299.314	0.230264
298.824	0.227822
298.335	0.225676
297.847	0.223751
297.361	0.221974
296.877	0.220388
296.394	0.219137
295.912	0.218356
295.433	0.218074
294.955	0.218208
294.478	0.218658
294.003	0.21937
293.529	0.220341
293.057	0.221577
292.587	0.223106
292.118	0.225045
291.65	0.227634
291.184	0.231128
290.72	0.235604
290.257	0.24082
289.795	0.246307
289.335	0.251635
288.877	0.256678
288.419	0.261657
287.964	0.266954
287.509	0.272854
287.057	0.279406
286.605	0.286445
286.155	0.293703
285.706	0.30091
285.259	0.307862
284.813	0.314489
284.369	0.3209
283.926	0.327331
283.484	0.333975
283.044	0.340819
282.605	0.347628
282.168	0.354138
281.731	0.360295
281.297	0.366294
280.863	0.372363
280.431	0.378489
280	0.384346
