1200	99.5097
1192.15	99.4844
1184.4	99.4659
1176.75	99.4626
1169.21	99.4699
1161.75	99.4738
1154.39	99.4627
1147.13	99.4377
1139.95	99.4115
1132.86	99.3978
1125.87	99.3995
1118.95	99.4065
1112.13	99.4039
1105.38	99.3848
1098.72	99.3564
1092.13	99.3339
1085.63	99.3277
1079.2	99.3345
1072.84	99.3399
1066.56	99.3308
1060.36	99.3064
1054.23	99.2791
1048.16	99.2642
1042.17	99.2668
1036.24	99.2776
1030.38	99.2802
1024.59	99.2655
1018.86	99.239
1013.2	99.217
1007.6	99.2123
1002.06	99.2238
996.576	99.237
991.156	99.2359
985.795	99.2169
980.491	99.1919
975.244	99.1786
970.053	99.1857
964.917	99.2052
959.835	99.219
954.806	99.2135
949.83	99.192
944.905	99.1715
940.031	99.1697
935.207	99.1892
930.433	99.2155
925.707	99.2283
921.028	99.2184
916.397	99.1959
911.812	99.1827
907.273	99.1943
902.778	99.2269
898.328	99.2598
893.922	99.2711
889.559	99.2563
885.238	99.2328
880.958	99.227
876.72	99.2539
872.523	99.3043
868.365	99.3511
864.247	99.3686
860.168	99.3522
856.127	99.3221
852.124	99.3088
848.159	99.3307
844.23	99.3816
840.337	99.4348
836.48	99.4621
832.658	99.4534
828.871	99.4218
825.118	99.3935
821.399	99.3896
817.714	99.413
814.061	99.4488
810.441	99.477
806.853	99.4853
803.296	99.4763
799.771	99.4629
796.277	99.4589
792.813	99.4703
789.379	99.4931
785.974	99.5172
782.599	99.5336
779.253	99.5384
775.935	99.5348
772.645	99.5302
769.383	99.5326
766.149	99.546
762.941	99.5679
759.761	99.5904
756.606	99.6042
753.478	99.6049
750.376	99.597
747.299	99.5915
744.247	99.5994
741.22	99.623
738.218	99.6529
735.239	99.6739
732.285	99.6762
729.354	99.6635
726.447	99.6517
723.563	99.6578
720.702	99.6862
717.863	99.7238
715.046	99.7489
712.251	99.7469
709.479	99.7231
706.727	99.6993
703.997	99.6981
701.288	99.7246
698.6	99.7611
695.932	99.7791
693.285	99.761
690.657	99.7151
688.05	99.6719
685.462	99.6633
682.893	99.7007
680.344	99.7663
677.814	99.8257
675.302	99.8515
672.809	99.8397
670.334	99.8086
667.878	99.7817
665.439	99.7696
663.018	99.7641
660.615	99.7494
658.229	99.7192
655.86	99.6839
653.508	99.6629
651.173	99.6677
648.854	99.6901
646.553	99.707
644.267	99.698
641.997	99.6617
639.744	99.6177
637.506	99.5912
635.283	99.593
633.077	99.6111
630.885	99.6198
628.709	99.6009
626.547	99.5583
624.4	99.5153
622.268	99.4957
620.151	99.505
618.048	99.5258
615.959	99.532
613.884	99.5098
611.823	99.4692
609.776	99.4354
607.742	99.4289
605.723	99.4488
603.716	99.4736
601.723	99.4792
599.742	99.4581
597.775	99.4253
595.821	99.4061
593.879	99.4151
591.95	99.4448
590.034	99.4721
588.13	99.4776
586.238	99.4611
584.358	99.4414
582.49	99.4397
580.634	99.4615
578.79	99.4922
576.958	99.5095
575.137	99.5028
573.328	99.4834
571.53	99.4748
569.743	99.4933
567.967	99.5323
566.203	99.5669
564.449	99.5731
562.706	99.5483
560.974	99.5151
559.253	99.5037
557.542	99.5283
555.841	99.5747
554.151	99.6107
552.471	99.6115
550.802	99.5798
549.142	99.544
547.492	99.5365
545.852	99.5674
544.222	99.6163
542.602	99.6481
540.991	99.6408
539.39	99.6034
537.798	99.5685
536.216	99.5672
534.643	99.6036
533.079	99.6517
531.524	99.6758
529.979	99.659
528.442	99.6168
526.914	99.5847
525.395	99.5902
523.885	99.6307
522.383	99.6754
520.89	99.69
519.405	99.6637
517.929	99.6183
516.461	99.5903
515.002	99.6026
513.551	99.6457
512.108	99.6854
510.673	99.6903
509.246	99.6561
507.827	99.6097
506.415	99.5874
505.012	99.6063
503.616	99.6509
502.229	99.6854
500.848	99.6821
499.476	99.6431
498.111	99.5987
496.753	99.5834
495.402	99.6085
494.059	99.6538
492.724	99.6836
491.395	99.6748
490.074	99.6347
488.759	99.5952
487.452	99.5871
486.152	99.6166
484.858	99.6607
483.572	99.6858
482.292	99.6742
481.019	99.6367
479.753	99.6041
478.493	99.6019
477.24	99.6312
475.994	99.669
474.754	99.6871
473.52	99.6745
472.293	99.6457
471.072	99.6277
469.858	99.6378
468.649	99.67
467.447	99.6999
466.251	99.7055
465.062	99.6847
463.878	99.6577
462.7	99.6503
461.528	99.6733
460.362	99.7128
459.202	99.7411
458.048	99.7379
456.9	99.7072
455.757	99.6747
454.62	99.6689
453.489	99.699
452.363	99.7476
451.243	99.7824
450.129	99.7794
449.02	99.7405
447.916	99.6931
446.818	99.6731
445.725	99.7022
444.638	99.7756
443.556	99.8657
442.479	99.9373
441.407	99.9645
440.34	99.9381
439.279	99.8645
438.223	99.7592
437.171	99.6423
436.125	99.5351
435.084	99.458
434.048	99.4246
433.017	99.4352
431.99	99.474
430.969	99.5146
429.952	99.5336
428.94	99.5239
427.933	99.4993
426.93	99.4854
425.932	99.5031
424.939	99.5541
423.951	99.6189
422.967	99.6686
421.987	99.6831
421.012	99.6637
420.042	99.631
419.076	99.6121
418.115	99.6231
417.158	99.6606
416.205	99.7046
415.257	99.7329
414.313	99.7342
413.373	99.7146
412.437	99.692
411.506	99.6844
410.579	99.6987
409.656	99.7275
408.737	99.7546
407.823	99.7653
406.912	99.7561
406.005	99.7355
405.103	99.7188
404.204	99.7179
403.31	99.7339
402.419	99.7567
401.533	99.7713
400.65	99.7682
399.771	99.7494
398.896	99.7274
398.025	99.7167
397.157	99.7239
396.294	99.7429
395.434	99.7589
394.578	99.7589
393.725	99.741
392.877	99.7161
392.031	99.7001
391.19	99.7027
390.352	99.7196
389.518	99.7363
388.687	99.7378
387.86	99.7207
387.036	99.6951
386.216	99.6777
385.399	99.6786
384.586	99.6941
383.776	99.7095
382.969	99.7109
382.166	99.6958
381.367	99.6752
380.57	99.665
379.777	99.6728
378.987	99.6918
378.201	99.7061
377.418	99.7037
376.638	99.6862
375.861	99.6683
375.087	99.6664
374.317	99.6849
373.55	99.7129
372.785	99.7328
372.024	99.7349
371.267	99.7261
370.512	99.7238
369.76	99.7409
369.011	99.772
368.266	99.7939
367.523	99.7811
366.783	99.7259
366.047	99.6466
365.313	99.5774
364.582	99.5455
363.854	99.5532
363.129	99.5773
362.407	99.5873
361.688	99.5689
360.971	99.5344
360.258	99.5122
359.547	99.5235
358.839	99.5646
358.134	99.6087
357.432	99.6257
356.732	99.6061
356.035	99.5688
355.341	99.5468
354.649	99.5618
353.96	99.6068
353.274	99.651
352.591	99.6635
351.91	99.6375
351.232	99.5958
350.556	99.5739
349.883	99.5923
349.213	99.6399
348.545	99.6827
347.879	99.6896
347.217	99.6571
346.556	99.6126
345.899	99.5933
345.243	99.6171
344.591	99.668
343.94	99.708
343.292	99.7063
342.647	99.6641
342.004	99.6146
341.363	99.598
340.725	99.6305
340.089	99.6906
339.456	99.7343
338.825	99.729
338.196	99.6786
337.569	99.6225
336.945	99.6074
336.324	99.6516
335.704	99.7309
335.087	99.7939
334.472	99.7984
333.859	99.74
333.249	99.6541
332.64	99.5892
332.034	99.5727
331.43	99.5939
330.829	99.6161
330.229	99.6068
329.632	99.5633
329.037	99.5138
328.444	99.4939
327.853	99.5183
327.264	99.5687
326.678	99.6075
326.093	99.6063
325.511	99.5667
324.93	99.5188
324.352	99.4973
323.776	99.5154
323.201	99.5556
322.629	99.5842
322.059	99.5775
321.491	99.54
320.925	99.5001
320.361	99.488
319.799	99.5119
319.238	99.5527
318.68	99.5787
318.124	99.5705
317.57	99.5354
317.017	99.5013
316.467	99.4948
315.918	99.5206
315.371	99.5583
314.826	99.5785
314.284	99.5652
313.743	99.5286
313.203	99.4965
312.666	99.4934
312.13	99.5214
311.597	99.5587
311.065	99.576
310.535	99.5584
310.007	99.5164
309.48	99.4782
308.956	99.4692
308.433	99.4935
307.912	99.5324
307.392	99.5583
306.875	99.555
306.359	99.5286
305.845	99.5016
305.332	99.4965
304.821	99.5196
304.312	99.5579
303.805	99.59
303.3	99.601
302.796	99.592
302.293	99.5758
301.793	99.5658
301.294	99.5652
300.797	99.5665
300.301	99.559
299.807	99.5397
299.314	99.5166
298.824	99.5029
298.335	99.5072
297.847	99.5257
297.361	99.5453
296.877	99.5522
296.394	99.5424
295.912	99.5238
295.433	99.5101
294.955	99.5105
294.478	99.5231
294.003	99.5367
293.529	99.5395
293.057	99.5277
292.587	99.5081
292.118	99.4927
291.65	99.4897
291.184	99.4976
290.72	99.5068
290.257	99.5069
289.795	99.4945
289.335	99.4754
288.877	99.4603
288.419	99.4565
287.964	99.4629
287.509	99.4712
287.057	99.4721
286.605	99.4623
286.155	99.4466
285.706	99.4344
285.259	99.4325
284.813	99.4401
284.369	99.45
283.926	99.454
283.484	99.4489
283.044	99.4391
282.605	99.4321
282.168	99.433
281.731	99.4399
281.297	99.4454
280.863	99.4427
280.431	99.4315
280	99.4188
