1200	0.352769
1192.15	0.355948
1184.4	0.358832
1176.75	0.361784
1169.21	0.364875
1161.75	0.367799
1154.39	0.370183
1147.13	0.371977
1139.95	0.3735
1132.86	0.375086
1125.87	0.376713
1118.95	0.378019
1112.13	0.378678
1105.38	0.378748
1098.72	0.378601
1092.13	0.378514
1085.63	0.378369
1079.2	0.377771
1072.84	0.376474
1066.56	0.374643
1060.36	0.372671
1054.23	0.370758
1048.16	0.368692
1042.17	0.366085
1036.24	0.362789
1030.38	0.359062
1024.59	0.355287
1018.86	0.351568
1013.2	0.347624
1007.6	0.343102
1002.06	0.337965
996.576	0.332538
991.156	0.327164
985.795	0.321848
980.491	0.316264
975.244	0.310126
970.053	0.303505
964.917	0.296761
959.835	0.29017
954.806	0.283643
949.83	0.27685
944.905	0.269587
940.031	0.262014
935.207	0.254494
930.433	0.247218
925.707	0.240032
921.028	0.232623
916.397	0.224879
911.812	0.217021
907.273	0.209382
902.778	0.202074
898.328	0.194897
893.922	0.187583
889.559	0.1801
885.238	0.172698
880.958	0.165661
876.72	0.159033
872.523	0.152598
868.365	0.14614
864.247	0.139683
860.168	0.133477
856.127	0.127756
852.124	0.122512
848.159	0.117537
844.23	0.112656
840.337	0.107923
836.48	0.10357
832.658	0.0997855
828.871	0.0965386
825.118	0.0936312
821.399	0.0909117
817.714	0.0884348
814.061	0.0864122
810.441	0.0850081
806.853	0.0841841
803.296	0.083743
799.771	0.0835274
796.277	0.0835782
792.813	0.0840989
789.379	0.0852556
785.974	0.0870059
782.599	0.0891283
779.253	0.0914311
775.935	0.0939437
772.645	0.0968913
769.383	0.100464
766.149	0.104601
762.941	0.109019
759.761	0.113475
756.606	0.11801
753.478	0.122914
750.376	0.128412
747.299	0.134389
744.247	0.140456
741.22	0.146318
738.218	0.152082
735.239	0.158149
732.285	0.164769
729.354	0.171716
726.447	0.178447
723.563	0.184646
720.702	0.190561
717.863	0.19676
715.046	0.203485
712.251	0.210298
709.479	0.216457
706.727	0.221678
703.997	0.226483
701.288	0.231677
698.6	0.23741
695.932	0.242857
693.285	0.246954
690.657	0.249557
688.05	0.25174
685.462	0.254721
682.893	0.258283
680.344	0.26035
677.814	0.258447
675.302	0.252008
672.809	0.243472
670.334	0.236939
667.878	0.235286
665.439	0.23808
663.018	0.242022
660.615	0.243518
658.229	0.241187
655.86	0.236313
653.508	0.231136
651.173	0.226738
648.854	0.22239
646.553	0.216712
644.267	0.209328
641.997	0.201391
639.744	0.194586
637.506	0.189675
635.283	0.185928
633.077	0.181873
630.885	0.176553
628.709	0.170167
626.547	0.163671
624.4	0.157872
622.268	0.152876
620.151	0.148237
618.048	0.143484
615.959	0.13847
613.884	0.13331
611.823	0.128111
609.776	0.122815
607.742	0.117286
605.723	0.111464
603.716	0.105425
601.723	0.0992938
599.742	0.0931458
597.775	0.0869878
595.821	0.0808076
593.879	0.0746213
591.95	0.0684766
590.034	0.0624299
588.13	0.056534
586.238	0.0508355
584.358	0.0453686
582.49	0.0401479
580.634	0.0351767
578.79	0.0304743
576.958	0.026091
575.137	0.022087
573.328	0.0184915
571.53	0.0152896
569.743	0.012456
567.967	0.01
566.203	0.00797035
564.449	0.00641176
562.706	0.00532443
560.974	0.0046726
559.253	0.00443078
557.542	0.00461124
555.841	0.00524147
554.151	0.00632312
552.471	0.0078252
550.802	0.00971741
549.142	0.011995
547.492	0.0146582
545.852	0.0176737
544.222	0.0209778
542.602	0.0245275
540.991	0.0283329
539.39	0.0324112
537.798	0.0367021
536.216	0.0410562
534.643	0.0453438
533.079	0.049578
531.524	0.0538909
529.979	0.0583434
528.442	0.0627669
526.914	0.066854
525.395	0.0704733
523.885	0.0738839
522.383	0.0775428
520.89	0.0815811
519.405	0.0854336
517.929	0.0880794
516.461	0.0888285
515.002	0.0880205
513.551	0.0869742
512.108	0.0871287
510.673	0.0890378
509.246	0.0920244
507.827	0.0947384
506.415	0.0960955
505.012	0.0958247
503.616	0.0942967
502.229	0.0919656
500.848	0.0889848
499.476	0.0852202
498.111	0.0804251
496.753	0.0742892
495.402	0.0664385
494.059	0.056732
492.724	0.0459513
491.395	0.036393
490.074	0.0315974
488.759	0.0349398
487.452	0.0477622
486.152	0.0682956
484.858	0.0922235
483.572	0.114609
482.292	0.131962
481.019	0.143217
479.753	0.149266
478.493	0.151699
477.24	0.151749
475.994	0.15001
474.754	0.146745
473.52	0.14228
472.293	0.137082
471.072	0.131564
469.858	0.125894
468.649	0.120014
467.447	0.113819
466.251	0.107352
465.062	0.100835
463.878	0.0945523
462.7	0.0886819
461.528	0.0832166
460.362	0.0780664
459.202	0.0732988
458.048	0.0693586
456.9	0.0670611
455.757	0.0672649
454.62	0.0703643
453.489	0.0759209
452.363	0.0827194
451.243	0.0892572
450.129	0.0943725
449.02	0.0976223
447.916	0.099224
446.818	0.0996903
445.725	0.0994666
444.638	0.0987859
443.556	0.0977361
442.479	0.0963783
441.407	0.0947899
440.34	0.0930349
439.279	0.0911362
438.223	0.0890959
437.171	0.0869308
436.125	0.0846785
435.084	0.0823725
434.048	0.0800282
433.017	0.0776585
431.99	0.0752926
430.969	0.072963
429.952	0.0706736
428.94	0.0683961
427.933	0.0661188
426.93	0.0638953
425.932	0.0618242
424.939	0.0599511
423.951	0.0581861
422.967	0.0563415
421.987	0.0542918
421.012	0.0521317
420.042	0.0501793
419.076	0.048794
418.115	0.0481369
417.158	0.0480516
416.205	0.0481486
415.257	0.0480189
414.313	0.0474201
413.373	0.0463333
412.437	0.0448969
411.506	0.0433002
410.579	0.0417081
409.656	0.0402347
408.737	0.0389461
407.823	0.0378745
406.912	0.0370319
406.005	0.0364207
405.103	0.0360302
404.204	0.0358248
403.31	0.035742
402.419	0.0357145
401.533	0.0357064
400.65	0.0357275
399.771	0.0358066
398.896	0.0359467
398.025	0.0361093
397.157	0.0362514
396.294	0.0363798
395.434	0.0365631
394.578	0.036881
393.725	0.0373563
392.877	0.037936
392.031	0.0385388
391.19	0.0391128
390.352	0.0396386
389.518	0.0400725
388.687	0.0403063
387.86	0.0402106
387.036	0.0397471
386.216	0.0390469
385.399	0.0383622
384.586	0.0379096
383.776	0.0377305
382.969	0.037689
382.166	0.0376067
381.367	0.0374106
380.57	0.0371597
379.777	0.0369366
378.987	0.0367207
378.201	0.0363774
377.418	0.0357769
376.638	0.0349203
375.861	0.0339348
375.087	0.0329318
374.317	0.0318661
373.55	0.0305539
372.785	0.0288467
372.024	0.0267939
371.267	0.0246062
370.512	0.0224296
369.76	0.0201455
369.011	0.0174286
368.266	0.01405
367.523	0.0101323
366.783	0.0060542
366.047	0.00203377
365.313	-0.00218593
364.582	-0.00709107
363.854	-0.012596
363.129	-0.0173077
362.407	-0.0186503
361.688	-0.0140933
360.971	-0.00281281
360.258	0.0133981
359.547	0.0307388
358.839	0.0452228
358.134	0.054513
357.432	0.0586009
356.732	0.0590836
356.035	0.0578055
355.341	0.055921
354.649	0.0538525
353.96	0.051788
353.274	0.0500354
352.591	0.0489234
351.91	0.0485144
351.232	0.0485645
350.556	0.0488157
349.883	0.0492849
349.213	0.0502068
348.545	0.051693
347.879	0.053509
347.217	0.0552505
346.556	0.0567423
345.899	0.0582086
345.243	0.0599947
344.591	0.0621242
343.94	0.064195
343.292	0.0657662
342.647	0.0668405
342.004	0.0678878
341.363	0.0693247
340.725	0.0709741
340.089	0.0721303
339.456	0.0722658
338.825	0.0717122
338.196	0.0715726
337.569	0.0728223
336.945	0.0753724
336.324	0.0779912
335.704	0.0792291
335.087	0.0785684
334.472	0.076798
333.859	0.0753169
333.249	0.0750222
332.64	0.0757567
332.034	0.0767138
331.43	0.0773093
330.829	0.077679
330.229	0.0784181
329.632	0.0799321
329.037	0.0820905
328.444	0.0844947
327.853	0.0870257
327.264	0.0900786
326.678	0.0942195
326.093	0.0995753
325.511	0.105508
324.93	0.110861
324.352	0.114565
323.776	0.116131
323.201	0.115712
322.629	0.113791
322.059	0.110813
321.491	0.107041
320.925	0.102664
320.361	0.0979977
319.799	0.09354
319.238	0.0898198
318.68	0.0871193
318.124	0.0852846
317.57	0.0837891
317.017	0.0820417
316.467	0.0797412
315.918	0.0770188
315.371	0.07426
314.826	0.0717572
314.284	0.0694929
313.743	0.067233
313.203	0.0648269
312.666	0.0624063
312.13	0.0602814
311.597	0.0586353
311.065	0.0573345
310.535	0.0560617
310.007	0.0546486
309.48	0.0532756
308.956	0.0523343
308.433	0.0520981
307.912	0.0525525
307.392	0.05357
306.875	0.0552486
306.359	0.0580441
305.845	0.0625194
305.332	0.0689183
304.821	0.0769529
304.312	0.0859796
303.805	0.0953685
303.3	0.104708
302.796	0.113705
302.293	0.121976
301.793	0.129029
301.294	0.134505
300.797	0.138425
300.301	0.14119
299.807	0.143288
299.314	0.145007
298.824	0.146397
298.335	0.147475
297.847	0.148411
297.361	0.149477
296.877	0.150835
296.394	0.152394
295.912	0.153919
295.433	0.155276
294.955	0.15655
294.478	0.157932
294.003	0.159507
293.529	0.161175
293.057	0.162784
292.587	0.164314
292.118	0.165901
291.65	0.167685
291.184	0.169655
290.72	0.171669
290.257	0.173622
289.795	0.175564
289.335	0.177639
288.877	0.179916
288.419	0.182306
287.964	0.184662
287.509	0.186936
287.057	0.189227
286.605	0.191654
286.155	0.194196
285.706	0.196686
285.259	0.198944
284.813	0.200912
284.369	0.202634
283.926	0.204129
283.484	0.205318
283.044	0.206114
282.605	0.206573
282.168	0.206919
281.731	0.207392
281.297	0.208039
280.863	0.20868
280.431	0.209067
280	0.209101
