1200	75.6321
1192.15	75.9904
1184.4	76.2799
1176.75	76.5264
1169.21	76.7864
1161.75	77.1013
1154.39	77.4626
1147.13	77.8184
1139.95	78.1161
1132.86	78.3448
1125.87	78.5452
1118.95	78.7758
1112.13	79.0654
1105.38	79.3888
1098.72	79.6867
1092.13	79.9147
1085.63	80.079
1079.2	80.2325
1072.84	80.4309
1066.56	80.6876
1060.36	80.9618
1054.23	81.1915
1048.16	81.3442
1042.17	81.4436
1036.24	81.551
1030.38	81.7151
1024.59	81.932
1018.86	82.1479
1013.2	82.3022
1007.6	82.3777
1002.06	82.4143
996.576	82.4778
991.156	82.6058
985.795	82.7766
980.491	82.9267
975.244	83.0015
970.053	83
964.917	82.9765
959.835	82.9965
954.806	83.0838
949.83	83.2007
944.905	83.2773
940.031	83.2671
935.207	83.1834
930.433	83.0892
925.707	83.0491
921.028	83.0831
916.397	83.1597
911.812	83.2309
907.273	83.2768
902.778	83.3204
898.328	83.3998
893.922	83.5226
889.559	83.6458
885.238	83.7031
880.958	83.6615
876.72	83.5581
872.523	83.4816
868.365	83.5073
864.247	83.6334
860.168	83.7737
856.127	83.8182
852.124	83.7188
848.159	83.5332
844.23	83.3877
840.337	83.3827
836.48	83.5117
832.658	83.6597
828.871	83.6868
825.118	83.537
821.399	83.2865
817.714	83.0919
814.061	83.0716
810.441	83.2121
806.853	83.3722
803.296	83.3872
799.771	83.196
796.277	82.894
792.813	82.6659
789.379	82.6475
785.974	82.818
782.599	83.0097
779.253	83.0302
775.935	82.8087
772.645	82.4552
769.383	82.1846
766.149	82.1578
762.941	82.3597
759.761	82.6036
756.606	82.6659
753.478	82.451
750.376	82.0676
747.299	81.7591
744.247	81.7383
741.22	82.0446
738.218	82.5266
735.239	82.9555
732.285	83.1844
729.354	83.234
726.447	83.2493
723.563	83.3667
720.702	83.5977
717.863	83.8195
715.046	83.8752
712.251	83.7056
709.479	83.4068
706.727	83.1697
703.997	83.146
701.288	83.3407
698.6	83.6121
695.932	83.7766
693.285	83.7396
690.657	83.5558
688.05	83.3782
685.462	83.3392
682.893	83.4533
680.344	83.6149
677.814	83.685
675.302	83.5988
672.809	83.4109
670.334	83.2489
667.878	83.2129
665.439	83.3025
663.018	83.4234
660.615	83.4644
658.229	83.3839
655.86	83.2368
653.508	83.1263
651.173	83.1206
648.854	83.2018
646.553	83.2848
644.267	83.2893
641.997	83.2057
639.744	83.1028
637.506	83.0731
635.283	83.1593
633.077	83.3205
630.885	83.4635
628.709	83.5139
626.547	83.4705
624.4	83.4018
622.268	83.3891
620.151	83.4614
618.048	83.5745
615.959	83.648
613.884	83.6315
611.823	83.5457
609.776	83.4674
607.742	83.4697
605.723	83.5651
603.716	83.6957
601.723	83.778
599.742	83.7672
597.775	83.6919
595.821	83.6323
593.879	83.6584
591.95	83.7771
590.034	83.9267
588.13	84.0237
586.238	84.0248
584.358	83.9592
582.49	83.9058
580.634	83.9336
578.79	84.0513
576.958	84.2009
575.137	84.3008
573.328	84.3045
571.53	84.2322
569.743	84.1549
567.967	84.142
566.203	84.2129
564.449	84.3252
562.706	84.4062
560.974	84.403
559.253	84.3171
557.542	84.2001
555.841	84.1192
554.151	84.1158
552.471	84.1852
550.802	84.2869
549.142	84.3754
547.492	84.4288
545.852	84.4609
544.222	84.5117
542.602	84.6278
540.991	84.8418
539.39	85.1601
537.798	85.5607
536.216	85.9995
534.643	86.423
533.079	86.7858
531.524	87.0672
529.979	87.2791
528.442	87.4586
526.914	87.6489
525.395	87.8759
523.885	88.1369
522.383	88.407
520.89	88.6597
519.405	88.8868
517.929	89.1035
516.461	89.3345
515.002	89.5929
513.551	89.867
512.108	90.1273
510.673	90.3475
509.246	90.5251
507.827	90.6837
506.415	90.8567
505.012	91.0624
503.616	91.2908
502.229	91.5108
500.848	91.6943
499.476	91.8371
498.111	91.9627
496.753	92.1043
495.402	92.2801
494.059	92.4797
492.724	92.6725
491.395	92.8312
490.074	92.9521
488.759	93.0582
487.452	93.1811
486.152	93.3372
484.858	93.5159
483.572	93.688
482.292	93.8282
481.019	93.9337
479.753	94.0263
478.493	94.1348
477.24	94.2738
475.994	94.4329
474.754	94.5858
473.52	94.7097
472.293	94.8026
471.072	94.883
469.858	94.9757
468.649	95.0936
467.447	95.2288
466.251	95.3602
465.062	95.469
463.878	95.5514
462.7	95.618
461.528	95.6835
460.362	95.7544
459.202	95.8268
458.048	95.8929
456.9	95.9517
455.757	96.0118
454.62	96.0852
453.489	96.1754
452.363	96.2713
451.243	96.3525
450.129	96.4043
449.02	96.4296
447.916	96.4495
446.818	96.4898
445.725	96.5634
444.638	96.6596
443.556	96.7501
442.479	96.8066
441.407	96.8192
440.34	96.8028
439.279	96.7874
438.223	96.7999
437.171	96.8494
436.125	96.9246
435.084	97.0039
434.048	97.0694
433.017	97.1158
431.99	97.1496
430.969	97.1802
429.952	97.213
428.94	97.2471
427.933	97.2788
426.93	97.3072
425.932	97.3352
424.939	97.3669
423.951	97.4024
422.967	97.4368
421.987	97.4627
421.012	97.4763
420.042	97.4812
419.076	97.4867
418.115	97.5017
417.158	97.5288
416.205	97.5618
415.257	97.5897
414.313	97.6034
413.373	97.602
412.437	97.593
411.506	97.5877
410.579	97.5946
409.656	97.6137
408.737	97.6365
407.823	97.651
406.912	97.6484
406.005	97.6288
405.103	97.6013
404.204	97.5792
403.31	97.5725
402.419	97.5811
401.533	97.5938
400.65	97.5939
399.771	97.5696
398.896	97.5222
398.025	97.4671
397.157	97.4253
396.294	97.4106
395.434	97.419
394.578	97.4301
393.725	97.4191
392.877	97.3741
392.031	97.3059
391.19	97.2435
390.352	97.2159
389.518	97.2325
388.687	97.2748
387.86	97.3072
387.036	97.3007
386.216	97.2533
385.399	97.1935
384.586	97.1626
383.776	97.1861
382.969	97.2559
382.166	97.3331
381.367	97.3737
380.57	97.358
379.777	97.3052
378.987	97.2615
378.201	97.2698
377.418	97.3405
376.638	97.4439
375.861	97.5289
375.087	97.5564
374.317	97.5246
373.55	97.4705
372.785	97.4455
372.024	97.4836
371.267	97.58
370.512	97.6959
369.76	97.7826
369.011	97.8113
368.266	97.7892
367.523	97.755
366.783	97.7581
366.047	97.8351
365.313	97.9952
364.582	98.2186
363.854	98.4673
363.129	98.6988
362.407	98.8812
361.688	99.0036
360.971	99.0803
360.258	99.1467
359.547	99.2437
358.839	99.3968
358.134	99.5984
357.432	99.8064
356.732	99.9632
356.035	100.029
355.341	100.011
354.649	99.968
353.96	99.9889
353.274	100.145
352.591	100.456
351.91	100.874
351.232	101.312
350.556	101.682
349.883	101.93
349.213	102.048
348.545	102.051
347.879	101.956
347.217	101.768
346.556	101.488
345.899	101.138
345.243	100.77
344.591	100.457
343.94	100.257
343.292	100.185
342.647	100.204
342.004	100.249
341.363	100.271
340.725	100.265
340.089	100.267
339.456	100.324
338.825	100.455
338.196	100.629
337.569	100.791
336.945	100.896
336.324	100.942
335.704	100.971
335.087	101.039
334.472	101.167
333.859	101.33
333.249	101.471
332.64	101.546
332.034	101.556
331.43	101.554
330.829	101.601
330.229	101.729
329.632	101.906
329.037	102.065
328.444	102.145
327.853	102.135
327.264	102.088
326.678	102.079
326.093	102.156
325.511	102.304
324.93	102.454
324.352	102.537
323.776	102.526
323.201	102.461
322.629	102.415
322.059	102.445
321.491	102.548
320.925	102.667
320.361	102.732
319.799	102.712
319.238	102.635
318.68	102.568
318.124	102.562
317.57	102.619
317.017	102.687
316.467	102.702
315.918	102.643
315.371	102.546
314.826	102.485
314.284	102.517
313.743	102.637
313.203	102.777
312.666	102.854
312.13	102.828
311.597	102.73
311.065	102.643
310.535	102.643
310.007	102.74
309.48	102.872
308.956	102.944
308.433	102.899
307.912	102.76
307.392	102.616
306.875	102.564
306.359	102.642
305.845	102.802
305.332	102.94
304.821	102.97
304.312	102.879
303.805	102.736
303.3	102.647
302.796	102.678
302.293	102.814
301.793	102.973
301.294	103.064
300.797	103.047
300.301	102.961
299.807	102.892
299.314	102.91
298.824	103.019
298.335	103.16
297.847	103.251
297.361	103.245
296.877	103.166
296.394	103.083
295.912	103.067
295.433	103.141
294.955	103.263
294.478	103.365
294.003	103.4
293.529	103.373
293.057	103.334
292.587	103.343
292.118	103.419
291.65	103.536
291.184	103.637
290.72	103.683
290.257	103.677
289.795	103.662
289.335	103.688
288.877	103.773
288.419	103.894
287.964	104.003
287.509	104.064
287.057	104.082
286.605	104.095
286.155	104.149
285.706	104.259
285.259	104.401
284.813	104.529
284.369	104.611
283.926	104.649
283.484	104.683
283.044	104.757
282.605	104.886
282.168	105.045
281.731	105.185
281.297	105.266
280.863	105.285
280.431	105.272
280	105.275
