1200	99.624
1192.15	99.62
1184.4	99.616
1176.75	99.6137
1169.21	99.6133
1161.75	99.6132
1154.39	99.6115
1147.13	99.6085
1139.95	99.6061
1132.86	99.6058
1125.87	99.6071
1118.95	99.6081
1112.13	99.6075
1105.38	99.6059
1098.72	99.6054
1092.13	99.6072
1085.63	99.6102
1079.2	99.6125
1072.84	99.6131
1066.56	99.6132
1060.36	99.6148
1054.23	99.6186
1048.16	99.6233
1042.17	99.6267
1036.24	99.6285
1030.38	99.6302
1024.59	99.6338
1018.86	99.6395
1013.2	99.6454
1007.6	99.6497
1002.06	99.6525
996.576	99.6557
991.156	99.661
985.795	99.668
980.491	99.6747
975.244	99.6794
970.053	99.6828
964.917	99.6871
959.835	99.6936
954.806	99.7015
949.83	99.7082
944.905	99.7128
940.031	99.7163
935.207	99.7212
930.433	99.7283
925.707	99.7362
921.028	99.7424
916.397	99.7462
911.812	99.7493
907.273	99.7543
902.778	99.7614
898.328	99.7686
893.922	99.7734
889.559	99.7758
885.238	99.7781
880.958	99.7827
876.72	99.7891
872.523	99.7949
868.365	99.7977
864.247	99.7982
860.168	99.7993
856.127	99.803
852.124	99.8083
848.159	99.812
844.23	99.8123
840.337	99.8107
836.48	99.8104
832.658	99.8131
828.871	99.8167
825.118	99.818
821.399	99.8155
817.714	99.8117
814.061	99.8101
810.441	99.8117
806.853	99.8136
803.296	99.8122
799.771	99.8069
796.277	99.8012
792.813	99.7987
789.379	99.7995
785.974	99.7997
782.599	99.7956
779.253	99.7879
775.935	99.7809
772.645	99.7781
769.383	99.7786
766.149	99.7773
762.941	99.771
759.761	99.7614
756.606	99.7539
753.478	99.7519
750.376	99.7527
747.299	99.7504
744.247	99.742
741.22	99.7312
738.218	99.7245
735.239	99.7244
732.285	99.7263
729.354	99.7233
726.447	99.7133
723.563	99.7023
720.702	99.6978
717.863	99.7009
715.046	99.7046
712.251	99.7008
709.479	99.6894
706.727	99.679
703.997	99.6784
701.288	99.6864
698.6	99.6924
695.932	99.6872
693.285	99.6736
690.657	99.6648
688.05	99.6708
685.462	99.6864
682.893	99.6949
680.344	99.6854
677.814	99.6665
675.302	99.6605
672.809	99.6812
670.334	99.7169
667.878	99.7366
665.439	99.7185
663.018	99.6737
660.615	99.6405
658.229	99.6518
655.86	99.7044
653.508	99.759
651.173	99.7741
648.854	99.7433
646.553	99.7007
644.267	99.6895
641.997	99.7215
639.744	99.7675
637.506	99.7858
635.283	99.763
633.077	99.7262
630.885	99.716
628.709	99.7466
626.547	99.7915
624.4	99.8099
622.268	99.7869
620.151	99.7482
618.048	99.735
615.959	99.763
613.884	99.8075
611.823	99.8274
609.776	99.806
607.742	99.7674
605.723	99.7524
603.716	99.7782
601.723	99.8217
599.742	99.8429
597.775	99.8242
595.821	99.7879
593.879	99.7726
591.95	99.7952
590.034	99.8339
588.13	99.851
586.238	99.8309
584.358	99.7953
582.49	99.7811
580.634	99.8029
578.79	99.8387
576.958	99.8523
575.137	99.8303
573.328	99.7952
571.53	99.7824
569.743	99.8044
567.967	99.8378
566.203	99.8476
564.449	99.8225
562.706	99.7867
560.974	99.7752
559.253	99.7988
557.542	99.8323
555.841	99.8399
554.151	99.8107
552.471	99.7693
550.802	99.7518
549.142	99.7708
547.492	99.8041
545.852	99.8175
544.222	99.7989
542.602	99.7679
540.991	99.7547
539.39	99.7688
537.798	99.791
536.216	99.7945
534.643	99.7731
533.079	99.7472
531.524	99.7415
529.979	99.7592
528.442	99.7788
526.914	99.7769
525.395	99.7532
523.885	99.7309
522.383	99.7319
520.89	99.7538
519.405	99.7715
517.929	99.7634
516.461	99.735
515.002	99.7147
513.551	99.7249
512.108	99.7582
510.673	99.782
509.246	99.7699
507.827	99.7279
506.415	99.6905
505.012	99.6894
503.616	99.7244
502.229	99.7649
500.848	99.7786
499.476	99.7605
498.111	99.7346
496.753	99.7285
495.402	99.7473
494.059	99.7718
492.724	99.7793
491.395	99.7672
490.074	99.7536
488.759	99.7584
487.452	99.783
486.152	99.8102
484.858	99.8222
483.572	99.8164
482.292	99.8049
481.019	99.7983
479.753	99.7933
478.493	99.7761
477.24	99.7388
475.994	99.6901
474.754	99.65
473.52	99.6323
472.293	99.6337
471.072	99.6387
469.858	99.6348
468.649	99.6229
467.447	99.6134
466.251	99.6143
465.062	99.6231
463.878	99.6314
462.7	99.6342
461.528	99.6343
460.362	99.637
459.202	99.6435
458.048	99.6486
456.9	99.6482
455.757	99.6441
454.62	99.6431
453.489	99.6492
452.363	99.6582
451.243	99.6626
450.129	99.6597
449.02	99.6556
447.916	99.6585
446.818	99.6695
445.725	99.6799
444.638	99.68
443.556	99.67
442.479	99.6607
441.407	99.6631
440.34	99.6762
439.279	99.6866
438.223	99.6817
437.171	99.6632
436.125	99.646
435.084	99.6446
434.048	99.658
433.017	99.6703
431.99	99.6665
430.969	99.6472
429.952	99.6284
428.94	99.6252
427.933	99.6365
426.93	99.6467
425.932	99.6415
424.939	99.623
423.951	99.6072
422.967	99.6073
421.987	99.62
421.012	99.6284
420.042	99.6195
419.076	99.5984
418.115	99.5828
417.158	99.5851
416.205	99.5994
415.257	99.6074
414.313	99.5976
413.373	99.5772
412.437	99.5648
411.506	99.5714
410.579	99.5883
409.656	99.5962
408.737	99.5848
407.823	99.5639
406.912	99.5535
406.005	99.563
405.103	99.5813
404.204	99.5877
403.31	99.5736
402.419	99.5514
401.533	99.5421
400.65	99.5533
399.771	99.5715
398.896	99.5754
398.025	99.558
397.157	99.5341
396.294	99.5255
395.434	99.5382
394.578	99.5563
393.725	99.5577
392.877	99.5372
392.031	99.5119
391.19	99.5042
390.352	99.5186
389.518	99.5371
388.687	99.537
387.86	99.5141
387.036	99.4873
386.216	99.4791
385.399	99.4932
384.586	99.5109
383.776	99.5102
382.969	99.4887
382.166	99.4652
381.367	99.4608
380.57	99.4765
379.777	99.4928
378.987	99.4897
378.201	99.4676
377.418	99.4469
376.638	99.4464
375.861	99.4641
375.087	99.479
374.317	99.473
373.55	99.4502
372.785	99.4325
372.024	99.4369
371.267	99.4573
370.512	99.4709
369.76	99.4621
369.011	99.4389
368.266	99.4249
367.523	99.4344
366.783	99.4561
366.047	99.4643
365.313	99.4455
364.582	99.4138
363.854	99.397
363.129	99.4077
362.407	99.4283
361.688	99.4276
360.971	99.3929
360.258	99.3453
359.547	99.322
358.839	99.3404
358.134	99.3804
357.432	99.4021
356.732	99.3843
356.035	99.3438
355.341	99.3188
354.649	99.3313
353.96	99.3656
353.274	99.3845
352.591	99.367
351.91	99.329
351.232	99.3073
350.556	99.3228
349.883	99.3592
349.213	99.379
348.545	99.3605
347.879	99.3195
347.217	99.2929
346.556	99.3031
345.899	99.3358
345.243	99.3555
344.591	99.3408
343.94	99.305
343.292	99.2824
342.647	99.2932
342.004	99.324
341.363	99.3424
340.725	99.3293
340.089	99.2978
339.456	99.2793
338.825	99.2906
338.196	99.3181
337.569	99.3316
336.945	99.3153
336.324	99.2837
335.704	99.2663
335.087	99.2774
334.472	99.302
333.859	99.3116
333.249	99.2931
332.64	99.2621
332.034	99.2464
331.43	99.2581
330.829	99.2815
330.229	99.2896
329.632	99.2713
329.037	99.2424
328.444	99.2287
327.853	99.2401
327.264	99.261
326.678	99.2666
326.093	99.2483
325.511	99.2216
324.93	99.2095
324.352	99.2188
323.776	99.2333
323.201	99.231
322.629	99.2062
322.059	99.1749
321.491	99.1577
320.925	99.1581
320.361	99.1603
319.799	99.1462
319.238	99.1149
318.68	99.0849
318.124	99.0747
317.57	99.0846
317.017	99.0963
316.467	99.0919
315.918	99.072
315.371	99.0545
314.826	99.0555
314.284	99.0724
313.743	99.0868
313.203	99.0833
312.666	99.0651
312.13	99.0507
311.597	99.0543
311.065	99.071
310.535	99.0823
310.007	99.0752
309.48	99.0558
308.956	99.0427
308.433	99.0475
307.912	99.063
307.392	99.0703
306.875	99.0591
306.359	99.0381
305.845	99.0265
305.332	99.0337
304.821	99.0499
304.312	99.0555
303.805	99.0415
303.3	99.0185
302.796	99.0058
302.293	99.0119
301.793	99.0261
301.294	99.0299
300.797	99.0159
300.301	98.9951
299.807	98.9851
299.314	98.9918
298.824	99.0037
298.335	99.0045
297.847	98.9902
297.361	98.9729
296.877	98.9681
296.394	98.9776
295.912	98.9883
295.433	98.9858
294.955	98.9697
294.478	98.9542
294.003	98.9527
293.529	98.9638
293.057	98.9725
292.587	98.9664
292.118	98.9489
291.65	98.9361
291.184	98.9395
290.72	98.9537
290.257	98.9617
289.795	98.9525
289.335	98.9332
288.877	98.9215
288.419	98.9276
287.964	98.9432
287.509	98.9502
287.057	98.9399
286.605	98.9225
286.155	98.9162
285.706	98.9278
285.259	98.9449
284.813	98.948
284.369	98.9316
283.926	98.9106
283.484	98.9056
283.044	98.9214
282.605	98.9411
282.168	98.9434
281.731	98.9241
281.297	98.9014
280.863	98.8975
280.431	98.9156
280	98.9362
