1200	98.3597
1192.15	98.3902
1184.4	98.5561
1176.75	98.7114
1169.21	98.7181
1161.75	98.6185
1154.39	98.5841
1147.13	98.7032
1139.95	98.87
1132.86	98.9148
1125.87	98.8145
1118.95	98.7235
1112.13	98.7829
1105.38	98.9446
1098.72	99.0289
1092.13	98.9472
1085.63	98.8141
1079.2	98.8068
1072.84	98.9449
1066.56	99.0634
1060.36	99.0165
1054.23	98.8605
1048.16	98.7864
1042.17	98.8832
1036.24	99.0244
1030.38	99.0234
1024.59	98.8664
1018.86	98.7334
1013.2	98.7753
1007.6	98.9238
1002.06	98.9727
996.576	98.8355
991.156	98.6576
985.795	98.6373
980.491	98.775
975.244	98.8677
970.053	98.7635
964.917	98.5604
959.835	98.4899
954.806	98.6206
949.83	98.7568
944.905	98.6795
940.031	98.4414
935.207	98.3342
930.433	98.5334
925.707	98.8471
921.028	98.9026
916.397	98.5871
911.812	98.217
907.273	98.1987
902.778	98.5507
898.328	98.8543
893.922	98.7252
889.559	98.2712
885.238	97.9882
880.958	98.1902
876.72	98.6287
872.523	98.7659
868.365	98.4019
864.247	97.9237
860.168	97.866
856.127	98.2806
852.124	98.6598
848.159	98.5217
844.23	97.985
840.337	97.6481
836.48	97.8945
832.658	98.4296
828.871	98.6082
825.118	98.19
821.399	97.6404
817.714	97.6052
814.061	98.15
810.441	98.6567
806.853	98.522
803.296	97.8678
799.771	97.4286
796.277	97.7177
792.813	98.4126
789.379	98.681
785.974	98.1104
782.599	97.2078
779.253	96.902
775.935	97.5794
772.645	98.6933
769.383	99.3408
766.149	99.1497
762.941	98.5317
759.761	98.1121
756.606	98.0502
753.478	98.001
750.376	97.6718
747.299	97.2463
744.247	97.1698
741.22	97.5823
738.218	98.107
735.239	98.2579
732.285	97.9837
729.354	97.7069
726.447	97.82
723.563	98.2344
720.702	98.5037
717.863	98.3574
715.046	98.0101
712.251	97.8935
709.479	98.1451
706.727	98.4589
703.997	98.4604
701.288	98.149
698.6	97.8861
695.932	97.9594
693.285	98.248
690.657	98.3792
688.05	98.1753
685.462	97.8571
682.893	97.7711
680.344	97.9783
677.814	98.1918
675.302	98.1267
672.809	97.836
670.334	97.6378
667.878	97.7318
665.439	97.9682
663.018	98.0353
660.615	97.8329
658.229	97.5843
655.86	97.5627
653.508	97.7668
651.173	97.9313
648.854	97.8483
646.553	97.6118
644.267	97.4974
641.997	97.6307
639.744	97.8433
637.506	97.8809
635.283	97.707
633.077	97.5397
630.885	97.5858
628.709	97.7961
626.547	97.9311
624.4	97.8504
622.268	97.6764
620.151	97.6414
618.048	97.8087
615.959	98.0024
613.884	98.0227
611.823	97.8839
609.776	97.7912
607.742	97.8914
605.723	98.1002
603.716	98.2086
601.723	98.1346
599.742	98.0174
597.775	98.0452
595.821	98.23
593.879	98.3982
591.95	98.4019
590.034	98.2944
588.13	98.2611
586.238	98.3947
584.358	98.5871
582.49	98.6637
580.634	98.5934
578.79	98.5218
576.958	98.5923
575.137	98.7746
573.328	98.9052
571.53	98.8869
569.743	98.8036
567.967	98.8149
566.203	98.962
564.449	99.1203
562.706	99.1539
560.974	99.0808
559.253	99.0485
557.542	99.1515
555.841	99.3141
554.151	99.3816
552.471	99.3108
550.802	99.2266
549.142	99.2741
547.492	99.4421
545.852	99.5709
544.222	99.5388
542.602	99.4085
540.991	99.3566
539.39	99.469
537.798	99.6403
536.216	99.696
534.643	99.5947
533.079	99.4745
531.524	99.4912
529.979	99.6384
528.442	99.7585
526.914	99.7271
525.395	99.5952
523.885	99.5258
522.383	99.6032
520.89	99.7386
519.405	99.7779
517.929	99.6808
516.461	99.5629
515.002	99.5574
513.551	99.6614
512.108	99.745
510.673	99.7049
509.246	99.5824
507.827	99.5094
506.415	99.5536
505.012	99.6437
503.616	99.6577
502.229	99.5648
500.848	99.4567
499.476	99.4364
498.111	99.5003
496.753	99.5474
495.402	99.5002
494.059	99.3921
492.724	99.3235
491.395	99.3436
490.074	99.3973
488.759	99.3935
487.452	99.3117
486.152	99.2213
484.858	99.1983
483.572	99.2381
482.292	99.2648
481.019	99.2212
479.753	99.1337
478.493	99.0797
477.24	99.0978
475.994	99.1436
474.754	99.1397
473.52	99.0631
472.293	98.9753
471.072	98.9632
469.858	99.0525
468.649	99.1792
467.447	99.2461
466.251	99.2088
465.062	99.1147
463.878	99.0616
462.7	99.1142
461.528	99.2475
460.362	99.3668
459.202	99.387
458.048	99.3076
456.9	99.2149
455.757	99.2051
454.62	99.2936
453.489	99.3983
452.363	99.4197
451.243	99.3428
450.129	99.2566
449.02	99.2635
447.916	99.3689
446.818	99.4699
445.725	99.4627
444.638	99.3581
443.556	99.2744
442.479	99.3113
441.407	99.4366
440.34	99.5178
439.279	99.4673
438.223	99.3436
437.171	99.29
436.125	99.3746
435.084	99.5108
434.048	99.5515
433.017	99.4552
431.99	99.3367
430.969	99.3389
429.952	99.4704
428.94	99.5919
427.933	99.5737
426.93	99.4442
425.932	99.361
424.939	99.4314
423.951	99.588
422.967	99.6629
421.987	99.5797
421.012	99.4431
420.042	99.4212
419.076	99.5527
418.115	99.6991
417.158	99.7018
416.205	99.5645
415.257	99.4521
414.313	99.5034
413.373	99.6703
412.437	99.7692
411.506	99.6893
410.579	99.5215
409.656	99.4572
408.737	99.5714
407.823	99.7343
406.912	99.7548
406.005	99.5963
405.103	99.4202
404.204	99.4068
403.31	99.5536
402.419	99.6769
401.533	99.6131
400.65	99.3952
399.771	99.2076
398.896	99.1758
398.025	99.2308
397.157	99.1985
396.294	99.0113
395.434	98.7986
394.578	98.7521
393.725	98.9143
392.877	99.1247
392.031	99.1848
391.19	99.0628
390.352	98.9199
389.518	98.9348
388.687	99.1184
387.86	99.3113
387.036	99.3546
386.216	99.2493
385.399	99.1447
384.586	99.185
383.776	99.3814
382.969	99.6241
382.166	99.7948
381.367	99.8503
380.57	99.8107
379.777	99.7021
378.987	99.5375
378.201	99.3464
377.418	99.1952
376.638	99.1488
375.861	99.2124
375.087	99.3212
374.317	99.3992
373.55	99.4264
372.785	99.4427
372.024	99.4908
371.267	99.5657
370.512	99.6264
369.76	99.6484
369.011	99.6522
368.266	99.6754
367.523	99.726
366.783	99.7742
366.047	99.7912
365.313	99.7847
364.582	99.7887
363.854	99.8211
363.129	99.862
362.407	99.8789
361.688	99.8671
360.971	99.8556
360.258	99.8715
359.547	99.9069
358.839	99.9285
358.134	99.9184
357.432	99.8963
356.732	99.8956
356.035	99.9233
355.341	99.9515
354.649	99.9504
353.96	99.925
353.274	99.9091
352.591	99.925
351.91	99.9569
351.232	99.9696
350.556	99.9504
349.883	99.9244
349.213	99.9249
348.545	99.9539
347.879	99.9801
347.217	99.9756
346.556	99.9488
345.899	99.9345
345.243	99.9529
344.591	99.9862
343.94	99.9999
343.292	99.9831
342.647	99.9607
342.004	99.964
341.363	99.9945
340.725	100.023
340.089	100.023
339.456	100.004
338.825	99.9944
338.196	100.014
337.569	100.046
336.945	100.064
336.324	100.056
335.704	100.044
335.087	100.05
334.472	100.077
333.859	100.103
333.249	100.11
332.64	100.102
332.034	100.102
331.43	100.119
330.829	100.143
330.229	100.156
329.632	100.155
329.037	100.153
328.444	100.163
327.853	100.181
327.264	100.192
326.678	100.193
326.093	100.191
325.511	100.198
324.93	100.211
324.352	100.22
323.776	100.218
323.201	100.215
322.629	100.222
322.059	100.234
321.491	100.24
320.925	100.231
320.361	100.221
319.799	100.226
319.238	100.244
318.68	100.253
318.124	100.236
317.57	100.208
317.017	100.2
316.467	100.227
315.918	100.255
315.371	100.24
314.826	100.176
314.284	100.117
313.743	100.131
313.203	100.225
312.666	100.325
312.13	100.34
311.597	100.256
311.065	100.157
310.535	100.157
310.007	100.291
309.48	100.48
308.956	100.594
308.433	100.56
307.912	100.407
307.392	100.217
306.875	100.053
306.359	99.9183
305.845	99.7999
305.332	99.7082
304.821	99.679
304.312	99.7296
303.805	99.8255
303.3	99.9021
302.796	99.9213
302.293	99.9032
301.793	99.9009
301.294	99.9452
300.797	100.017
300.301	100.07
299.807	100.082
299.314	100.071
298.824	100.075
298.335	100.113
297.847	100.166
297.361	100.204
296.877	100.215
296.394	100.211
295.912	100.217
295.433	100.244
294.955	100.282
294.478	100.312
294.003	100.326
293.529	100.325
293.057	100.325
292.587	100.337
292.118	100.361
291.65	100.388
291.184	100.406
290.72	100.411
290.257	100.412
289.795	100.421
289.335	100.442
288.877	100.461
288.419	100.469
287.964	100.463
287.509	100.462
287.057	100.477
286.605	100.502
286.155	100.516
285.706	100.505
285.259	100.483
284.813	100.479
284.369	100.503
283.926	100.535
283.484	100.54
283.044	100.512
282.605	100.482
282.168	100.487
281.731	100.526
281.297	100.56
280.863	100.548
280.431	100.5
280	100.468
