1200	94.3626
1192.15	94.4259
1184.4	94.6294
1176.75	94.9054
1169.21	95.1012
1161.75	95.1445
1154.39	95.1229
1147.13	95.1912
1139.95	95.4027
1132.86	95.6503
1125.87	95.7804
1118.95	95.7601
1112.13	95.7148
1105.38	95.7941
1098.72	96.0089
1092.13	96.217
1085.63	96.2759
1079.2	96.1979
1072.84	96.1401
1066.56	96.2355
1060.36	96.4472
1054.23	96.6054
1048.16	96.5898
1042.17	96.4623
1036.24	96.4038
1030.38	96.5191
1024.59	96.7206
1018.86	96.8189
1013.2	96.7277
1007.6	96.5609
1002.06	96.514
996.576	96.6522
991.156	96.8348
985.795	96.8624
980.491	96.6935
975.244	96.4963
970.053	96.4722
964.917	96.6359
959.835	96.7903
954.806	96.7329
949.83	96.4799
944.905	96.2649
940.031	96.3033
935.207	96.5635
930.433	96.7894
925.707	96.7594
921.028	96.5149
916.397	96.317
911.812	96.3724
907.273	96.6138
902.778	96.7694
898.328	96.6516
893.922	96.3608
889.559	96.1847
885.238	96.2933
880.958	96.5522
876.72	96.6572
872.523	96.4566
868.365	96.1199
864.247	95.968
860.168	96.1335
856.127	96.4108
852.124	96.4625
848.159	96.176
844.23	95.7949
840.337	95.6754
836.48	95.9116
832.658	96.2228
828.871	96.2349
825.118	95.8738
821.399	95.4611
817.714	95.3944
814.061	95.7314
810.441	96.1079
806.853	96.0941
803.296	95.639
799.771	95.1443
796.277	95.075
792.813	95.4805
789.379	95.9145
785.974	95.8528
782.599	95.2169
779.253	94.4901
775.935	94.3027
772.645	94.8718
769.383	95.8164
766.149	96.506
762.941	96.5937
759.761	96.2408
756.606	95.8648
753.478	95.7093
750.376	95.6693
747.299	95.5056
744.247	95.1774
741.22	94.9221
738.218	95.0036
735.239	95.4105
732.285	95.8351
729.354	95.9637
726.447	95.7794
723.563	95.5642
720.702	95.6035
717.863	95.8973
715.046	96.1727
712.251	96.1746
709.479	95.9274
706.727	95.7015
703.997	95.7272
701.288	95.959
698.6	96.1321
695.932	96.0438
693.285	95.7622
690.657	95.5491
688.05	95.5834
685.462	95.7789
682.893	95.8811
680.344	95.7365
677.814	95.4501
675.302	95.2702
672.809	95.3274
670.334	95.5019
667.878	95.5546
665.439	95.3792
663.018	95.1102
660.615	94.9777
658.229	95.0661
655.86	95.2292
653.508	95.2481
651.173	95.0614
648.854	94.8262
646.553	94.7504
644.267	94.8745
641.997	95.0325
639.744	95.0292
637.506	94.8453
635.283	94.6547
633.077	94.6407
630.885	94.8046
628.709	94.9667
626.547	94.9567
624.4	94.7908
622.268	94.6515
620.151	94.6942
618.048	94.8841
615.959	95.0336
613.884	94.999
611.823	94.8296
609.776	94.7153
607.742	94.7899
605.723	94.9944
603.716	95.1415
601.723	95.1108
599.742	94.9708
597.775	94.9036
595.821	95.0151
593.879	95.228
591.95	95.3663
590.034	95.3393
588.13	95.2329
586.238	95.216
584.358	95.3639
582.49	95.5828
580.634	95.7113
578.79	95.689
576.958	95.6164
575.137	95.6472
573.328	95.8273
571.53	96.0497
569.743	96.169
567.967	96.1528
566.203	96.113
564.449	96.1884
562.706	96.4006
560.974	96.6342
559.253	96.7568
557.542	96.7514
555.841	96.7261
554.151	96.7966
552.471	96.9663
550.802	97.1286
549.142	97.1836
547.492	97.1432
545.852	97.1163
544.222	97.1928
542.602	97.3513
540.991	97.4848
539.39	97.5152
537.798	97.4731
536.216	97.4621
534.643	97.548
533.079	97.6911
531.524	97.7909
529.979	97.7942
528.442	97.7489
526.914	97.7516
525.395	97.8441
523.885	97.9705
522.383	98.0381
520.89	98.0165
519.405	97.9682
517.929	97.9824
516.461	98.0802
515.002	98.1944
513.551	98.2416
512.108	98.2102
510.673	98.172
509.246	98.2063
507.827	98.318
506.415	98.4339
505.012	98.4812
503.616	98.4625
502.229	98.4507
500.848	98.5113
499.476	98.6345
498.111	98.7485
496.753	98.7955
495.402	98.791
494.059	98.803
492.724	98.879
491.395	98.9973
490.074	99.0946
488.759	99.1363
487.452	99.1498
486.152	99.1861
484.858	99.2524
483.572	99.2929
482.292	99.2446
481.019	99.1109
479.753	98.973
478.493	98.9204
477.24	98.9666
475.994	99.0354
474.754	99.0346
473.52	98.9452
472.293	98.8403
471.072	98.8138
469.858	98.8901
468.649	99.0019
467.447	99.0542
466.251	99.0107
465.062	98.9203
463.878	98.8644
462.7	98.881
461.528	98.939
460.362	98.9777
459.202	98.9664
458.048	98.9244
456.9	98.8919
455.757	98.8881
454.62	98.9012
453.489	98.9102
452.363	98.9089
451.243	98.9048
450.129	98.9022
449.02	98.8938
447.916	98.8748
446.818	98.8565
445.725	98.8585
444.638	98.8844
443.556	98.909
442.479	98.9002
441.407	98.8557
440.34	98.8132
439.279	98.8162
438.223	98.8661
437.171	98.9135
436.125	98.9041
435.084	98.837
434.048	98.7724
433.017	98.7745
431.99	98.8436
430.969	98.9096
429.952	98.8984
428.94	98.8093
427.933	98.7204
426.93	98.714
425.932	98.7932
424.939	98.8767
423.951	98.8805
422.967	98.8052
421.987	98.7368
421.012	98.7568
420.042	98.8529
419.076	98.9258
418.115	98.8901
417.158	98.769
416.205	98.679
415.257	98.714
414.313	98.8436
413.373	98.934
412.437	98.8786
411.506	98.7115
410.579	98.5833
409.656	98.6161
408.737	98.7772
407.823	98.9024
406.912	98.8536
406.005	98.6588
405.103	98.4936
404.204	98.5135
403.31	98.7001
402.419	98.8722
401.533	98.8586
400.65	98.6659
399.771	98.4762
398.896	98.4738
398.025	98.6658
397.157	98.8718
396.294	98.8963
395.434	98.7166
394.578	98.5053
393.725	98.4654
392.877	98.6351
392.031	98.8513
391.19	98.9054
390.352	98.7401
389.518	98.5019
388.687	98.4002
387.86	98.5111
387.036	98.7103
386.216	98.7935
385.399	98.6638
384.586	98.4132
383.776	98.232
382.969	98.2421
382.166	98.41
381.367	98.6032
380.57	98.7145
379.777	98.728
378.987	98.6794
378.201	98.5775
377.418	98.3861
376.638	98.0872
375.861	97.748
375.087	97.5033
374.317	97.4553
373.55	97.5831
372.785	97.7576
372.024	97.852
371.267	97.8477
370.512	97.8338
369.76	97.9067
369.011	98.0699
368.266	98.2319
367.523	98.3006
366.783	98.275
366.047	98.2438
365.313	98.2939
364.582	98.4235
363.854	98.5467
363.129	98.5827
362.407	98.5377
361.688	98.4976
360.971	98.5408
360.258	98.6609
359.547	98.7756
358.839	98.8104
358.134	98.771
357.432	98.7332
356.732	98.7635
356.035	98.8548
355.341	98.9389
354.649	98.9611
353.96	98.9357
353.274	98.9283
352.591	98.9851
351.91	99.0854
351.232	99.166
350.556	99.1898
349.883	99.1832
349.213	99.204
348.545	99.2743
347.879	99.3545
347.217	99.3896
346.556	99.3797
345.899	99.396
345.243	99.5141
344.591	99.7236
343.94	99.9088
343.292	99.9303
342.647	99.742
342.004	99.4369
341.363	99.1768
340.725	99.0665
340.089	99.0848
339.456	99.1276
338.825	99.1175
338.196	99.0722
337.569	99.0718
336.945	99.1652
336.324	99.3124
335.704	99.4194
335.087	99.43
334.472	99.381
333.859	99.3667
333.249	99.4466
332.64	99.5885
332.034	99.7012
331.43	99.7239
330.829	99.6841
330.229	99.669
329.632	99.7401
329.037	99.8746
328.444	99.9896
327.853	100.024
327.264	99.9969
326.678	99.9852
326.093	100.049
325.511	100.173
324.93	100.285
324.352	100.328
323.776	100.311
323.201	100.302
322.629	100.356
322.059	100.465
321.491	100.568
320.925	100.612
320.361	100.601
319.799	100.592
319.238	100.633
318.68	100.72
318.124	100.806
317.57	100.845
317.017	100.838
316.467	100.829
315.918	100.853
315.371	100.906
314.826	100.949
314.284	100.954
313.743	100.933
313.203	100.929
312.666	100.969
312.13	101.035
311.597	101.079
311.065	101.074
310.535	101.038
310.007	101.022
309.48	101.057
308.956	101.124
308.433	101.171
307.912	101.162
307.392	101.115
306.875	101.083
306.359	101.101
305.845	101.154
305.332	101.186
304.821	101.16
304.312	101.095
303.805	101.055
303.3	101.087
302.796	101.176
302.293	101.252
301.793	101.249
301.294	101.171
300.797	101.085
300.301	101.068
299.807	101.136
299.314	101.233
298.824	101.278
298.335	101.236
297.847	101.149
297.361	101.09
296.877	101.101
296.394	101.153
295.912	101.172
295.433	101.109
294.955	100.983
294.478	100.868
294.003	100.827
293.529	100.86
293.057	100.91
292.587	100.913
292.118	100.856
291.65	100.782
291.184	100.753
290.72	100.787
290.257	100.851
289.795	100.886
289.335	100.862
288.877	100.805
288.419	100.767
287.964	100.783
287.509	100.838
287.057	100.883
286.605	100.881
286.155	100.838
285.706	100.795
285.259	100.793
284.813	100.834
284.369	100.883
283.926	100.898
283.484	100.871
283.044	100.831
282.605	100.819
282.168	100.85
281.731	100.9
281.297	100.932
280.863	100.925
280.431	100.898
280	100.89
