1200	19.107
1192.15	18.7718
1184.4	18.4331
1176.75	18.0928
1169.21	17.7589
1161.75	17.4383
1154.39	17.1311
1147.13	16.8305
1139.95	16.5292
1132.86	16.2259
1125.87	15.9264
1118.95	15.6392
1112.13	15.3676
1105.38	15.1071
1098.72	14.8496
1092.13	14.5906
1085.63	14.3335
1079.2	14.0867
1072.84	13.8563
1066.56	13.6405
1060.36	13.4316
1054.23	13.2225
1048.16	13.0136
1042.17	12.8123
1036.24	12.6271
1030.38	12.4596
1024.59	12.303
1018.86	12.1484
1013.2	11.9925
1007.6	11.8412
1002.06	11.7046
996.576	11.5877
991.156	11.4862
985.795	11.3893
980.491	11.2902
975.244	11.1921
970.053	11.1069
964.917	11.0441
959.835	11.0024
954.806	10.9691
949.83	10.9315
944.905	10.8894
940.031	10.8585
935.207	10.86
930.433	10.9022
925.707	10.9696
921.028	11.0279
916.397	11.0432
911.812	11.0028
907.273	10.9221
902.778	10.8336
898.328	10.7661
893.922	10.7289
889.559	10.7113
885.238	10.6965
880.958	10.6757
876.72	10.654
872.523	10.6431
868.365	10.6495
864.247	10.669
860.168	10.6909
856.127	10.7081
852.124	10.7234
848.159	10.7466
844.23	10.7851
840.337	10.8372
836.48	10.8935
832.658	10.9451
828.871	10.9919
825.118	11.0426
821.399	11.1069
817.714	11.1866
814.061	11.2737
810.441	11.3565
806.853	11.4299
803.296	11.4995
799.771	11.5771
796.277	11.6702
792.813	11.7756
789.379	11.8816
785.974	11.9777
782.599	12.063
779.253	12.1471
775.935	12.242
772.645	12.3529
769.383	12.4748
766.149	12.597
762.941	12.7123
759.761	12.8214
756.606	12.9307
753.478	13.0451
750.376	13.1631
747.299	13.2752
744.247	13.3669
741.22	13.4198
738.218	13.4105
735.239	13.3132
732.285	13.1102
729.354	12.8099
726.447	12.4604
723.563	12.146
720.702	11.9574
717.863	11.9482
715.046	12.1024
712.251	12.3358
709.479	12.536
706.727	12.62
703.997	12.5753
701.288	12.4591
698.6	12.3567
695.932	12.3277
693.285	12.3748
690.657	12.4528
688.05	12.5081
685.462	12.5185
682.893	12.5046
680.344	12.5093
677.814	12.5622
675.302	12.6577
672.809	12.762
670.334	12.8402
667.878	12.8822
665.439	12.9067
663.018	12.9439
660.615	13.0099
658.229	13.0962
655.86	13.1787
653.508	13.239
651.173	13.2791
648.854	13.3177
646.553	13.3727
644.267	13.4448
641.997	13.5151
639.744	13.5591
637.506	13.5643
635.283	13.5389
633.077	13.5047
630.885	13.4817
628.709	13.4767
626.547	13.4833
624.4	13.4929
622.268	13.5032
620.151	13.5199
618.048	13.5488
615.959	13.588
613.884	13.627
611.823	13.6544
609.776	13.6674
607.742	13.6739
605.723	13.6857
603.716	13.7079
601.723	13.7343
599.742	13.7523
597.775	13.7535
595.821	13.7412
593.879	13.7279
591.95	13.725
590.034	13.7332
588.13	13.7418
586.238	13.738
584.358	13.7176
582.49	13.6895
580.634	13.6684
578.79	13.6635
576.958	13.6708
575.137	13.6772
573.328	13.6712
571.53	13.6537
569.743	13.6377
567.967	13.6386
566.203	13.6625
564.449	13.7013
562.706	13.7401
560.974	13.7691
559.253	13.7918
557.542	13.8224
555.841	13.8738
554.151	13.9459
552.471	14.0236
550.802	14.0847
549.142	14.113
547.492	14.1059
545.852	14.0721
544.222	14.0206
542.602	13.9504
540.991	13.847
539.39	13.6887
537.798	13.4587
536.216	13.1552
534.643	12.7954
533.079	12.412
531.524	12.0445
529.979	11.7275
528.442	11.4803
526.914	11.3
525.395	11.1618
523.885	11.0279
522.383	10.8619
520.89	10.6452
519.405	10.384
517.929	10.1045
516.461	9.83783
515.002	9.60293
513.551	9.3987
512.108	9.20885
510.673	9.01568
509.246	8.81274
507.827	8.6077
506.415	8.41445
505.012	8.24143
503.616	8.08525
502.229	7.9341
500.848	7.7775
499.476	7.61433
498.111	7.45277
496.753	7.30272
495.402	7.16739
494.059	7.04078
492.724	6.91293
491.395	6.77829
490.074	6.63999
488.759	6.50681
487.452	6.38545
486.152	6.27482
484.858	6.16706
483.572	6.05424
482.292	5.93509
481.019	5.81593
479.753	5.70523
478.493	5.60634
477.24	5.51466
475.994	5.42151
474.754	5.32145
473.52	5.21699
472.293	5.11651
471.072	5.02735
469.858	4.94967
468.649	4.87628
467.447	4.79854
466.251	4.7135
465.062	4.62647
463.878	4.54702
462.7	4.48178
461.528	4.42984
460.362	4.38441
459.202	4.33879
458.048	4.29164
456.9	4.24702
455.757	4.20957
454.62	4.17913
453.489	4.14983
452.363	4.11451
451.243	4.07086
450.129	4.02387
449.02	3.98234
447.916	3.95203
446.818	3.93104
445.725	3.91142
444.638	3.88574
443.556	3.85355
442.479	3.82234
441.407	3.80209
440.34	3.7976
439.279	3.80452
438.223	3.81213
437.171	3.81062
436.125	3.79733
435.084	3.77739
434.048	3.75873
433.017	3.74582
431.99	3.73696
430.969	3.72694
429.952	3.71236
428.94	3.69497
427.933	3.68039
426.93	3.6735
425.932	3.67454
424.939	3.67904
423.951	3.68164
422.967	3.68032
421.987	3.67771
421.012	3.67849
420.042	3.68528
419.076	3.69649
418.115	3.70781
417.158	3.71599
416.205	3.72148
415.257	3.72795
414.313	3.7391
413.373	3.75558
412.437	3.77468
411.506	3.7928
410.579	3.80858
409.656	3.824
408.737	3.84257
407.823	3.86635
406.912	3.8943
406.005	3.92338
405.103	3.9513
404.204	3.97858
403.31	4.00806
402.419	4.04244
401.533	4.08209
400.65	4.1249
399.771	4.16833
398.896	4.21176
398.025	4.25699
397.157	4.3065
396.294	4.36103
395.434	4.41867
394.578	4.4762
393.725	4.53166
392.877	4.58568
392.031	4.64044
391.19	4.69716
390.352	4.75428
389.518	4.80821
388.687	4.856
387.86	4.89763
387.036	4.93596
386.216	4.974
385.399	5.01204
384.586	5.04701
383.776	5.07491
382.969	5.09437
382.166	5.10817
381.367	5.1213
380.57	5.1369
379.777	5.15346
378.987	5.16594
378.201	5.16995
377.418	5.16578
376.638	5.15855
375.861	5.15418
375.087	5.15423
374.317	5.15422
373.55	5.14709
372.785	5.12948
372.024	5.10542
371.267	5.08377
370.512	5.07065
369.76	5.06279
369.011	5.04766
368.266	5.01163
367.523	4.95049
366.783	4.87374
366.047	4.79768
365.313	4.73067
364.582	4.66094
363.854	4.55782
363.129	4.38885
362.407	4.14396
361.688	3.85065
360.971	3.56778
360.258	3.35752
359.547	3.24997
358.839	3.22149
358.134	3.20178
357.432	3.10895
356.732	2.89501
356.035	2.57695
355.341	2.23554
354.649	1.98138
353.96	1.90553
353.274	2.04029
352.591	2.34945
351.91	2.75079
351.232	3.1566
350.556	3.50977
349.883	3.79764
349.213	4.04013
348.545	4.2632
347.879	4.47544
347.217	4.66134
346.556	4.79299
345.899	4.85023
345.243	4.8352
344.591	4.77212
343.94	4.69352
343.292	4.62281
342.647	4.5645
342.004	4.50741
341.363	4.43718
340.725	4.34855
340.089	4.24926
339.456	4.15387
338.825	4.07311
338.196	4.0071
337.569	3.94698
336.945	3.88307
336.324	3.81285
335.704	3.74258
335.087	3.68185
334.472	3.63563
333.859	3.60035
333.249	3.56697
332.64	3.52832
332.034	3.48471
331.43	3.44329
330.829	3.41165
330.229	3.39119
329.632	3.37556
329.037	3.35583
328.444	3.32808
327.853	3.29726
327.264	3.2738
326.678	3.26548
326.093	3.27092
325.511	3.28018
324.93	3.28229
324.352	3.27407
323.776	3.26309
323.201	3.26213
322.629	3.27923
322.059	3.31102
321.491	3.34483
320.925	3.36844
320.361	3.37997
319.799	3.39025
319.238	3.41516
318.68	3.46346
318.124	3.5291
317.57	3.59414
317.017	3.64038
316.467	3.66148
315.918	3.66671
315.371	3.67376
314.826	3.69601
314.284	3.73359
313.743	3.7746
313.203	3.80497
312.666	3.81937
312.13	3.82484
311.597	3.83502
311.065	3.85979
310.535	3.89858
310.007	3.9421
309.48	3.98068
308.956	4.01223
308.433	4.04345
307.912	4.08349
307.392	4.13563
306.875	4.19365
306.359	4.24605
305.845	4.28458
305.332	4.31015
304.821	4.33129
304.312	4.35636
303.805	4.38582
303.3	4.41124
302.796	4.42213
302.293	4.41565
301.793	4.40155
301.294	4.39779
300.797	4.41951
300.301	4.46894
299.807	4.53344
299.314	4.59326
298.824	4.63353
298.335	4.65252
297.847	4.66073
297.361	4.67231
296.877	4.69533
296.394	4.72741
295.912	4.75933
295.433	4.7828
294.955	4.79648
294.478	4.80621
294.003	4.81983
293.529	4.84117
293.057	4.8676
292.587	4.89254
292.118	4.91052
291.65	4.92081
291.184	4.9272
290.72	4.93457
290.257	4.94521
289.795	4.95748
289.335	4.96746
288.877	4.97188
288.419	4.97012
287.964	4.96412
287.509	4.95655
287.057	4.94893
286.605	4.94077
286.155	4.93003
285.706	4.91433
285.259	4.8922
284.813	4.86384
284.369	4.83121
283.926	4.79709
283.484	4.76353
283.044	4.73015
282.605	4.69377
282.168	4.65027
281.731	4.59844
281.297	4.54348
280.863	4.49732
280.431	4.47414
280	4.48252
