1200	98.334
1192.15	98.427
1184.4	98.5288
1176.75	98.6138
1169.21	98.6649
1161.75	98.6832
1154.39	98.6876
1147.13	98.7035
1139.95	98.7473
1132.86	98.8172
1125.87	98.894
1118.95	98.953
1112.13	98.9784
1105.38	98.9728
1098.72	98.9558
1092.13	98.9518
1085.63	98.9759
1079.2	99.0251
1072.84	99.0796
1066.56	99.1155
1060.36	99.1183
1054.23	99.092
1048.16	99.0564
1042.17	99.0355
1036.24	99.043
1030.38	99.0745
1024.59	99.1103
1018.86	99.1267
1013.2	99.1108
1007.6	99.0676
1002.06	99.0172
996.576	98.9829
991.156	98.9774
985.795	98.9952
980.491	99.0162
975.244	99.0175
970.053	98.9872
964.917	98.9312
959.835	98.87
954.806	98.8263
949.83	98.8118
944.905	98.82
940.031	98.8306
935.207	98.8213
930.433	98.7811
925.707	98.7168
921.028	98.649
916.397	98.5999
911.812	98.5802
907.273	98.583
902.778	98.5876
898.328	98.5724
893.922	98.5271
889.559	98.4589
885.238	98.3887
880.958	98.338
876.72	98.317
872.523	98.3183
868.365	98.3213
864.247	98.3049
860.168	98.2592
856.127	98.1919
852.124	98.1234
848.159	98.0748
844.23	98.0558
840.337	98.0593
836.48	98.0654
832.658	98.0534
828.871	98.0139
825.118	97.9537
821.399	97.8922
817.714	97.8494
814.061	97.8351
810.441	97.8432
806.853	97.8568
803.296	97.8579
799.771	97.839
796.277	97.8068
792.813	97.7784
789.379	97.7709
785.974	97.7915
782.599	97.8332
779.253	97.8797
775.935	97.914
772.645	97.928
769.383	97.9246
766.149	97.9142
762.941	97.9059
759.761	97.9015
756.606	97.8943
753.478	97.8755
750.376	97.842
747.299	97.8011
744.247	97.7679
741.22	97.7567
738.218	97.7711
735.239	97.7998
732.285	97.8213
729.354	97.8158
726.447	97.7772
723.563	97.7188
720.702	97.6668
717.863	97.6467
715.046	97.6681
712.251	97.7177
709.479	97.7656
706.727	97.7816
703.997	97.7523
701.288	97.6901
698.6	97.6272
695.932	97.5984
693.285	97.621
690.657	97.6844
688.05	97.755
685.462	97.7944
682.893	97.7812
680.344	97.7239
677.814	97.6568
675.302	97.6215
672.809	97.643
670.334	97.7155
667.878	97.8043
665.439	97.8654
663.018	97.8701
660.615	97.8215
658.229	97.7541
655.86	97.714
653.508	97.7329
651.173	97.8099
648.854	97.9107
646.553	97.9871
644.267	98.0041
641.997	97.9607
639.744	97.891
637.506	97.8459
635.283	97.8638
633.077	97.948
630.885	98.0639
628.709	98.1578
626.547	98.187
624.4	98.1449
622.268	98.0661
620.151	98.0075
618.048	98.017
615.959	98.1048
613.884	98.2369
611.823	98.3524
609.776	98.3976
607.742	98.3565
605.723	98.2616
603.716	98.177
601.723	98.1634
599.742	98.2435
597.775	98.3875
595.821	98.5281
593.879	98.5969
591.95	98.5622
590.034	98.4489
588.13	98.3263
586.238	98.2712
584.358	98.3255
582.49	98.4717
580.634	98.6395
578.79	98.7428
576.958	98.7257
575.137	98.5945
573.328	98.4167
571.53	98.2868
569.743	98.2769
567.967	98.3971
566.203	98.5881
564.449	98.7492
562.706	98.7903
560.974	98.6785
559.253	98.4572
557.542	98.2273
555.841	98.0988
554.151	98.1386
552.471	98.3388
550.802	98.6218
549.142	98.8778
547.492	99.0154
545.852	99.0002
544.222	98.864
542.602	98.6818
540.991	98.5314
539.39	98.4574
537.798	98.4557
536.216	98.4862
534.643	98.5019
533.079	98.4778
531.524	98.4245
529.979	98.3791
528.442	98.3815
526.914	98.4491
525.395	98.5661
523.885	98.6911
522.383	98.7791
520.89	98.8053
519.405	98.7773
517.929	98.7287
516.461	98.7008
515.002	98.7197
513.551	98.784
512.108	98.8674
510.673	98.9345
509.246	98.9604
507.827	98.9435
506.415	98.9042
505.012	98.8728
503.616	98.8721
502.229	98.9061
500.848	98.9591
499.476	99.0062
498.111	99.0271
496.753	99.0171
495.402	98.9878
494.059	98.9597
492.724	98.9501
491.395	98.9639
490.074	98.9926
488.759	99.0199
487.452	99.0318
486.152	99.0239
484.858	99.0029
483.572	98.9814
482.292	98.9703
481.019	98.973
479.753	98.9846
478.493	98.9956
477.24	98.9982
475.994	98.9907
474.754	98.9775
473.52	98.9657
472.293	98.9601
471.072	98.961
469.858	98.9643
468.649	98.9649
467.447	98.9607
466.251	98.9537
465.062	98.9484
463.878	98.9484
462.7	98.9537
461.528	98.9602
460.362	98.9629
459.202	98.959
458.048	98.9506
456.9	98.944
455.757	98.9454
454.62	98.9571
453.489	98.9751
452.363	98.9915
451.243	98.9985
450.129	98.9938
449.02	98.9825
447.916	98.9746
446.818	98.9793
445.725	98.999
444.638	99.0279
443.556	99.0541
442.479	99.0668
441.407	99.0624
440.34	99.0473
439.279	99.0348
438.223	99.0371
437.171	99.0589
436.125	99.0933
435.084	99.126
434.048	99.1427
433.017	99.1375
431.99	99.1167
430.969	99.0954
429.952	99.0892
428.94	99.1054
427.933	99.1382
426.93	99.1719
425.932	99.1892
424.939	99.1814
423.951	99.1533
422.967	99.1204
421.987	99.1006
421.012	99.1041
420.042	99.1271
419.076	99.1546
418.115	99.1681
417.158	99.1569
416.205	99.1232
415.257	99.0811
414.313	99.0478
413.373	99.0333
412.437	99.0347
411.506	99.0382
410.579	99.0287
409.656	98.9995
408.737	98.9583
407.823	98.9237
406.912	98.9141
406.005	98.9355
405.103	98.9756
404.204	99.0077
403.31	99.0042
402.419	98.9525
401.533	98.8636
400.65	98.7692
399.771	98.7066
398.896	98.6998
398.025	98.7457
397.157	98.8143
396.294	98.8626
395.434	98.8563
394.578	98.7878
393.725	98.6809
392.877	98.5794
392.031	98.5258
391.19	98.54
390.352	98.6093
389.518	98.6956
388.687	98.7544
387.86	98.7574
387.036	98.706
386.216	98.6287
385.399	98.5654
384.586	98.5463
383.776	98.576
382.969	98.6333
382.166	98.683
381.367	98.696
380.57	98.6643
379.777	98.6043
378.987	98.5471
378.201	98.5207
377.418	98.5347
376.638	98.5764
375.861	98.6185
375.087	98.6349
374.317	98.6151
373.55	98.5692
372.785	98.5211
372.024	98.4941
371.267	98.4972
370.512	98.5205
369.76	98.5415
369.011	98.5385
368.266	98.5042
367.523	98.4497
366.783	98.3983
366.047	98.3716
365.313	98.3763
364.582	98.3997
363.854	98.4163
363.129	98.4034
362.407	98.3546
361.688	98.2855
360.971	98.227
360.258	98.2087
359.547	98.2429
358.839	98.3167
358.134	98.3981
357.432	98.4523
356.732	98.4606
356.035	98.4306
355.341	98.3932
354.649	98.3862
353.96	98.4344
353.274	98.536
352.591	98.6628
351.91	98.7746
351.232	98.8394
350.556	98.8504
349.883	98.8291
349.213	98.8137
348.545	98.8398
347.879	98.921
347.217	99.0426
346.556	99.1694
345.899	99.2636
345.243	99.3048
344.591	99.2999
343.94	99.2789
343.292	99.2796
342.647	99.3279
342.004	99.4252
341.363	99.5484
340.725	99.6621
340.089	99.7367
339.456	99.7621
338.825	99.7517
338.196	99.7347
337.569	99.7408
336.945	99.7859
336.324	99.8661
335.704	99.9612
335.087	100.045
334.472	100.099
333.859	100.117
333.249	100.109
332.64	100.093
332.034	100.087
331.43	100.103
330.829	100.148
330.229	100.22
329.632	100.313
329.037	100.416
328.444	100.514
327.853	100.584
327.264	100.6
326.678	100.54
326.093	100.394
325.511	100.171
324.93	99.9032
324.352	99.6341
323.776	99.4094
323.201	99.2607
322.629	99.1968
322.059	99.2036
321.491	99.2524
320.925	99.3135
320.361	99.3668
319.799	99.4073
319.238	99.4411
318.68	99.4776
318.124	99.5214
317.57	99.5692
317.017	99.6126
316.467	99.6443
315.918	99.6638
315.371	99.6786
314.826	99.7
314.284	99.7354
313.743	99.7837
313.203	99.8345
312.666	99.8738
312.13	99.8921
311.597	99.8906
311.065	99.8814
310.535	99.8811
310.007	99.9012
309.48	99.9415
308.956	99.9891
308.433	100.025
307.912	100.036
307.392	100.02
306.875	99.99
306.359	99.967
305.845	99.9677
305.332	99.9956
304.821	100.038
304.312	100.074
303.805	100.083
303.3	100.059
302.796	100.014
302.293	99.9707
301.793	99.9517
301.294	99.9655
300.797	100.002
300.301	100.039
299.807	100.051
299.314	100.026
298.824	99.9738
298.335	99.9175
297.847	99.884
297.361	99.8878
296.877	99.9227
296.394	99.9644
295.912	99.9836
295.433	99.9626
294.955	99.9055
294.478	99.8371
294.003	99.7896
293.529	99.7846
293.057	99.8203
292.587	99.8712
292.118	99.9004
291.65	99.88
291.184	99.8067
290.72	99.7053
290.257	99.6171
289.795	99.5783
289.335	99.6007
288.877	99.6643
288.419	99.7267
287.964	99.7446
287.509	99.697
287.057	99.5971
286.605	99.4869
286.155	99.4165
285.706	99.4188
285.259	99.4923
284.813	99.6013
284.369	99.6934
283.926	99.7258
283.484	99.6862
283.044	99.5984
282.605	99.5087
282.168	99.4619
281.731	99.4773
281.297	99.5399
280.863	99.6086
280.431	99.6392
280	99.608
