1200	99.6196
1192.15	99.6088
1184.4	99.6043
1176.75	99.6061
1169.21	99.6082
1161.75	99.6043
1154.39	99.594
1147.13	99.583
1139.95	99.5777
1132.86	99.579
1125.87	99.5817
1118.95	99.5794
1112.13	99.5706
1105.38	99.5602
1098.72	99.5547
1092.13	99.556
1085.63	99.5597
1079.2	99.5594
1072.84	99.5528
1066.56	99.5438
1060.36	99.5387
1054.23	99.5404
1048.16	99.5455
1042.17	99.5476
1036.24	99.5437
1030.38	99.5366
1024.59	99.5325
1018.86	99.535
1013.2	99.5416
1007.6	99.5464
1002.06	99.5454
996.576	99.5407
991.156	99.538
985.795	99.5414
980.491	99.5496
975.244	99.557
970.053	99.5592
964.917	99.557
959.835	99.5558
954.806	99.5603
949.83	99.5699
944.905	99.5796
940.031	99.5847
935.207	99.5851
930.433	99.5855
925.707	99.5907
921.028	99.6013
916.397	99.613
911.812	99.6206
907.273	99.6234
902.778	99.6251
898.328	99.6308
893.922	99.6418
889.559	99.6546
885.238	99.6642
880.958	99.6688
876.72	99.6715
872.523	99.6771
868.365	99.6878
864.247	99.7009
860.168	99.7117
856.127	99.7176
852.124	99.7207
848.159	99.7257
844.23	99.7353
840.337	99.7477
836.48	99.7587
832.658	99.7651
828.871	99.7683
825.118	99.7721
821.399	99.7797
817.714	99.7905
814.061	99.8006
810.441	99.8068
806.853	99.8094
803.296	99.8117
799.771	99.8167
796.277	99.8248
792.813	99.833
789.379	99.8384
785.974	99.8401
782.599	99.8405
779.253	99.8425
775.935	99.8471
772.645	99.8525
769.383	99.8563
766.149	99.8572
762.941	99.8561
759.761	99.855
756.606	99.8553
753.478	99.857
750.376	99.8588
747.299	99.8594
744.247	99.858
741.22	99.8544
738.218	99.8495
735.239	99.8455
732.285	99.8448
729.354	99.8481
726.447	99.8525
723.563	99.8523
720.702	99.8428
717.863	99.8249
715.046	99.8066
712.251	99.7986
709.479	99.8067
706.727	99.8258
703.997	99.8425
701.288	99.8442
698.6	99.8288
695.932	99.8065
693.285	99.7918
690.657	99.7922
688.05	99.8022
685.462	99.8088
682.893	99.8031
680.344	99.7884
677.814	99.7768
675.302	99.7783
672.809	99.7908
670.334	99.8013
667.878	99.7975
665.439	99.7788
663.018	99.7578
660.615	99.7493
658.229	99.7576
655.86	99.7719
653.508	99.7759
651.173	99.7623
648.854	99.7398
646.553	99.7251
644.267	99.7287
641.997	99.7447
639.744	99.7565
637.506	99.7514
635.283	99.7321
633.077	99.7147
630.885	99.7141
628.709	99.7305
626.547	99.749
624.4	99.7531
622.268	99.7396
620.151	99.7216
618.048	99.7169
615.959	99.7314
613.884	99.7542
611.823	99.7671
609.776	99.7609
607.742	99.7443
605.723	99.7357
603.716	99.7464
601.723	99.7705
599.742	99.79
597.775	99.7914
595.821	99.7776
593.879	99.7656
591.95	99.771
590.034	99.7934
588.13	99.8169
586.238	99.8247
584.358	99.8144
582.49	99.8001
580.634	99.7996
578.79	99.818
576.958	99.8429
575.137	99.8558
573.328	99.8492
571.53	99.8332
569.743	99.8266
567.967	99.8395
566.203	99.8637
564.449	99.8804
562.706	99.877
560.974	99.8593
559.253	99.8458
557.542	99.8512
555.841	99.8726
554.151	99.8922
552.471	99.8933
550.802	99.8755
549.142	99.8549
547.492	99.8499
545.852	99.8642
544.222	99.8842
542.602	99.8911
540.991	99.8787
539.39	99.8587
537.798	99.8497
536.216	99.8599
534.643	99.8798
533.079	99.8905
531.524	99.8812
529.979	99.8594
528.442	99.8431
526.914	99.845
525.395	99.8598
523.885	99.8701
522.383	99.8622
520.89	99.8393
519.405	99.8191
517.929	99.8172
516.461	99.8333
515.002	99.8505
513.551	99.8511
512.108	99.8329
510.673	99.8109
509.246	99.8038
507.827	99.8168
506.415	99.8364
505.012	99.8431
503.616	99.8289
502.229	99.8049
500.848	99.7915
499.476	99.7992
498.111	99.8191
496.753	99.8306
495.402	99.8202
494.059	99.794
492.724	99.7719
491.395	99.7698
490.074	99.785
488.759	99.799
487.452	99.7942
486.152	99.7704
484.858	99.7449
483.572	99.7369
482.292	99.7493
481.019	99.7665
479.753	99.7682
478.493	99.7482
477.24	99.7202
475.994	99.7052
474.754	99.7125
473.52	99.7308
472.293	99.7388
471.072	99.7244
469.858	99.6965
468.649	99.6762
467.447	99.6781
466.251	99.6965
465.062	99.7106
463.878	99.7033
462.7	99.6774
461.528	99.6532
460.362	99.6499
459.202	99.6677
458.048	99.6877
456.9	99.6883
455.757	99.6659
454.62	99.6381
453.489	99.629
452.363	99.6465
451.243	99.6753
450.129	99.6892
449.02	99.6742
447.916	99.6412
446.818	99.6168
445.725	99.6204
444.638	99.6485
443.556	99.6781
442.479	99.6872
441.407	99.6733
440.34	99.6536
439.279	99.6481
438.223	99.6616
437.171	99.6807
436.125	99.6882
435.084	99.68
434.048	99.6687
433.017	99.6708
431.99	99.6888
430.969	99.7077
429.952	99.7089
428.94	99.689
427.933	99.6661
426.93	99.665
425.932	99.6947
424.939	99.7383
423.951	99.766
422.967	99.7614
421.987	99.7377
421.012	99.7284
420.042	99.7578
419.076	99.817
418.115	99.8653
417.158	99.8587
416.205	99.7824
415.257	99.6624
414.313	99.5461
413.373	99.4692
412.437	99.4351
411.506	99.4215
410.579	99.4054
409.656	99.384
408.737	99.373
407.823	99.3874
406.912	99.4232
406.005	99.4582
405.103	99.4707
404.204	99.4591
403.31	99.4434
402.419	99.4475
401.533	99.4779
400.65	99.5173
399.771	99.5403
398.896	99.536
398.025	99.5175
397.157	99.51
396.294	99.528
395.434	99.5625
394.578	99.5885
393.725	99.5879
392.877	99.5654
392.031	99.5442
391.19	99.5457
390.352	99.5704
389.518	99.5975
388.687	99.6039
387.86	99.5846
387.036	99.5568
386.216	99.5448
385.399	99.5579
384.586	99.5828
383.776	99.595
382.969	99.5813
382.166	99.5508
381.367	99.5272
380.57	99.5276
379.777	99.5474
378.987	99.5648
378.201	99.5606
377.418	99.5344
376.638	99.5054
375.861	99.4944
375.087	99.5062
374.317	99.5252
373.55	99.53
372.785	99.5123
372.024	99.4836
371.267	99.465
370.512	99.4678
369.76	99.484
369.011	99.4941
368.266	99.4842
367.523	99.4586
366.783	99.4354
366.047	99.4297
365.313	99.441
364.582	99.4534
363.854	99.451
363.129	99.4315
362.407	99.4082
361.688	99.3976
360.971	99.4039
360.258	99.4163
359.547	99.4184
358.839	99.404
358.134	99.3824
357.432	99.3698
356.732	99.3748
356.035	99.3902
355.341	99.3999
354.649	99.3935
353.96	99.3758
353.274	99.3623
352.591	99.3649
351.91	99.3808
351.232	99.3948
350.556	99.3928
349.883	99.3748
349.213	99.3551
348.545	99.3497
347.879	99.3623
347.217	99.3811
346.556	99.389
345.899	99.3791
345.243	99.3601
344.591	99.3485
343.94	99.3535
343.292	99.369
342.647	99.3797
342.004	99.3755
341.363	99.3611
340.725	99.3512
340.089	99.3575
339.456	99.3764
338.825	99.3922
338.196	99.3907
337.569	99.3723
336.945	99.3527
336.324	99.3493
335.704	99.3656
335.087	99.3878
334.472	99.3963
333.859	99.383
333.249	99.3588
332.64	99.3446
332.034	99.3532
331.43	99.3777
330.829	99.3971
330.229	99.3943
329.632	99.3707
329.037	99.3452
328.444	99.3381
327.853	99.354
327.264	99.3776
326.678	99.3875
326.093	99.3744
325.511	99.3489
324.93	99.332
324.352	99.3371
323.776	99.3583
323.201	99.3757
322.629	99.3731
322.059	99.3518
321.491	99.329
320.925	99.3231
320.361	99.3372
319.799	99.3571
319.238	99.3637
318.68	99.3497
318.124	99.3255
317.57	99.3101
317.017	99.3144
316.467	99.3317
315.918	99.3442
315.371	99.3388
314.826	99.3179
314.284	99.2976
313.743	99.2929
313.203	99.3049
312.666	99.3203
312.13	99.3228
311.597	99.3081
311.065	99.287
310.535	99.2755
310.007	99.2811
309.48	99.296
308.956	99.3044
308.433	99.2967
307.912	99.2775
307.392	99.2616
306.875	99.2605
306.359	99.2726
305.845	99.2845
305.332	99.2832
304.821	99.2677
304.312	99.2496
303.805	99.2428
303.3	99.2511
302.796	99.2646
302.293	99.2692
301.793	99.2584
301.294	99.2398
300.797	99.2279
300.301	99.2313
299.807	99.2451
299.314	99.2549
298.824	99.2498
298.335	99.232
297.847	99.2151
297.361	99.212
296.877	99.2238
296.394	99.2383
295.912	99.2406
295.433	99.2262
294.955	99.2054
294.478	99.1942
294.003	99.2007
293.529	99.2178
293.057	99.229
292.587	99.2225
292.118	99.2016
291.65	99.1819
291.184	99.1787
290.72	99.1934
290.257	99.2121
289.795	99.2172
289.335	99.2022
288.877	99.1773
288.419	99.1614
287.964	99.1665
287.509	99.1872
287.057	99.2049
286.605	99.2026
286.155	99.179
285.706	99.1504
285.259	99.1383
284.813	99.1518
284.369	99.1804
283.926	99.2002
283.484	99.1912
283.044	99.1526
282.605	99.1034
282.168	99.0698
281.731	99.068
281.297	99.0941
280.863	99.1282
280.431	99.1495
280	99.1488
