1200	94.606
1192.15	94.757
1184.4	94.8698
1176.75	94.967
1169.21	95.0792
1161.75	95.2232
1154.39	95.3901
1147.13	95.5511
1139.95	95.6782
1132.86	95.7641
1125.87	95.8279
1118.95	95.9011
1112.13	96.0057
1105.38	96.1379
1098.72	96.2712
1092.13	96.3746
1085.63	96.4351
1079.2	96.467
1072.84	96.5022
1066.56	96.5672
1060.36	96.6644
1054.23	96.7702
1048.16	96.8514
1042.17	96.889
1036.24	96.892
1030.38	96.8912
1024.59	96.9178
1018.86	96.9807
1013.2	97.0603
1007.6	97.1218
1002.06	97.1401
996.576	97.118
991.156	97.0844
985.795	97.0745
980.491	97.1046
975.244	97.1599
970.053	97.2051
964.917	97.2089
959.835	97.1666
954.806	97.104
949.83	97.06
944.905	97.0587
940.031	97.0923
935.207	97.1257
930.433	97.1209
925.707	97.0642
921.028	96.9768
916.397	96.9005
911.812	96.8688
907.273	96.8827
902.778	96.9095
898.328	96.9044
893.922	96.843
889.559	96.74
885.238	96.6418
880.958	96.5965
876.72	96.6222
872.523	96.6934
868.365	96.7568
864.247	96.765
860.168	96.7064
856.127	96.6104
852.124	96.5267
848.159	96.4913
844.23	96.5031
840.337	96.5272
836.48	96.5207
832.658	96.4636
828.871	96.3718
825.118	96.2854
821.399	96.2388
817.714	96.2364
814.061	96.249
810.441	96.2357
806.853	96.1735
803.296	96.0745
799.771	95.9784
796.277	95.9234
792.813	95.9187
789.379	95.9365
785.974	95.931
782.599	95.8712
779.253	95.7637
775.935	95.6504
772.645	95.5794
769.383	95.5712
766.149	95.6024
762.941	95.6205
759.761	95.5795
756.606	95.4733
753.478	95.342
750.376	95.2464
747.299	95.2264
744.247	95.2722
741.22	95.3288
738.218	95.3312
735.239	95.2494
732.285	95.1102
729.354	94.9824
726.447	94.9317
723.563	94.9772
720.702	95.0756
717.863	95.1482
715.046	95.1305
712.251	95.0155
709.479	94.8604
706.727	94.7528
703.997	94.7577
701.288	94.8789
698.6	95.0591
695.932	95.2163
693.285	95.2936
690.657	95.2886
688.05	95.2459
685.462	95.2208
682.893	95.2391
680.344	95.2827
677.814	95.3074
675.302	95.2803
672.809	95.2082
670.334	95.1369
667.878	95.1211
665.439	95.1851
663.018	95.3042
660.615	95.4176
658.229	95.4676
655.86	95.4364
653.508	95.3576
651.173	95.293
648.854	95.2914
646.553	95.3562
644.267	95.4447
641.997	95.4983
639.744	95.4824
637.506	95.4099
635.283	95.3314
633.077	95.3
630.885	95.3346
628.709	95.408
626.547	95.466
624.4	95.466
622.268	95.4064
620.151	95.3272
618.048	95.2818
615.959	95.2995
613.884	95.3649
611.823	95.4291
609.776	95.444
607.742	95.3969
605.723	95.3195
603.716	95.2658
601.723	95.2741
599.742	95.3388
597.775	95.4137
595.821	95.4439
593.879	95.405
591.95	95.3218
590.034	95.2523
588.13	95.2473
586.238	95.3136
584.358	95.4064
582.49	95.4584
580.634	95.4262
578.79	95.3227
576.958	95.2112
575.137	95.1646
573.328	95.2142
571.53	95.3246
569.743	95.4128
567.967	95.401
566.203	95.2698
564.449	95.0758
562.706	94.9193
560.974	94.8818
559.253	94.9714
557.542	95.1138
555.841	95.1958
554.151	95.137
552.471	94.9439
550.802	94.7139
549.142	94.5832
547.492	94.6499
545.852	94.9188
544.222	95.299
542.602	95.6556
540.991	95.8823
539.39	95.953
537.798	95.9233
536.216	95.8858
534.643	95.9104
533.079	96.0083
531.524	96.1368
529.979	96.2402
528.442	96.2934
526.914	96.3202
525.395	96.3747
523.885	96.5009
522.383	96.6992
520.89	96.923
519.405	97.1079
517.929	97.2125
516.461	97.2447
515.002	97.2545
513.551	97.301
512.108	97.4131
510.673	97.5727
509.246	97.7281
507.827	97.8303
506.415	97.8644
505.012	97.8592
503.616	97.8659
502.229	97.9241
500.848	98.0358
499.476	98.1661
498.111	98.2673
496.753	98.3117
495.402	98.3089
494.059	98.2981
492.724	98.3212
491.395	98.3947
490.074	98.4995
488.759	98.5956
487.452	98.6489
486.152	98.6541
484.858	98.6371
483.572	98.6366
482.292	98.6775
481.019	98.755
479.753	98.8389
478.493	98.8946
477.24	98.9064
475.994	98.8875
474.754	98.87
473.52	98.8825
472.293	98.9312
471.072	98.9965
469.858	99.047
468.649	99.061
467.447	99.0412
466.251	99.0115
465.062	99.0006
463.878	99.0221
462.7	99.0662
461.528	99.1067
460.362	99.1198
459.202	99.1
458.048	99.0636
456.9	99.0369
455.757	99.0382
454.62	99.0652
453.489	99.0972
452.363	99.1099
451.243	99.0918
450.129	99.0527
449.02	99.0165
447.916	99.0049
446.818	99.0224
445.725	99.0525
444.638	99.069
443.556	99.0531
442.479	99.0068
441.407	98.9525
440.34	98.9195
439.279	98.926
438.223	98.968
437.171	99.0217
436.125	99.0579
435.084	99.059
434.048	99.0283
433.017	98.9867
431.99	98.9601
430.969	98.965
429.952	99.0014
428.94	99.0558
427.933	99.1113
426.93	99.1577
425.932	99.1956
424.939	99.233
423.951	99.2774
422.967	99.3283
421.987	99.3754
421.012	99.4003
420.042	99.3826
419.076	99.3055
418.115	99.1611
417.158	98.9541
416.205	98.7034
415.257	98.4407
414.313	98.2044
413.373	98.0287
412.437	97.9317
411.506	97.9078
410.579	97.929
409.656	97.9573
408.737	97.9629
407.823	97.9379
406.912	97.899
406.005	97.8763
405.103	97.8936
404.204	97.9533
403.31	98.0336
402.419	98.1009
401.533	98.1305
400.65	98.1221
399.771	98.1002
398.896	98.0992
398.025	98.1419
397.157	98.2242
396.294	98.3172
395.434	98.3845
394.578	98.4053
393.725	98.3875
392.877	98.3635
392.031	98.3696
391.19	98.4232
390.352	98.5105
389.518	98.5948
388.687	98.639
387.86	98.6293
387.036	98.5845
386.216	98.5457
385.399	98.5511
384.586	98.6122
383.776	98.7065
382.969	98.7902
382.166	98.8245
381.367	98.7996
380.57	98.7405
379.777	98.6925
378.987	98.6941
378.201	98.7546
377.418	98.8483
376.638	98.9307
375.861	98.9646
375.087	98.9417
374.317	98.8873
373.55	98.8439
372.785	98.8464
372.024	98.9016
371.267	98.9848
370.512	99.055
369.76	99.0785
369.011	99.0484
368.266	98.9871
367.523	98.9327
366.783	98.9173
366.047	98.9489
365.313	99.0079
364.582	99.0586
363.854	99.0693
363.129	99.0287
362.407	98.9513
361.688	98.8687
360.971	98.8125
360.258	98.7989
359.547	98.8209
358.839	98.8531
358.134	98.8642
357.432	98.8323
356.732	98.755
356.035	98.6501
355.341	98.5486
354.649	98.4821
353.96	98.4701
353.274	98.5129
352.591	98.591
351.91	98.6719
351.232	98.7214
350.556	98.715
349.883	98.6453
349.213	98.5239
348.545	98.3758
347.879	98.231
347.217	98.1149
346.556	98.0423
345.899	98.0157
345.243	98.0287
344.591	98.0699
343.94	98.1265
343.292	98.1864
342.647	98.2374
342.004	98.268
341.363	98.269
340.725	98.2362
340.089	98.1733
339.456	98.0927
338.825	98.0117
338.196	97.9474
337.569	97.9101
336.945	97.9
336.324	97.9082
335.704	97.9218
335.087	97.9297
334.472	97.9275
333.859	97.9187
333.249	97.9117
332.64	97.9151
332.034	97.9332
331.43	97.9641
330.829	98.0007
330.229	98.0343
329.632	98.058
329.037	98.0701
328.444	98.0743
327.853	98.0789
327.264	98.0927
326.678	98.121
326.093	98.1638
325.511	98.2145
324.93	98.2631
324.352	98.3012
323.776	98.3258
323.201	98.3418
322.629	98.3598
322.059	98.3905
321.491	98.4391
320.925	98.5012
320.361	98.5653
319.799	98.6186
319.238	98.6544
318.68	98.6768
318.124	98.6984
317.57	98.7335
317.017	98.7894
316.467	98.8616
315.918	98.9359
315.371	98.9968
314.826	99.0364
314.284	99.0602
313.743	99.0836
313.203	99.1235
312.666	99.1873
312.13	99.2689
311.597	99.3514
311.065	99.4177
310.535	99.4605
310.007	99.487
309.48	99.5145
308.956	99.5592
308.433	99.6268
307.912	99.7085
307.392	99.7866
306.875	99.8456
306.359	99.8818
305.845	99.9051
305.332	99.9329
304.821	99.9784
304.312	100.043
303.805	100.115
303.3	100.178
302.796	100.222
302.293	100.247
301.793	100.266
301.294	100.294
300.797	100.338
300.301	100.396
299.807	100.454
299.314	100.503
298.824	100.541
298.335	100.577
297.847	100.621
297.361	100.679
296.877	100.739
296.394	100.781
295.912	100.782
295.433	100.733
294.955	100.648
294.478	100.554
294.003	100.483
293.529	100.455
293.057	100.469
292.587	100.506
292.118	100.545
291.65	100.573
291.184	100.594
290.72	100.62
290.257	100.667
289.795	100.734
289.335	100.81
288.877	100.874
288.419	100.916
287.964	100.936
287.509	100.952
287.057	100.985
286.605	101.044
286.155	101.122
285.706	101.195
285.259	101.242
284.813	101.256
284.369	101.248
283.926	101.243
283.484	101.264
283.044	101.316
282.605	101.384
282.168	101.44
281.731	101.461
281.297	101.445
280.863	101.41
280.431	101.387
280	101.398
