1200	99.4666
1192.15	99.4191
1184.4	99.3385
1176.75	99.3144
1169.21	99.377
1161.75	99.4659
1154.39	99.4919
1147.13	99.4286
1139.95	99.3396
1132.86	99.3142
1125.87	99.3754
1118.95	99.456
1112.13	99.4672
1105.38	99.3897
1098.72	99.2944
1092.13	99.2699
1085.63	99.3318
1079.2	99.4059
1072.84	99.4037
1066.56	99.3137
1060.36	99.2141
1054.23	99.1932
1048.16	99.2584
1042.17	99.3277
1036.24	99.3134
1030.38	99.2123
1024.59	99.1106
1018.86	99.0961
1013.2	99.1676
1007.6	99.2343
1002.06	99.2087
996.576	99.0974
991.156	98.9961
985.795	98.9923
980.491	99.0741
975.244	99.1403
970.053	99.1035
964.917	98.982
959.835	98.8839
954.806	98.8968
949.83	98.9951
944.905	99.0627
940.031	99.0117
935.207	98.8775
930.433	98.7882
925.707	98.8348
921.028	98.9718
916.397	99.0545
911.812	98.9847
907.273	98.8184
902.778	98.7222
898.328	98.8102
893.922	99.0206
889.559	99.1603
885.238	99.0854
880.958	98.8459
876.72	98.6503
872.523	98.6731
868.365	98.8867
864.247	99.0824
860.168	99.0654
856.127	98.8424
852.124	98.6174
848.159	98.5991
844.23	98.7996
840.337	99.021
836.48	99.0447
832.658	98.8422
828.871	98.6041
825.118	98.5571
821.399	98.7445
817.714	98.9825
814.061	99.0375
810.441	98.853
806.853	98.6061
803.296	98.5378
799.771	98.7187
796.277	98.9784
792.813	99.0691
789.379	98.9058
785.974	98.6526
782.599	98.566
779.253	98.747
775.935	99.0388
772.645	99.1731
769.383	99.0279
766.149	98.7482
762.941	98.6125
759.761	98.7671
756.606	99.0804
753.478	99.2589
750.376	99.1201
747.299	98.7695
744.247	98.5151
741.22	98.5977
738.218	98.9816
735.239	99.3911
732.285	99.5528
729.354	99.4187
726.447	99.1759
723.563	99.0523
720.702	99.1116
717.863	99.2236
715.046	99.2214
712.251	99.0774
709.479	98.9291
706.727	98.9355
703.997	99.1154
701.288	99.3252
698.6	99.3962
695.932	99.2932
693.285	99.1427
690.657	99.1052
688.05	99.2217
685.462	99.3802
682.893	99.4296
680.344	99.3273
677.814	99.1754
675.302	99.1177
672.809	99.1993
670.334	99.328
667.878	99.3686
665.439	99.2752
663.018	99.1324
660.615	99.0688
658.229	99.1318
655.86	99.2445
653.508	99.2852
651.173	99.2065
648.854	99.0789
646.553	99.0183
644.267	99.0723
641.997	99.177
639.744	99.2225
637.506	99.1611
635.283	99.0513
633.077	98.9978
630.885	99.0482
628.709	99.149
626.547	99.2009
624.4	99.1563
622.268	99.064
620.151	99.0186
618.048	99.0675
615.959	99.1661
613.884	99.2241
611.823	99.1943
609.776	99.1169
607.742	99.0784
605.723	99.1258
603.716	99.2224
601.723	99.2857
599.742	99.2681
597.775	99.2024
595.821	99.1676
593.879	99.2118
591.95	99.3063
590.034	99.3753
588.13	99.3695
586.238	99.3123
584.358	99.2749
582.49	99.3069
580.634	99.3905
578.79	99.4599
576.958	99.4654
575.137	99.4192
573.328	99.3801
571.53	99.3949
569.743	99.4554
567.967	99.51
566.203	99.5165
564.449	99.4819
562.706	99.4524
560.974	99.4657
559.253	99.5141
557.542	99.5549
555.841	99.5545
554.151	99.522
552.471	99.4986
550.802	99.515
549.142	99.5601
547.492	99.5927
545.852	99.5834
544.222	99.5454
542.602	99.5222
540.991	99.5447
539.39	99.5998
537.798	99.6413
536.216	99.6335
534.643	99.5852
533.079	99.5412
531.524	99.5407
529.979	99.581
528.442	99.6209
526.914	99.6206
525.395	99.5784
523.885	99.5311
522.383	99.5179
520.89	99.5444
519.405	99.5786
517.929	99.5824
516.461	99.5475
515.002	99.5014
513.551	99.48
512.108	99.4943
510.673	99.5216
509.246	99.5287
507.827	99.5034
506.415	99.4639
505.012	99.4397
503.616	99.4432
502.229	99.4604
500.848	99.4669
499.476	99.4525
498.111	99.4295
496.753	99.4181
495.402	99.4252
494.059	99.4374
492.724	99.4355
491.395	99.4144
490.074	99.3891
488.759	99.3792
487.452	99.3895
486.152	99.405
484.858	99.4056
483.572	99.3861
482.292	99.361
481.019	99.3504
479.753	99.3601
478.493	99.3759
477.24	99.3782
475.994	99.361
474.754	99.3378
473.52	99.3277
472.293	99.3368
471.072	99.3522
469.858	99.3553
468.649	99.3409
467.447	99.3222
466.251	99.3173
465.062	99.3306
463.878	99.3483
462.7	99.3532
461.528	99.3433
460.362	99.3346
459.202	99.345
458.048	99.3731
456.9	99.397
455.757	99.3951
454.62	99.3707
453.489	99.3544
452.363	99.3783
451.243	99.4436
450.129	99.514
449.02	99.5442
447.916	99.5212
446.818	99.4802
445.725	99.4753
444.638	99.5285
443.556	99.6025
442.479	99.624
441.407	99.5441
440.34	99.3842
439.279	99.2262
438.223	99.1523
437.171	99.1831
436.125	99.265
435.084	99.3183
434.048	99.3028
433.017	99.247
431.99	99.2157
430.969	99.2497
429.952	99.3302
428.94	99.3986
427.933	99.4121
426.93	99.3822
425.932	99.362
424.939	99.3947
423.951	99.4734
422.967	99.5471
421.987	99.5694
421.012	99.5414
420.042	99.5109
419.076	99.5276
418.115	99.5963
417.158	99.6732
416.205	99.7066
415.257	99.6854
414.313	99.6491
413.373	99.6503
412.437	99.7055
411.506	99.7798
410.579	99.82
409.656	99.8045
408.737	99.7634
407.823	99.7501
406.912	99.7908
406.005	99.8599
405.103	99.9047
404.204	99.8945
403.31	99.8496
402.419	99.8216
401.533	99.845
400.65	99.9048
399.771	99.9519
398.896	99.9499
398.025	99.9096
397.157	99.8782
396.294	99.8932
395.434	99.9462
394.578	99.9899
393.725	99.984
392.877	99.934
392.031	99.8879
391.19	99.8912
390.352	99.9436
389.518	99.9978
388.687	100.003
387.86	99.9536
387.036	99.8934
386.216	99.8781
385.399	99.9223
384.586	99.9859
383.776	100.01
382.969	99.9718
382.166	99.9047
381.367	99.8689
380.57	99.8965
379.777	99.9621
378.987	100.006
378.201	99.9874
377.418	99.9225
376.638	99.8679
375.861	99.871
375.087	99.9279
374.317	99.9874
373.55	99.9963
372.785	99.9459
372.024	99.8784
371.267	99.8496
370.512	99.8821
369.76	99.9477
369.011	99.9921
368.266	99.9801
367.523	99.9224
366.783	99.8653
366.047	99.8564
365.313	99.9123
364.582	100.011
363.854	100.11
363.129	100.167
362.407	100.158
361.688	100.084
360.971	99.9641
360.258	99.8328
359.547	99.7248
358.839	99.6641
358.134	99.653
357.432	99.6729
356.732	99.6983
356.035	99.7134
355.341	99.7197
354.649	99.7289
353.96	99.7474
353.274	99.7693
352.591	99.7824
351.91	99.7819
351.232	99.7766
350.556	99.7803
349.883	99.7978
349.213	99.8187
348.545	99.827
347.879	99.8177
347.217	99.8027
346.556	99.8003
345.899	99.8166
345.243	99.8383
344.591	99.8445
343.94	99.8273
343.292	99.8004
342.647	99.7874
342.004	99.7991
341.363	99.8225
340.725	99.8325
340.089	99.8163
339.456	99.7866
338.825	99.7704
338.196	99.7831
337.569	99.8128
336.945	99.831
336.324	99.8192
335.704	99.7876
335.087	99.7662
334.472	99.7757
333.859	99.8078
333.249	99.8317
332.64	99.8238
332.034	99.7908
331.43	99.7638
330.829	99.7692
330.229	99.8023
329.632	99.8309
329.037	99.8256
328.444	99.7886
327.853	99.7526
327.264	99.7506
326.678	99.7841
326.093	99.82
325.511	99.8208
324.93	99.7797
324.352	99.7286
323.776	99.7094
323.201	99.7362
322.629	99.7819
322.059	99.8025
321.491	99.777
320.925	99.7266
320.361	99.6968
319.799	99.72
319.238	99.7906
318.68	99.8738
318.124	99.936
317.57	99.9663
317.017	99.9725
316.467	99.9606
315.918	99.9229
315.371	99.849
314.826	99.7479
314.284	99.6551
313.743	99.6122
313.203	99.6347
312.666	99.6976
312.13	99.7538
311.597	99.7726
311.065	99.7618
310.535	99.7563
310.007	99.7829
309.48	99.8349
308.956	99.8794
308.433	99.8897
307.912	99.8709
307.392	99.8547
306.875	99.8684
306.359	99.9093
305.845	99.9476
305.332	99.9556
304.821	99.9335
304.312	99.9083
303.805	99.9061
303.3	99.928
302.796	99.951
302.293	99.9536
301.793	99.9388
301.294	99.9305
300.797	99.9471
300.301	99.9794
299.807	99.997
299.314	99.979
298.824	99.938
298.335	99.9129
297.847	99.9324
297.361	99.9855
296.877	100.028
296.394	100.021
295.912	99.9718
295.433	99.9257
294.955	99.9301
294.478	99.9883
294.003	100.054
293.529	100.073
293.057	100.033
292.587	99.9746
292.118	99.9564
291.65	100.001
291.184	100.071
290.72	100.107
290.257	100.075
289.795	99.9995
289.335	99.9363
288.877	99.9207
288.419	99.9345
287.964	99.9263
287.509	99.8633
287.057	99.7653
286.605	99.6886
286.155	99.6733
285.706	99.7049
285.259	99.7274
284.813	99.6957
284.369	99.6188
283.926	99.5529
283.484	99.5488
283.044	99.604
282.605	99.6634
282.168	99.6691
281.731	99.6136
281.297	99.5466
280.863	99.5285
280.431	99.575
280	99.6427
