1200	99.618
1192.15	99.6091
1184.4	99.5986
1176.75	99.5928
1169.21	99.5934
1161.75	99.5954
1154.39	99.5927
1147.13	99.5839
1139.95	99.574
1132.86	99.5691
1125.87	99.5706
1118.95	99.5734
1112.13	99.5712
1105.38	99.5631
1098.72	99.5543
1092.13	99.5509
1085.63	99.5539
1079.2	99.5578
1072.84	99.5567
1066.56	99.5498
1060.36	99.5425
1054.23	99.5411
1048.16	99.546
1042.17	99.5516
1036.24	99.5519
1030.38	99.5465
1024.59	99.5411
1018.86	99.5419
1013.2	99.5489
1007.6	99.5564
1002.06	99.5584
996.576	99.5546
991.156	99.5513
985.795	99.5544
980.491	99.5637
975.244	99.5732
970.053	99.5767
964.917	99.5746
959.835	99.5731
954.806	99.5784
949.83	99.5899
944.905	99.6012
940.031	99.6061
935.207	99.6053
930.433	99.6053
925.707	99.6124
921.028	99.6258
916.397	99.6386
911.812	99.6445
907.273	99.6443
902.778	99.6454
898.328	99.6539
893.922	99.6687
889.559	99.6824
885.238	99.6886
880.958	99.6885
876.72	99.6898
872.523	99.699
868.365	99.7147
864.247	99.7288
860.168	99.7346
856.127	99.7336
852.124	99.7343
848.159	99.7435
844.23	99.7595
840.337	99.7734
836.48	99.778
832.658	99.7753
828.871	99.7745
825.118	99.783
821.399	99.7988
817.714	99.8119
814.061	99.8145
810.441	99.8091
806.853	99.8059
803.296	99.8133
799.771	99.8287
796.277	99.8407
792.813	99.8407
789.379	99.8314
785.974	99.8251
782.599	99.8312
779.253	99.8465
775.935	99.8576
772.645	99.8541
769.383	99.8398
766.149	99.8295
762.941	99.835
759.761	99.8519
756.606	99.8631
753.478	99.8551
750.376	99.8327
747.299	99.8169
744.247	99.825
741.22	99.8523
738.218	99.873
735.239	99.8621
732.285	99.8196
729.354	99.7745
726.447	99.7618
723.563	99.7927
720.702	99.8431
717.863	99.8724
715.046	99.8576
712.251	99.8121
709.479	99.7737
706.727	99.7715
703.997	99.801
701.288	99.8302
698.6	99.8285
695.932	99.7945
693.285	99.7561
690.657	99.7442
688.05	99.765
685.462	99.7945
682.893	99.8017
680.344	99.7765
677.814	99.7384
675.302	99.7181
672.809	99.7289
670.334	99.7558
667.878	99.7697
665.439	99.7552
663.018	99.7236
660.615	99.7017
658.229	99.7066
655.86	99.7302
653.508	99.7478
651.173	99.7418
648.854	99.7181
646.553	99.6996
644.267	99.7046
641.997	99.729
639.744	99.7513
637.506	99.7524
635.283	99.7335
633.077	99.7145
630.885	99.7145
628.709	99.7342
626.547	99.7557
624.4	99.7597
622.268	99.7443
620.151	99.7258
618.048	99.7234
615.959	99.7409
613.884	99.7635
611.823	99.7723
609.776	99.7623
607.742	99.7466
605.723	99.7435
603.716	99.7591
601.723	99.7818
599.742	99.7938
597.775	99.7881
595.821	99.7749
593.879	99.7712
591.95	99.7848
590.034	99.8065
588.13	99.8198
586.238	99.8168
584.358	99.8057
582.49	99.8026
580.634	99.8154
578.79	99.8365
576.958	99.8503
575.137	99.8485
573.328	99.8382
571.53	99.8353
569.743	99.8482
567.967	99.8697
566.203	99.8836
564.449	99.8804
562.706	99.8672
560.974	99.8606
559.253	99.8711
557.542	99.8921
555.841	99.9062
554.151	99.9016
552.471	99.8838
550.802	99.8707
549.142	99.8753
547.492	99.8928
545.852	99.9043
544.222	99.8944
542.602	99.8665
540.991	99.8404
539.39	99.8349
537.798	99.8502
536.216	99.8682
534.643	99.869
533.079	99.8496
531.524	99.827
529.979	99.8221
528.442	99.84
526.914	99.8649
525.395	99.8747
523.885	99.8606
522.383	99.8358
520.89	99.8225
519.405	99.8318
517.929	99.853
516.461	99.8643
515.002	99.853
513.551	99.8269
512.108	99.8075
510.673	99.8092
509.246	99.8269
507.827	99.8406
506.415	99.8344
505.012	99.8115
503.616	99.7904
502.229	99.7878
500.848	99.8027
499.476	99.818
498.111	99.8163
496.753	99.7965
495.402	99.7746
494.059	99.7686
492.724	99.7815
491.395	99.7988
490.074	99.8018
488.759	99.7852
487.452	99.7618
486.152	99.7514
484.858	99.7622
483.572	99.7839
482.292	99.7965
481.019	99.7876
479.753	99.7626
478.493	99.7397
477.24	99.7339
475.994	99.746
474.754	99.7636
473.52	99.7727
472.293	99.7693
471.072	99.76
469.858	99.7543
468.649	99.7552
467.447	99.7585
466.251	99.7579
465.062	99.7519
463.878	99.7447
462.7	99.7414
461.528	99.7424
460.362	99.7434
459.202	99.7391
458.048	99.7286
456.9	99.7153
455.757	99.704
454.62	99.6971
453.489	99.693
452.363	99.6892
451.243	99.6842
450.129	99.6785
449.02	99.6728
447.916	99.6677
446.818	99.6631
445.725	99.6597
444.638	99.6582
443.556	99.658
442.479	99.6571
441.407	99.6538
440.34	99.6486
439.279	99.6446
438.223	99.6451
437.171	99.6494
436.125	99.6529
435.084	99.6512
434.048	99.6449
433.017	99.6405
431.99	99.6448
430.969	99.6572
429.952	99.6682
428.94	99.6668
427.933	99.6506
426.93	99.6303
425.932	99.6223
424.939	99.6349
423.951	99.6608
422.967	99.6816
421.987	99.6835
421.012	99.6688
420.042	99.6538
419.076	99.6539
418.115	99.6703
417.158	99.6885
416.205	99.6922
415.257	99.679
414.313	99.6623
413.373	99.6598
412.437	99.6763
411.506	99.699
410.579	99.7087
409.656	99.6978
408.737	99.6778
407.823	99.6701
406.912	99.6866
406.005	99.7193
405.103	99.7457
404.204	99.7466
403.31	99.7199
402.419	99.6784
401.533	99.6373
400.65	99.6016
399.771	99.567
398.896	99.5303
398.025	99.4978
397.157	99.482
396.294	99.49
395.434	99.5138
394.578	99.5355
393.725	99.5413
392.877	99.5327
392.031	99.5245
391.19	99.5303
390.352	99.5496
389.518	99.5684
388.687	99.5725
387.86	99.5611
387.036	99.5474
386.216	99.546
385.399	99.5592
384.586	99.5748
383.776	99.5776
382.969	99.5644
382.166	99.5464
381.367	99.5389
380.57	99.5466
379.777	99.5593
378.987	99.5616
378.201	99.5479
377.418	99.5275
376.638	99.5156
375.861	99.519
375.087	99.5298
374.317	99.5331
373.55	99.5211
372.785	99.5005
372.024	99.4855
371.267	99.485
370.512	99.4943
369.76	99.5002
369.011	99.4933
368.266	99.4762
367.523	99.4597
366.783	99.4521
366.047	99.4518
365.313	99.4508
364.582	99.444
363.854	99.4344
363.129	99.4301
362.407	99.434
361.688	99.4405
360.971	99.4403
360.258	99.4303
359.547	99.4175
358.839	99.4125
358.134	99.4188
357.432	99.428
356.732	99.4276
356.035	99.4136
355.341	99.3956
354.649	99.3887
353.96	99.3989
353.274	99.4163
352.591	99.4237
351.91	99.4121
351.232	99.3902
350.556	99.3768
349.883	99.3834
349.213	99.4034
348.545	99.4175
347.879	99.4117
347.217	99.3904
346.556	99.3727
345.899	99.3746
345.243	99.3942
344.591	99.4129
343.94	99.4131
343.292	99.3944
342.647	99.374
342.004	99.3706
341.363	99.3866
340.725	99.4066
340.089	99.4113
339.456	99.3966
338.825	99.3766
338.196	99.3705
337.569	99.3839
336.945	99.404
336.324	99.4116
335.704	99.4
335.087	99.3809
334.472	99.3733
333.859	99.3843
333.249	99.4028
332.64	99.4097
332.034	99.3968
331.43	99.3751
330.829	99.3643
330.229	99.3736
329.632	99.3926
329.037	99.401
328.444	99.3884
327.853	99.3648
327.264	99.3514
326.678	99.3597
326.093	99.3798
325.511	99.3887
324.93	99.3728
324.352	99.3418
323.776	99.3216
323.201	99.3308
322.629	99.3625
322.059	99.3894
321.491	99.3877
320.925	99.3582
320.361	99.3261
319.799	99.3185
319.238	99.3399
318.68	99.3687
318.124	99.3768
317.57	99.3552
317.017	99.3217
316.467	99.3044
315.918	99.3158
315.371	99.3422
314.826	99.3568
314.284	99.3443
313.743	99.3145
313.203	99.2928
312.666	99.2961
312.13	99.3184
311.597	99.3363
311.065	99.3316
310.535	99.3073
310.007	99.2843
309.48	99.2817
308.956	99.2992
308.433	99.3183
307.912	99.3198
307.392	99.3016
306.875	99.2795
306.359	99.2724
305.845	99.2844
305.332	99.302
304.821	99.3072
304.312	99.2941
303.805	99.2738
303.3	99.2636
302.796	99.2707
302.293	99.2863
301.793	99.2939
301.294	99.2852
300.797	99.2669
300.301	99.2543
299.807	99.2568
299.314	99.27
298.824	99.2801
298.335	99.2762
297.847	99.26
297.361	99.2437
296.877	99.2394
296.394	99.2495
295.912	99.2649
295.433	99.2726
294.955	99.265
294.478	99.2441
294.003	99.2192
293.529	99.2012
293.057	99.1966
292.587	99.2057
292.118	99.2226
291.65	99.2379
291.184	99.2433
290.72	99.2365
290.257	99.2232
289.795	99.213
289.335	99.2125
288.877	99.2193
288.419	99.2244
287.964	99.2196
287.509	99.2067
287.057	99.1963
286.605	99.1986
286.155	99.2128
285.706	99.226
285.259	99.2236
284.813	99.2035
284.369	99.1794
283.926	99.1694
283.484	99.179
283.044	99.1943
282.605	99.1929
282.168	99.1643
281.731	99.1211
281.297	99.0891
280.863	99.0855
280.431	99.1025
280	99.114
