1200	98.2318
1192.15	98.393
1184.4	98.4582
1176.75	98.4173
1169.21	98.3689
1161.75	98.417
1154.39	98.5619
1147.13	98.6983
1139.95	98.7256
1132.86	98.6539
1125.87	98.5947
1118.95	98.6447
1112.13	98.7837
1105.38	98.894
1098.72	98.8838
1092.13	98.784
1085.63	98.7182
1079.2	98.7729
1072.84	98.9062
1066.56	98.9894
1060.36	98.9421
1054.23	98.8176
1048.16	98.7498
1042.17	98.8126
1036.24	98.9408
1030.38	98.9961
1024.59	98.9121
1018.86	98.7665
1013.2	98.7022
1007.6	98.7775
1002.06	98.902
996.576	98.9285
991.156	98.8079
985.795	98.6446
980.491	98.5905
975.244	98.6845
970.053	98.8072
964.917	98.8024
959.835	98.6427
954.806	98.4653
949.83	98.4327
944.905	98.5602
940.031	98.6912
935.207	98.6555
930.433	98.4527
925.707	98.2674
921.028	98.2889
916.397	98.5111
911.812	98.7219
907.273	98.7035
902.778	98.4508
898.328	98.1871
893.922	98.1496
889.559	98.3549
885.238	98.5776
880.958	98.5713
876.72	98.3149
872.523	98.0372
868.365	97.9913
864.247	98.1999
860.168	98.4292
856.127	98.4207
852.124	98.1522
848.159	97.864
844.23	97.8205
840.337	98.0424
836.48	98.2811
832.658	98.2656
828.871	97.9776
825.118	97.6763
821.399	97.6424
817.714	97.8936
814.061	98.1599
810.441	98.1495
806.853	97.845
803.296	97.5302
799.771	97.5135
796.277	97.816
792.813	98.1384
789.379	98.148
785.974	97.8114
782.599	97.4398
779.253	97.394
775.935	97.7268
772.645	98.1127
769.383	98.1457
766.149	97.7287
762.941	97.1881
759.761	96.9983
756.606	97.3682
753.478	98.0641
750.376	98.6195
747.299	98.7266
744.247	98.4514
741.22	98.105
738.218	97.9274
735.239	97.8976
732.285	97.8292
729.354	97.6191
726.447	97.3801
723.563	97.3249
720.702	97.5339
717.863	97.8532
715.046	98.0315
712.251	97.9585
709.479	97.7638
706.727	97.6814
703.997	97.8167
701.288	98.0489
698.6	98.16
695.932	98.0554
693.285	97.853
690.657	97.7595
688.05	97.861
685.462	98.0427
682.893	98.1105
680.344	97.9884
677.814	97.7908
675.302	97.7024
672.809	97.7913
670.334	97.945
667.878	97.9889
665.439	97.8638
663.018	97.6821
660.615	97.61
658.229	97.6993
655.86	97.8392
653.508	97.8723
651.173	97.7546
648.854	97.5965
646.553	97.5475
644.267	97.6448
641.997	97.7794
639.744	97.81
637.506	97.7066
635.283	97.5772
633.077	97.5552
630.885	97.6644
628.709	97.7977
626.547	97.8302
624.4	97.7456
622.268	97.6503
620.151	97.6614
618.048	97.7871
615.959	97.9204
613.884	97.9507
611.823	97.8764
609.776	97.8047
607.742	97.839
605.723	97.9721
603.716	98.0943
601.723	98.1075
599.742	98.0267
597.775	97.966
595.821	98.0221
593.879	98.1749
591.95	98.3073
590.034	98.3234
588.13	98.2456
586.238	98.1927
584.358	98.2601
582.49	98.4237
580.634	98.5641
578.79	98.5863
576.958	98.5148
575.137	98.4689
573.328	98.5435
571.53	98.715
569.743	98.865
567.967	98.8976
566.203	98.8321
564.449	98.7809
562.706	98.8368
560.974	98.9825
559.253	99.1114
557.542	99.1351
555.841	99.0703
554.151	99.0183
552.471	99.0627
550.802	99.1881
549.142	99.2993
547.492	99.319
545.852	99.2631
544.222	99.221
542.602	99.2635
540.991	99.3729
539.39	99.4648
537.798	99.4749
536.216	99.4225
534.643	99.3879
533.079	99.429
531.524	99.5238
529.979	99.5958
528.442	99.5932
526.914	99.5405
525.395	99.5112
523.885	99.5512
522.383	99.6332
520.89	99.6864
519.405	99.6705
517.929	99.6159
516.461	99.5913
515.002	99.6322
513.551	99.7052
512.108	99.7434
510.673	99.716
509.246	99.6596
507.827	99.6398
506.415	99.6836
505.012	99.7519
503.616	99.7798
502.229	99.7436
500.848	99.6845
499.476	99.6663
498.111	99.71
496.753	99.7723
495.402	99.7901
494.059	99.7447
492.724	99.6803
491.395	99.6593
490.074	99.6985
488.759	99.7533
487.452	99.7632
486.152	99.7129
484.858	99.6474
483.572	99.6248
482.292	99.6584
481.019	99.7036
479.753	99.704
478.493	99.6465
477.24	99.5694
475.994	99.5178
474.754	99.4937
473.52	99.4554
472.293	99.3669
471.072	99.2442
469.858	99.1472
468.649	99.1219
467.447	99.1512
466.251	99.1668
465.062	99.1155
463.878	99.0149
462.7	98.9411
461.528	98.9565
460.362	99.0458
459.202	99.1248
458.048	99.1152
456.9	99.0172
455.757	98.9095
454.62	98.8772
453.489	98.9348
452.363	99.016
451.243	99.0384
450.129	98.9792
449.02	98.893
447.916	98.8556
446.818	98.8929
445.725	98.9605
444.638	98.9909
443.556	98.9586
442.479	98.9007
441.407	98.8757
440.34	98.9062
439.279	98.9605
438.223	98.9879
437.171	98.9699
436.125	98.9354
435.084	98.9273
434.048	98.959
433.017	99.0029
431.99	99.0223
430.969	99.0093
429.952	98.9916
428.94	99.0005
427.933	99.0378
426.93	99.0747
425.932	99.0833
424.939	99.0676
423.951	99.0593
422.967	99.0834
421.987	99.1304
421.012	99.1646
420.042	99.1615
419.076	99.1352
418.115	99.1275
417.158	99.1665
416.205	99.238
415.257	99.2975
414.313	99.3119
413.373	99.2906
412.437	99.2746
411.506	99.2953
410.579	99.345
409.656	99.387
408.737	99.3946
407.823	99.378
406.912	99.3722
406.005	99.3991
405.103	99.444
404.204	99.4713
403.31	99.4625
402.419	99.4381
401.533	99.4371
400.65	99.4762
399.771	99.5298
398.896	99.5541
398.025	99.5321
397.157	99.4944
396.294	99.4913
395.434	99.5424
394.578	99.6144
393.725	99.6499
392.877	99.6239
392.031	99.5708
391.19	99.5541
390.352	99.6058
389.518	99.6932
388.687	99.7472
387.86	99.7266
387.036	99.6592
386.216	99.6176
385.399	99.6522
384.586	99.7432
383.776	99.8171
382.969	99.8137
382.166	99.7414
381.367	99.67
380.57	99.6683
379.777	99.7431
378.987	99.8344
378.201	99.8692
377.418	99.8229
376.638	99.7361
375.861	99.6768
375.087	99.6872
374.317	99.762
373.55	99.8686
372.785	99.9794
372.024	100.081
371.267	100.157
370.512	100.17
369.76	100.078
369.011	99.8764
368.266	99.6184
367.523	99.399
366.783	99.2953
366.047	99.3162
365.313	99.403
364.582	99.4798
363.854	99.5107
363.129	99.5159
362.407	99.5389
361.688	99.5989
360.971	99.6739
360.258	99.7264
359.547	99.7414
358.839	99.7401
358.134	99.756
357.432	99.8005
356.732	99.8525
356.035	99.8814
355.341	99.8793
354.649	99.8688
353.96	99.8793
353.274	99.9173
352.591	99.9599
351.91	99.9795
351.232	99.9724
350.556	99.9634
349.883	99.9801
349.213	100.024
348.545	100.068
347.879	100.083
347.217	100.071
346.556	100.06
345.899	100.079
345.243	100.127
344.591	100.169
343.94	100.176
343.292	100.153
342.647	100.137
342.004	100.162
341.363	100.22
340.725	100.262
340.089	100.247
339.456	100.186
338.825	100.15
338.196	100.21
337.569	100.377
336.945	100.576
336.324	100.696
335.704	100.664
335.087	100.497
334.472	100.277
333.859	100.083
333.249	99.9455
332.64	99.842
332.034	99.7484
331.43	99.6745
330.829	99.6567
330.229	99.7127
329.632	99.8101
329.037	99.8827
328.444	99.8847
327.853	99.8328
327.264	99.7921
326.678	99.8182
326.093	99.9055
325.511	99.9914
324.93	100.014
324.352	99.9683
323.776	99.9137
323.201	99.9169
322.629	99.9914
322.059	100.084
321.491	100.124
320.925	100.089
320.361	100.026
319.799	100.008
319.238	100.065
318.68	100.157
318.124	100.211
317.57	100.187
317.017	100.119
316.467	100.081
315.918	100.118
315.371	100.204
314.826	100.267
314.284	100.256
313.743	100.187
313.203	100.13
312.666	100.144
312.13	100.219
311.597	100.292
311.065	100.298
310.535	100.236
310.007	100.164
309.48	100.148
308.956	100.201
308.433	100.275
307.912	100.31
307.392	100.287
306.875	100.245
306.359	100.236
305.845	100.273
305.332	100.316
304.821	100.311
304.312	100.245
303.805	100.163
303.3	100.12
302.796	100.135
302.293	100.171
301.793	100.173
301.294	100.121
300.797	100.051
300.301	100.02
299.807	100.048
299.314	100.098
298.824	100.117
298.335	100.088
297.847	100.048
297.361	100.052
296.877	100.114
296.394	100.186
295.912	100.201
295.433	100.141
294.955	100.06
294.478	100.039
294.003	100.112
293.529	100.229
293.057	100.296
292.587	100.261
292.118	100.168
291.65	100.113
291.184	100.165
290.72	100.295
290.257	100.401
289.795	100.402
289.335	100.307
288.877	100.21
288.419	100.202
287.964	100.285
287.509	100.371
287.057	100.362
286.605	100.237
286.155	100.077
285.706	99.9879
285.259	100.008
284.813	100.076
284.369	100.092
283.926	100.006
283.484	99.868
283.044	99.7751
282.605	99.7863
282.168	99.8706
281.731	99.9399
281.297	99.9316
280.863	99.8621
280.431	99.805
280	99.8181
