1200	0.349717
1192.15	0.352781
1184.4	0.355916
1176.75	0.359181
1169.21	0.362296
1161.75	0.364911
1154.39	0.366953
1147.13	0.368687
1139.95	0.370443
1132.86	0.372268
1125.87	0.373866
1118.95	0.374886
1112.13	0.375276
1105.38	0.375327
1098.72	0.375374
1092.13	0.375447
1085.63	0.375237
1079.2	0.3744
1072.84	0.372908
1066.56	0.371078
1060.36	0.369242
1054.23	0.367416
1048.16	0.365275
1042.17	0.362492
1036.24	0.359067
1030.38	0.355337
1024.59	0.351631
1018.86	0.347941
1013.2	0.343939
1007.6	0.339315
1002.06	0.334103
996.576	0.32865
991.156	0.323276
985.795	0.317954
980.491	0.312355
975.244	0.306194
970.053	0.299532
964.917	0.292724
959.835	0.286072
954.806	0.279535
949.83	0.272789
944.905	0.265576
940.031	0.257978
935.207	0.25035
930.433	0.242973
925.707	0.235796
921.028	0.228508
916.397	0.220876
911.812	0.212996
907.273	0.205211
902.778	0.197781
898.328	0.190652
893.922	0.183533
889.559	0.176212
885.238	0.168786
880.958	0.161574
876.72	0.154822
872.523	0.14848
868.365	0.142282
864.247	0.136029
860.168	0.1298
856.127	0.123886
852.124	0.118522
848.159	0.113676
844.23	0.109109
840.337	0.10462
836.48	0.100253
832.658	0.096262
828.871	0.0928823
825.118	0.0901189
821.399	0.0877562
817.714	0.0855711
814.061	0.0835495
810.441	0.0819079
806.853	0.0808999
803.296	0.080584
799.771	0.0807655
796.277	0.081171
792.813	0.081703
789.379	0.0825415
785.974	0.0839878
782.599	0.0861779
779.253	0.0889291
775.935	0.0918795
772.645	0.0948165
769.383	0.0978929
766.149	0.101502
762.941	0.105893
759.761	0.110881
756.606	0.115956
753.478	0.120746
750.376	0.125398
747.299	0.130471
744.247	0.136387
741.22	0.142932
738.218	0.14935
735.239	0.155026
732.285	0.160133
729.354	0.165548
726.447	0.171996
723.563	0.179187
720.702	0.185878
717.863	0.190976
715.046	0.194731
712.251	0.198745
709.479	0.204467
706.727	0.211339
703.997	0.216377
701.288	0.216002
698.6	0.209004
695.932	0.198263
693.285	0.189566
690.657	0.188074
688.05	0.194953
685.462	0.206704
682.893	0.217648
680.344	0.223646
677.814	0.224291
675.302	0.222202
672.809	0.220396
670.334	0.220037
667.878	0.220196
665.439	0.219362
663.018	0.217075
660.615	0.214247
658.229	0.212152
655.86	0.211225
653.508	0.210813
651.173	0.209948
648.854	0.208278
646.553	0.20626
644.267	0.204535
641.997	0.203218
639.744	0.201777
637.506	0.199562
635.283	0.1964
633.077	0.192666
630.885	0.188839
628.709	0.185017
626.547	0.180872
624.4	0.17603
622.268	0.170459
620.151	0.164483
618.048	0.158465
615.959	0.152485
613.884	0.146336
611.823	0.139791
609.776	0.132858
607.742	0.125779
605.723	0.118802
603.716	0.111984
601.723	0.10519
599.742	0.098277
597.775	0.0912541
595.821	0.0842782
593.879	0.0775098
591.95	0.070984
590.034	0.0646115
588.13	0.0582932
586.238	0.0520339
584.358	0.0459582
582.49	0.0402281
580.634	0.0349398
578.79	0.0300822
576.958	0.0255823
575.137	0.0213961
573.328	0.0175702
571.53	0.0142236
569.743	0.0114586
567.967	0.00927072
566.203	0.00753937
564.449	0.00612026
562.706	0.00496762
560.974	0.00417267
559.253	0.00386892
557.542	0.00408132
555.841	0.0046659
554.151	0.0054149
552.471	0.00624139
550.802	0.00726382
549.142	0.00869316
547.492	0.0106196
545.852	0.0129094
544.222	0.0153251
542.602	0.0177589
540.991	0.0203386
539.39	0.0232862
537.798	0.0266621
536.216	0.0302625
534.643	0.0337909
533.079	0.0371366
531.524	0.0404635
529.979	0.0439945
528.442	0.0477045
526.914	0.0512569
525.395	0.0542811
523.885	0.0567103
522.383	0.0587909
520.89	0.0606985
519.405	0.0621657
517.929	0.0626468
516.461	0.0621005
515.002	0.061816
513.551	0.0644449
512.108	0.07289
510.673	0.0885947
509.246	0.110364
507.827	0.134594
506.415	0.156856
505.012	0.173869
503.616	0.184688
502.229	0.190531
500.848	0.193575
499.476	0.195594
498.111	0.197241
496.753	0.198212
495.402	0.197949
494.059	0.196318
492.724	0.193802
491.395	0.191158
490.074	0.188819
488.759	0.18653
487.452	0.183544
486.152	0.179295
484.858	0.17402
483.572	0.168748
482.292	0.1645
481.019	0.161233
479.753	0.157472
478.493	0.151154
477.24	0.141277
475.994	0.129114
474.754	0.117881
473.52	0.110854
472.293	0.109177
471.072	0.111013
469.858	0.112724
468.649	0.111283
467.447	0.106148
466.251	0.0992831
465.062	0.0934492
463.878	0.0901636
462.7	0.0888419
461.528	0.0875765
460.362	0.0847272
459.202	0.0800235
458.048	0.0744688
456.9	0.0693779
455.757	0.065459
454.62	0.0626009
453.489	0.0603061
452.363	0.0582208
451.243	0.0562981
450.129	0.0545935
449.02	0.0530275
447.916	0.0513887
446.818	0.0495355
445.725	0.0475468
444.638	0.0456551
443.556	0.0440407
442.479	0.042699
441.407	0.0415012
440.34	0.0403607
439.279	0.0393285
438.223	0.0385315
437.171	0.0380343
436.125	0.0377717
435.084	0.0376101
434.048	0.0374652
433.017	0.037358
431.99	0.0373664
430.969	0.0375344
429.952	0.0378298
428.94	0.038181
427.933	0.0385418
426.93	0.0389207
425.932	0.0393554
424.939	0.0398686
423.951	0.040449
422.967	0.0410677
421.987	0.0417035
421.012	0.0423538
420.042	0.0430261
419.076	0.0437258
418.115	0.0444497
417.158	0.0451863
416.205	0.0459167
415.257	0.0466174
414.313	0.0472681
413.373	0.0478582
412.437	0.0483856
411.506	0.0488451
410.579	0.049218
409.656	0.0494761
408.737	0.0495988
407.823	0.049586
406.912	0.0494516
406.005	0.0492011
405.103	0.0488184
404.204	0.0482769
403.31	0.0475646
402.419	0.0466954
401.533	0.0456945
400.65	0.0445741
399.771	0.0433343
398.896	0.0419969
398.025	0.0406445
397.157	0.0394223
396.294	0.0384891
395.434	0.0379481
394.578	0.037804
393.725	0.0379708
392.877	0.0383114
392.031	0.0386792
391.19	0.0389467
390.352	0.0390267
389.518	0.0388913
388.687	0.0385754
387.86	0.0381467
387.036	0.0376548
386.216	0.0370991
385.399	0.0364495
384.586	0.0357041
383.776	0.0349259
382.969	0.0342142
382.166	0.033637
381.367	0.0332008
380.57	0.0329075
379.777	0.0328571
378.987	0.0332908
378.201	0.0345042
377.418	0.0366794
376.638	0.0397673
375.861	0.0435147
375.087	0.0476033
374.317	0.0517691
373.55	0.055812
372.785	0.0595312
372.024	0.0627114
371.267	0.0652216
370.512	0.0671443
369.76	0.0687763
369.011	0.070444
368.266	0.0722655
367.523	0.0740796
366.783	0.0756306
366.047	0.0768533
365.313	0.0779822
364.582	0.079353
363.854	0.0810582
363.129	0.082785
362.407	0.0840223
361.688	0.084485
360.971	0.0843813
360.258	0.0842669
359.547	0.084592
358.839	0.0853321
358.134	0.0860212
357.432	0.0861459
356.732	0.085537
356.035	0.0844093
355.341	0.0830448
354.649	0.0814481
353.96	0.0793267
353.274	0.0764283
352.591	0.0729144
351.91	0.0693959
351.232	0.066556
350.556	0.0646623
349.883	0.0633753
349.213	0.0620079
348.545	0.0600071
347.879	0.0572653
347.217	0.0540473
346.556	0.0506628
345.899	0.047208
345.243	0.0435883
344.591	0.0397546
343.94	0.0358969
343.292	0.0324125
342.647	0.0296884
342.004	0.0279042
341.363	0.0270142
340.725	0.0268831
340.089	0.0274142
339.456	0.0285462
338.825	0.0301463
338.196	0.0319386
337.569	0.0335696
336.945	0.034772
336.324	0.0354891
335.704	0.0358587
335.087	0.0360795
334.472	0.0362838
333.859	0.036513
333.249	0.0367893
332.64	0.0371888
332.034	0.0378398
331.43	0.0388558
330.829	0.0402869
330.229	0.0421478
329.632	0.0445
329.037	0.0474994
328.444	0.0513443
327.853	0.0561475
327.264	0.0618285
326.678	0.0681137
326.093	0.0746461
325.511	0.0811258
324.93	0.0873893
324.352	0.0933952
323.776	0.0991583
323.201	0.1047
322.629	0.110043
322.059	0.115234
321.491	0.120337
320.925	0.125403
320.361	0.130436
319.799	0.135389
319.238	0.140204
318.68	0.144855
318.124	0.149358
317.57	0.153735
317.017	0.15797
316.467	0.162007
315.918	0.165781
315.371	0.169261
314.826	0.172455
314.284	0.175377
313.743	0.178011
313.203	0.180303
312.666	0.182194
312.13	0.183664
311.597	0.18473
311.065	0.185415
310.535	0.185712
310.007	0.185575
309.48	0.184958
308.956	0.18387
308.433	0.182389
307.912	0.180644
307.392	0.178759
306.875	0.176799
306.359	0.174728
305.845	0.172391
305.332	0.169546
304.821	0.165955
304.312	0.161532
303.805	0.156461
303.3	0.151191
302.796	0.146247
302.293	0.141945
301.793	0.138187
301.294	0.134496
300.797	0.130293
300.301	0.125253
299.807	0.119481
299.314	0.113406
298.824	0.107489
298.335	0.101968
297.847	0.0968154
297.361	0.0918878
296.877	0.087115
296.394	0.0825586
295.912	0.0783296
295.433	0.0744798
294.955	0.0709913
294.478	0.0678702
294.003	0.0652393
293.529	0.0633298
293.057	0.0623858
292.587	0.0625913
292.118	0.0641112
291.65	0.0672072
291.184	0.0722858
290.72	0.0797632
290.257	0.0897904
289.795	0.102019
289.335	0.115598
288.877	0.129423
288.419	0.142501
287.964	0.154202
287.509	0.164297
287.057	0.172819
286.605	0.179908
286.155	0.185744
285.706	0.190561
285.259	0.194661
284.813	0.19837
284.369	0.201929
283.926	0.20542
283.484	0.208792
283.044	0.21196
282.605	0.214936
282.168	0.217883
281.731	0.221065
281.297	0.224723
280.863	0.228946
280.431	0.233617
280	0.238452
