1200	99.6325
1192.15	99.6293
1184.4	99.6219
1176.75	99.6165
1169.21	99.6174
1161.75	99.622
1154.39	99.6239
1147.13	99.6199
1139.95	99.6138
1132.86	99.612
1125.87	99.6164
1118.95	99.6221
1112.13	99.6232
1105.38	99.6192
1098.72	99.6156
1092.13	99.6178
1085.63	99.6249
1079.2	99.6309
1072.84	99.6313
1066.56	99.6281
1060.36	99.6278
1054.23	99.6337
1048.16	99.6426
1042.17	99.648
1036.24	99.6478
1030.38	99.6462
1024.59	99.6494
1018.86	99.6583
1013.2	99.6677
1007.6	99.672
1002.06	99.6715
996.576	99.672
991.156	99.6784
985.795	99.6891
980.491	99.6977
975.244	99.7003
970.053	99.6999
964.917	99.7027
959.835	99.7116
954.806	99.7225
949.83	99.7292
944.905	99.73
940.031	99.73
935.207	99.7349
930.433	99.7451
925.707	99.7548
921.028	99.7587
916.397	99.7578
911.812	99.7584
907.273	99.7649
902.778	99.775
898.328	99.7821
893.922	99.7827
889.559	99.7803
885.238	99.7817
880.958	99.789
876.72	99.7976
872.523	99.801
868.365	99.7982
864.247	99.795
860.168	99.7971
856.127	99.8042
852.124	99.81
848.159	99.8091
844.23	99.8035
840.337	99.7999
836.48	99.8027
832.658	99.8086
828.871	99.8106
825.118	99.8055
821.399	99.7979
817.714	99.7947
814.061	99.7977
810.441	99.8015
806.853	99.7993
803.296	99.7907
799.771	99.7822
796.277	99.78
792.813	99.783
789.379	99.784
785.974	99.7778
782.599	99.7668
779.253	99.7588
775.935	99.7581
772.645	99.7607
769.383	99.7587
766.149	99.7491
762.941	99.7374
759.761	99.7313
756.606	99.7325
753.478	99.7344
750.376	99.7294
747.299	99.7177
744.247	99.7069
741.22	99.704
738.218	99.7073
735.239	99.708
732.285	99.7005
729.354	99.6882
726.447	99.6803
723.563	99.6814
720.702	99.6863
717.863	99.6857
715.046	99.6763
712.251	99.6651
709.479	99.6616
706.727	99.667
703.997	99.673
701.288	99.6706
698.6	99.6603
695.932	99.652
693.285	99.6539
690.657	99.6634
688.05	99.6695
685.462	99.6649
682.893	99.6547
680.344	99.6507
677.814	99.6586
675.302	99.6712
672.809	99.6759
670.334	99.6689
667.878	99.6599
665.439	99.6615
663.018	99.6754
660.615	99.6894
658.229	99.6909
655.86	99.6811
653.508	99.6746
651.173	99.6831
648.854	99.7023
646.553	99.7153
644.267	99.7113
641.997	99.6984
639.744	99.6961
637.506	99.7134
635.283	99.7376
633.077	99.7463
630.885	99.7325
628.709	99.715
626.547	99.7208
624.4	99.7551
622.268	99.7917
620.151	99.7957
618.048	99.759
615.959	99.7126
613.884	99.6999
611.823	99.7369
609.776	99.7952
607.742	99.8285
605.723	99.8147
603.716	99.7751
601.723	99.7516
599.742	99.7656
597.775	99.7999
595.821	99.8187
593.879	99.8055
591.95	99.7785
590.034	99.7693
588.13	99.7894
586.238	99.8183
584.358	99.8259
582.49	99.8044
580.634	99.776
578.79	99.7692
576.958	99.7899
575.137	99.8152
573.328	99.8183
571.53	99.7948
569.743	99.7662
567.967	99.7566
566.203	99.7697
564.449	99.7882
562.706	99.7943
560.974	99.7872
559.253	99.7793
557.542	99.7777
555.841	99.7744
554.151	99.7577
552.471	99.731
550.802	99.7152
549.142	99.7289
547.492	99.7662
545.852	99.7969
544.222	99.7938
542.602	99.7595
540.991	99.7251
539.39	99.7205
537.798	99.7451
536.216	99.7694
534.643	99.7657
533.079	99.7364
531.524	99.7108
529.979	99.7143
528.442	99.7412
526.914	99.761
525.395	99.7503
523.885	99.7179
522.383	99.6955
520.89	99.7047
519.405	99.734
517.929	99.7509
516.461	99.7354
515.002	99.7015
513.551	99.6819
512.108	99.6946
510.673	99.7239
509.246	99.7372
507.827	99.7192
506.415	99.6873
505.012	99.6732
503.616	99.6896
502.229	99.7173
500.848	99.7259
499.476	99.7057
498.111	99.6774
496.753	99.67
495.402	99.6899
494.059	99.7148
492.724	99.7177
491.395	99.6954
490.074	99.6711
488.759	99.67
487.452	99.6922
486.152	99.7132
484.858	99.7103
483.572	99.6862
482.292	99.6661
481.019	99.6706
479.753	99.6938
478.493	99.7103
477.24	99.7019
475.994	99.6773
474.754	99.6619
473.52	99.6714
472.293	99.6946
471.072	99.7061
469.858	99.6933
468.649	99.6695
467.447	99.6595
466.251	99.6732
465.062	99.6952
463.878	99.7018
462.7	99.6858
461.528	99.6642
460.362	99.6599
459.202	99.677
458.048	99.697
456.9	99.6988
455.757	99.6809
454.62	99.663
453.489	99.6644
452.363	99.6838
451.243	99.7011
450.129	99.6987
449.02	99.6806
447.916	99.6674
446.818	99.6743
445.725	99.6949
444.638	99.7083
443.556	99.7021
442.479	99.6853
441.407	99.6781
440.34	99.6899
439.279	99.7084
438.223	99.7125
437.171	99.6948
436.125	99.6695
435.084	99.6568
434.048	99.6607
433.017	99.6639
431.99	99.6459
430.969	99.6052
429.952	99.5631
428.94	99.5433
427.933	99.549
426.93	99.5613
425.932	99.5583
424.939	99.5375
423.951	99.5168
422.967	99.5148
421.987	99.5317
421.012	99.5492
420.042	99.5499
419.076	99.5347
418.115	99.5202
417.158	99.52
416.205	99.5309
415.257	99.5367
414.313	99.5266
413.373	99.5069
412.437	99.4944
411.506	99.4986
410.579	99.5121
409.656	99.5193
408.737	99.5125
407.823	99.4997
406.912	99.4953
406.005	99.5039
405.103	99.5159
404.204	99.5179
403.31	99.5069
402.419	99.4937
401.533	99.4908
400.65	99.4991
399.771	99.5072
398.896	99.5035
398.025	99.4886
397.157	99.4742
396.294	99.4714
395.434	99.4793
394.578	99.4863
393.725	99.4818
392.877	99.4656
392.031	99.4471
391.19	99.4352
390.352	99.4312
389.518	99.4301
388.687	99.4277
387.86	99.4241
387.036	99.4216
386.216	99.4195
385.399	99.4145
384.586	99.4049
383.776	99.3938
382.969	99.3862
382.166	99.383
381.367	99.3798
380.57	99.3719
379.777	99.3604
378.987	99.352
378.201	99.3514
377.418	99.3549
376.638	99.3534
375.861	99.3418
375.087	99.3264
374.317	99.3187
373.55	99.3238
372.785	99.3339
372.024	99.3351
371.267	99.3218
370.512	99.3026
369.76	99.2915
369.011	99.2925
368.266	99.2946
367.523	99.283
366.783	99.2556
366.047	99.2272
365.313	99.2152
364.582	99.2218
363.854	99.2313
363.129	99.2261
362.407	99.2053
361.688	99.1861
360.971	99.186
360.258	99.2037
359.547	99.2196
358.839	99.2157
358.134	99.1947
357.432	99.1776
356.732	99.182
356.035	99.2033
355.341	99.2191
354.649	99.212
353.96	99.1887
353.274	99.1729
352.591	99.1807
351.91	99.204
351.232	99.2179
350.556	99.2073
349.883	99.1825
349.213	99.169
348.545	99.1806
347.879	99.2049
347.217	99.2159
346.556	99.2014
345.899	99.1759
345.243	99.1654
344.591	99.1803
343.94	99.2042
343.292	99.211
342.647	99.1924
342.004	99.1666
341.363	99.1593
340.725	99.1768
340.089	99.1988
339.456	99.2004
338.825	99.1776
338.196	99.1521
337.569	99.1482
336.945	99.1671
336.324	99.186
335.704	99.1816
335.087	99.1551
334.472	99.1308
333.859	99.1302
333.249	99.1497
332.64	99.1643
332.034	99.1538
331.43	99.1245
330.829	99.1023
330.229	99.1053
329.632	99.1248
329.037	99.1345
328.444	99.1183
327.853	99.0875
327.264	99.0686
326.678	99.0753
326.093	99.0942
325.511	99.0988
324.93	99.0779
324.352	99.047
323.776	99.0323
323.201	99.0426
322.629	99.0601
322.059	99.0596
321.491	99.035
320.925	99.0055
320.361	98.9956
319.799	99.0088
319.238	99.0242
318.68	99.0189
318.124	98.9921
317.57	98.9656
317.017	98.961
316.467	98.9765
315.918	98.9896
315.371	98.9808
314.826	98.9545
314.284	98.9336
313.743	98.9352
313.203	98.9528
312.666	98.9642
312.13	98.9554
311.597	98.9352
311.065	98.9247
310.535	98.9333
310.007	98.9487
309.48	98.9514
308.956	98.9373
308.433	98.923
307.912	98.9272
307.392	98.9481
306.875	98.962
306.359	98.9469
305.845	98.9057
305.332	98.8644
304.821	98.8452
304.312	98.8444
303.805	98.8367
303.3	98.8047
302.796	98.7598
302.293	98.7327
301.793	98.7413
301.294	98.7704
300.797	98.7855
300.301	98.768
299.807	98.7349
299.314	98.7214
298.824	98.7445
298.335	98.7837
297.847	98.8018
297.361	98.7835
296.877	98.7517
296.394	98.7442
295.912	98.7738
295.433	98.8141
294.955	98.8262
294.478	98.7997
294.003	98.7643
293.529	98.7597
293.057	98.7941
292.587	98.8352
292.118	98.8428
291.65	98.8106
291.184	98.7729
290.72	98.7693
290.257	98.8032
289.795	98.8382
289.335	98.8363
288.877	98.7978
288.419	98.7616
287.964	98.7646
287.509	98.803
287.057	98.8354
286.605	98.8262
286.155	98.7831
285.706	98.75
285.259	98.7618
284.813	98.8074
284.369	98.8405
283.926	98.827
283.484	98.7805
283.044	98.7482
282.605	98.7619
282.168	98.8045
281.731	98.8275
281.297	98.802
280.863	98.7492
280.431	98.7198
280	98.7406
