1200	99.5776
1192.15	99.5739
1184.4	99.5743
1176.75	99.5722
1169.21	99.5642
1161.75	99.5557
1154.39	99.5526
1147.13	99.5527
1139.95	99.5488
1132.86	99.5394
1125.87	99.5313
1118.95	99.5292
1112.13	99.5291
1105.38	99.5236
1098.72	99.5135
1092.13	99.5065
1085.63	99.5059
1079.2	99.5055
1072.84	99.4989
1066.56	99.4888
1060.36	99.4836
1054.23	99.4847
1048.16	99.4842
1042.17	99.4767
1036.24	99.4676
1030.38	99.465
1024.59	99.468
1018.86	99.4673
1013.2	99.4595
1007.6	99.4521
1002.06	99.4528
996.576	99.4577
991.156	99.4568
985.795	99.4491
980.491	99.4444
975.244	99.4487
970.053	99.4554
964.917	99.4542
959.835	99.4473
954.806	99.4459
949.83	99.4542
944.905	99.4623
940.031	99.4607
935.207	99.455
930.433	99.4579
925.707	99.4701
921.028	99.479
916.397	99.4768
911.812	99.473
907.273	99.4806
902.778	99.4966
898.328	99.5056
893.922	99.5024
889.559	99.5009
885.238	99.5138
880.958	99.5331
876.72	99.5411
872.523	99.5366
868.365	99.5382
864.247	99.557
860.168	99.5788
856.127	99.5841
852.124	99.5779
848.159	99.5837
844.23	99.6092
840.337	99.6322
836.48	99.6326
832.658	99.6239
828.871	99.6363
825.118	99.671
821.399	99.6935
817.714	99.6835
814.061	99.6707
810.441	99.6987
806.853	99.7587
803.296	99.7889
799.771	99.7523
796.277	99.6943
792.813	99.6941
789.379	99.7643
785.974	99.8302
782.599	99.8221
779.253	99.7641
775.935	99.7419
772.645	99.7899
769.383	99.8486
766.149	99.8465
762.941	99.7962
759.761	99.7754
756.606	99.8191
753.478	99.8729
750.376	99.8685
747.299	99.8176
744.247	99.795
741.22	99.835
738.218	99.8853
735.239	99.8799
732.285	99.8303
729.354	99.8077
726.447	99.8441
723.563	99.8893
720.702	99.8818
717.863	99.8342
715.046	99.8134
712.251	99.847
709.479	99.886
706.727	99.8747
703.997	99.8287
701.288	99.8107
698.6	99.8424
695.932	99.875
693.285	99.8595
690.657	99.8149
688.05	99.8003
685.462	99.8308
682.893	99.8576
680.344	99.838
677.814	99.7953
675.302	99.7846
672.809	99.8147
670.334	99.8365
667.878	99.8138
665.439	99.7741
663.018	99.7684
660.615	99.7989
658.229	99.8168
655.86	99.7928
653.508	99.7582
651.173	99.7594
648.854	99.7921
646.553	99.8085
644.267	99.7865
641.997	99.761
639.744	99.7734
637.506	99.813
635.283	99.8333
633.077	99.8201
630.885	99.8117
628.709	99.844
626.547	99.8988
624.4	99.9296
622.268	99.9258
620.151	99.9208
618.048	99.9317
615.959	99.9219
613.884	99.845
611.823	99.7157
609.776	99.605
607.742	99.5605
605.723	99.5564
603.716	99.5374
601.723	99.4947
599.742	99.4708
597.775	99.492
595.821	99.5267
593.879	99.5283
591.95	99.4992
590.034	99.4861
588.13	99.5129
586.238	99.5475
584.358	99.548
582.49	99.5219
580.634	99.514
578.79	99.543
576.958	99.5755
575.137	99.5747
573.328	99.5522
571.53	99.5504
569.743	99.5822
567.967	99.6134
566.203	99.6122
564.449	99.5938
562.706	99.5976
560.974	99.6308
559.253	99.6596
557.542	99.6579
555.841	99.6438
554.151	99.6521
552.471	99.6848
550.802	99.7096
549.142	99.7081
547.492	99.7004
545.852	99.7142
544.222	99.7434
542.602	99.7581
540.991	99.7502
539.39	99.7464
537.798	99.769
536.216	99.8012
534.643	99.81
533.079	99.7939
531.524	99.7865
529.979	99.8089
528.442	99.8393
526.914	99.8433
525.395	99.8231
523.885	99.8152
522.383	99.8379
520.89	99.8653
519.405	99.8631
517.929	99.8378
516.461	99.8278
515.002	99.8492
513.551	99.8731
512.108	99.8664
510.673	99.8384
509.246	99.8274
507.827	99.8465
506.415	99.866
505.012	99.8557
503.616	99.8275
502.229	99.8171
500.848	99.8339
499.476	99.8484
498.111	99.8356
496.753	99.8099
495.402	99.8024
494.059	99.8162
492.724	99.824
491.395	99.8099
490.074	99.793
488.759	99.7961
487.452	99.8088
486.152	99.8002
484.858	99.7674
483.572	99.7465
482.292	99.7647
481.019	99.7994
479.753	99.803
478.493	99.7659
477.24	99.7303
475.994	99.7354
474.754	99.7668
473.52	99.7774
472.293	99.751
471.072	99.7205
469.858	99.7206
468.649	99.7417
467.447	99.7484
466.251	99.7314
465.062	99.7181
463.878	99.7296
462.7	99.7483
461.528	99.7444
460.362	99.7211
459.202	99.7109
458.048	99.7291
456.9	99.7499
455.757	99.7431
454.62	99.7172
453.489	99.7082
452.363	99.7279
451.243	99.7469
450.129	99.7363
449.02	99.7095
447.916	99.7036
446.818	99.7264
445.725	99.7448
444.638	99.7317
443.556	99.7051
442.479	99.7029
441.407	99.7288
440.34	99.7466
439.279	99.7315
438.223	99.7055
437.171	99.7066
436.125	99.7345
435.084	99.7508
434.048	99.7332
433.017	99.7076
431.99	99.7114
430.969	99.7405
429.952	99.7547
428.94	99.7344
427.933	99.7091
426.93	99.7157
425.932	99.7464
424.939	99.759
423.951	99.7367
422.967	99.7124
421.987	99.723
421.012	99.7566
420.042	99.7693
419.076	99.7467
418.115	99.7255
417.158	99.7422
416.205	99.7816
415.257	99.7968
414.313	99.7752
413.373	99.757
412.437	99.7778
411.506	99.8147
410.579	99.8109
409.656	99.7506
408.737	99.6815
407.823	99.655
406.912	99.6619
406.005	99.6516
405.103	99.6082
404.204	99.5786
403.31	99.6108
402.419	99.6814
401.533	99.7129
400.65	99.6653
399.771	99.5892
398.896	99.5713
398.025	99.6347
397.157	99.713
396.294	99.7278
395.434	99.6744
394.578	99.6184
393.725	99.6128
392.877	99.6402
392.031	99.643
391.19	99.5994
390.352	99.5499
389.518	99.5462
388.687	99.5879
387.86	99.6234
387.036	99.6112
386.216	99.5679
385.399	99.5451
384.586	99.5668
383.776	99.602
382.969	99.6051
382.166	99.5718
381.367	99.5431
380.57	99.5526
379.777	99.5845
378.987	99.5945
378.201	99.5676
377.418	99.5367
376.638	99.5396
375.861	99.5692
375.087	99.583
374.317	99.5601
373.55	99.5286
372.785	99.5276
372.024	99.554
371.267	99.5674
370.512	99.5467
369.76	99.5208
369.011	99.5271
368.266	99.5563
367.523	99.5608
366.783	99.5218
366.047	99.4826
365.313	99.4962
364.582	99.5528
363.854	99.5866
363.129	99.558
362.407	99.5061
361.688	99.4975
360.971	99.5404
360.258	99.5758
359.547	99.5586
358.839	99.5181
358.134	99.5155
357.432	99.5581
356.732	99.5892
356.035	99.568
355.341	99.5271
354.649	99.528
353.96	99.574
353.274	99.6045
352.591	99.5788
351.91	99.5348
351.232	99.5372
350.556	99.5869
349.883	99.6176
349.213	99.5869
348.545	99.537
347.879	99.5374
347.217	99.5888
346.556	99.6208
345.899	99.5887
345.243	99.5364
344.591	99.5363
343.94	99.589
343.292	99.6215
342.647	99.5882
342.004	99.5347
341.363	99.5351
340.725	99.5886
340.089	99.6203
339.456	99.585
338.825	99.5303
338.196	99.5313
337.569	99.5856
336.945	99.6163
336.324	99.5787
335.704	99.5229
335.087	99.5243
334.472	99.5787
333.859	99.608
333.249	99.5684
332.64	99.5115
332.034	99.5129
331.43	99.5671
330.829	99.595
330.229	99.5543
329.632	99.4973
329.037	99.4979
328.444	99.5489
327.853	99.5735
327.264	99.5336
326.678	99.4824
326.093	99.4886
325.511	99.5383
324.93	99.5548
324.352	99.5069
323.776	99.4552
323.201	99.4672
322.629	99.522
322.059	99.5378
321.491	99.4874
320.925	99.4379
320.361	99.4581
319.799	99.5205
319.238	99.5359
318.68	99.4765
318.124	99.4173
317.57	99.4359
317.017	99.5062
316.467	99.5333
315.918	99.4821
315.371	99.4246
314.826	99.4416
314.284	99.512
313.743	99.5417
313.203	99.4916
312.666	99.4303
312.13	99.4397
311.597	99.5057
311.065	99.54
310.535	99.5014
310.007	99.4497
309.48	99.46
308.956	99.5192
308.433	99.5462
307.912	99.5049
307.392	99.4534
306.875	99.4612
306.359	99.5119
305.845	99.5243
305.332	99.4644
304.821	99.3927
304.312	99.3842
303.805	99.4304
303.3	99.4556
302.796	99.4204
302.293	99.3724
301.793	99.3766
301.294	99.4267
300.797	99.4559
300.301	99.4294
299.807	99.3893
299.314	99.3932
298.824	99.4354
298.335	99.4579
297.847	99.4319
297.361	99.3961
296.877	99.4003
296.394	99.4371
295.912	99.4542
295.433	99.4285
294.955	99.3963
294.478	99.401
294.003	99.4332
293.529	99.4455
293.057	99.4199
292.587	99.392
292.118	99.3999
291.65	99.4314
291.184	99.4422
290.72	99.4178
290.257	99.3935
289.795	99.4038
289.335	99.4353
288.877	99.4457
288.419	99.423
287.964	99.4013
287.509	99.4128
287.057	99.4431
286.605	99.4522
286.155	99.4297
285.706	99.4087
285.259	99.4193
284.813	99.4473
284.369	99.4538
283.926	99.4294
283.484	99.4062
283.044	99.4136
282.605	99.4381
282.168	99.4416
281.731	99.414
281.297	99.3861
280.863	99.3877
280.431	99.4069
280	99.4067
