1200	99.5641
1192.15	99.5676
1184.4	99.5729
1176.75	99.5676
1169.21	99.5548
1161.75	99.5486
1154.39	99.5529
1147.13	99.5554
1139.95	99.5461
1132.86	99.5325
1125.87	99.5283
1118.95	99.533
1112.13	99.5323
1105.38	99.5197
1098.72	99.5064
1092.13	99.5047
1085.63	99.5094
1079.2	99.5054
1072.84	99.4905
1066.56	99.4788
1060.36	99.4799
1054.23	99.484
1048.16	99.4767
1042.17	99.4607
1036.24	99.452
1030.38	99.456
1024.59	99.459
1018.86	99.4487
1013.2	99.4331
1007.6	99.4285
1002.06	99.4353
996.576	99.4367
991.156	99.4241
985.795	99.4103
980.491	99.4108
975.244	99.42
970.053	99.4194
964.917	99.4053
959.835	99.395
954.806	99.4012
949.83	99.4122
944.905	99.4092
940.031	99.3947
935.207	99.3895
930.433	99.4019
925.707	99.4138
921.028	99.4081
916.397	99.3944
911.812	99.396
907.273	99.4144
902.778	99.4261
898.328	99.4173
893.922	99.406
889.559	99.4159
885.238	99.4402
880.958	99.4499
876.72	99.4377
872.523	99.4308
868.365	99.451
864.247	99.4802
860.168	99.4854
856.127	99.4695
852.124	99.4703
848.159	99.5043
844.23	99.5372
840.337	99.5326
836.48	99.5114
832.658	99.5298
828.871	99.5964
825.118	99.6456
821.399	99.6195
817.714	99.5533
814.061	99.5402
810.441	99.6115
806.853	99.6899
803.296	99.6871
799.771	99.6205
796.277	99.5902
792.813	99.6456
789.379	99.7203
785.974	99.724
782.599	99.6656
779.253	99.6388
775.935	99.6919
772.645	99.7612
769.383	99.761
766.149	99.7022
762.941	99.6765
759.761	99.7281
756.606	99.7933
753.478	99.791
750.376	99.7352
747.299	99.7135
744.247	99.7641
741.22	99.8237
738.218	99.8183
735.239	99.7663
732.285	99.7504
729.354	99.8003
726.447	99.8523
723.563	99.8416
720.702	99.7927
717.863	99.7827
715.046	99.8315
712.251	99.875
709.479	99.8579
706.727	99.8115
703.997	99.8072
701.288	99.8545
698.6	99.8892
695.932	99.866
693.285	99.8223
690.657	99.8235
688.05	99.8692
685.462	99.8956
682.893	99.8674
680.344	99.8278
677.814	99.8351
675.302	99.8798
672.809	99.8993
670.334	99.8687
667.878	99.8359
665.439	99.8521
663.018	99.8983
660.615	99.9144
658.229	99.8868
655.86	99.8679
653.508	99.9005
651.173	99.9565
648.854	99.9788
646.553	99.9651
644.267	99.9704
641.997	100.021
639.744	100.062
637.506	100.02
635.283	99.8961
633.077	99.77
630.885	99.7024
628.709	99.6724
626.547	99.6249
624.4	99.5554
622.268	99.5127
620.151	99.5234
618.048	99.5484
615.959	99.5359
613.884	99.4912
611.823	99.4665
609.776	99.4854
607.742	99.5107
605.723	99.4987
603.716	99.4611
601.723	99.4463
599.742	99.4704
597.775	99.4949
595.821	99.4827
593.879	99.4502
591.95	99.4423
590.034	99.4686
588.13	99.4908
586.238	99.4785
584.358	99.4519
582.49	99.4521
580.634	99.4826
578.79	99.5053
576.958	99.4945
575.137	99.4728
573.328	99.4775
571.53	99.5089
569.743	99.5308
567.967	99.5223
566.203	99.5058
564.449	99.5144
562.706	99.5465
560.974	99.57
559.253	99.5674
557.542	99.5571
555.841	99.5648
554.151	99.5888
552.471	99.6068
550.802	99.6093
549.142	99.6108
547.492	99.625
545.852	99.6439
544.222	99.652
542.602	99.6506
540.991	99.6562
539.39	99.6744
537.798	99.6913
536.216	99.6941
534.643	99.6915
533.079	99.7002
531.524	99.7198
529.979	99.7318
528.442	99.7273
526.914	99.7212
525.395	99.7317
523.885	99.7529
522.383	99.7621
520.89	99.7522
519.405	99.7431
517.929	99.754
516.461	99.7758
515.002	99.7826
513.551	99.7687
512.108	99.7573
510.673	99.7681
509.246	99.7893
507.827	99.7936
506.415	99.7765
505.012	99.7631
503.616	99.7735
502.229	99.7941
500.848	99.7963
499.476	99.7765
498.111	99.7614
496.753	99.7715
495.402	99.7921
494.059	99.7934
492.724	99.7718
491.395	99.7553
490.074	99.7654
488.759	99.7872
487.452	99.7893
486.152	99.7666
484.858	99.748
483.572	99.7579
482.292	99.7827
481.019	99.788
479.753	99.7641
478.493	99.7402
477.24	99.7481
475.994	99.7814
474.754	99.8009
473.52	99.7805
472.293	99.7366
471.072	99.7091
469.858	99.7181
468.649	99.7471
467.447	99.766
466.251	99.7633
465.062	99.7511
463.878	99.745
462.7	99.747
461.528	99.7488
460.362	99.7465
459.202	99.7453
458.048	99.7508
456.9	99.7594
455.757	99.7622
454.62	99.7562
453.489	99.7492
452.363	99.7512
451.243	99.7619
450.129	99.7702
449.02	99.7664
447.916	99.7546
446.818	99.7484
445.725	99.7554
444.638	99.7672
443.556	99.7689
442.479	99.7573
441.407	99.7454
440.34	99.7473
439.279	99.7602
438.223	99.7675
437.171	99.7595
436.125	99.7463
435.084	99.7456
434.048	99.7601
433.017	99.7739
431.99	99.7725
430.969	99.7622
429.952	99.763
428.94	99.7831
427.933	99.8076
426.93	99.8174
425.932	99.8139
424.939	99.8184
423.951	99.8423
422.967	99.8654
421.987	99.851
421.012	99.7844
420.042	99.6911
419.076	99.6125
418.115	99.5656
417.158	99.5345
416.205	99.5007
415.257	99.474
414.313	99.4812
413.373	99.5246
412.437	99.563
411.506	99.55
410.579	99.4903
409.656	99.4459
408.737	99.4736
407.823	99.5599
406.912	99.6306
406.005	99.6315
405.103	99.5888
404.204	99.5759
403.31	99.624
402.419	99.6841
401.533	99.6891
400.65	99.6401
399.771	99.6079
398.896	99.6444
398.025	99.7159
397.157	99.7428
396.294	99.7004
395.434	99.6508
394.578	99.6642
393.725	99.7297
392.877	99.7703
392.031	99.7427
391.19	99.6926
390.352	99.693
389.518	99.7472
388.687	99.7842
387.86	99.7519
387.036	99.6839
386.216	99.6527
385.399	99.6731
384.586	99.6854
383.776	99.6403
382.969	99.5684
382.166	99.5408
381.367	99.5738
380.57	99.6073
379.777	99.5856
378.987	99.5319
378.201	99.5143
377.418	99.5523
376.638	99.5906
375.861	99.575
375.087	99.526
374.317	99.5094
373.55	99.5463
372.785	99.5849
372.024	99.5726
371.267	99.5275
370.512	99.5126
369.76	99.5484
369.011	99.5867
368.266	99.5779
367.523	99.5393
366.783	99.5282
366.047	99.5614
365.313	99.592
364.582	99.5766
363.854	99.5363
363.129	99.5276
362.407	99.5633
361.688	99.5955
360.971	99.5828
360.258	99.5479
359.547	99.5448
358.839	99.5827
358.134	99.6128
357.432	99.5974
356.732	99.5621
356.035	99.5602
355.341	99.5974
354.649	99.6246
353.96	99.6068
353.274	99.5721
352.591	99.572
351.91	99.609
351.232	99.6339
350.556	99.615
349.883	99.5819
349.213	99.5832
348.545	99.6182
347.879	99.6396
347.217	99.6221
346.556	99.5965
345.899	99.6029
345.243	99.6293
344.591	99.6289
343.94	99.5911
343.292	99.5646
342.647	99.5918
342.004	99.645
341.363	99.6571
340.725	99.6111
340.089	99.5658
339.456	99.5794
338.825	99.6308
338.196	99.6484
337.569	99.6071
336.945	99.5629
336.324	99.5757
335.704	99.6264
335.087	99.6421
334.472	99.5963
333.859	99.5471
333.249	99.5589
332.64	99.6155
332.034	99.6416
331.43	99.6044
330.829	99.5567
330.229	99.5632
329.632	99.612
329.037	99.632
328.444	99.592
327.853	99.5436
327.264	99.5501
326.678	99.5993
326.093	99.6199
325.511	99.58
324.93	99.5306
324.352	99.5359
323.776	99.5848
323.201	99.6065
322.629	99.5681
322.059	99.5208
321.491	99.5314
320.925	99.5913
320.361	99.6275
319.799	99.6006
319.238	99.5569
318.68	99.5652
318.124	99.6229
317.57	99.6585
317.017	99.6241
316.467	99.5545
315.918	99.5172
315.371	99.5244
314.826	99.526
314.284	99.4863
313.743	99.4363
313.203	99.4304
312.666	99.4697
312.13	99.4998
311.597	99.4833
311.065	99.4484
310.535	99.4476
310.007	99.4849
309.48	99.5121
308.956	99.496
308.433	99.4633
307.912	99.4625
307.392	99.4967
306.875	99.5209
306.359	99.5048
305.845	99.4739
305.332	99.4728
304.821	99.5036
304.312	99.5244
303.805	99.5078
303.3	99.4783
302.796	99.4769
302.293	99.5042
301.793	99.5211
301.294	99.5045
300.797	99.4776
300.301	99.4754
299.807	99.4937
299.314	99.4965
298.824	99.4704
298.335	99.447
297.847	99.4607
297.361	99.4977
296.877	99.5117
296.394	99.4851
295.912	99.4535
295.433	99.4575
294.955	99.488
294.478	99.5002
294.003	99.4762
293.529	99.45
293.057	99.4585
292.587	99.489
292.118	99.4959
291.65	99.4658
291.184	99.4381
290.72	99.451
290.257	99.486
289.795	99.4916
289.335	99.4542
288.877	99.4195
288.419	99.431
287.964	99.4695
287.509	99.4784
287.057	99.4416
286.605	99.4069
286.155	99.421
285.706	99.4629
285.259	99.4704
284.813	99.424
284.369	99.3735
283.926	99.3704
283.484	99.3985
283.044	99.3983
282.605	99.3521
282.168	99.3099
281.731	99.3198
281.297	99.3584
280.863	99.362
280.431	99.3157
280	99.2758
