1200	99.596
1192.15	99.5875
1184.4	99.5765
1176.75	99.5718
1169.21	99.5745
1161.75	99.5764
1154.39	99.5704
1147.13	99.5596
1139.95	99.5532
1132.86	99.5552
1125.87	99.5592
1118.95	99.5565
1112.13	99.5471
1105.38	99.5395
1098.72	99.5405
1092.13	99.5463
1085.63	99.5473
1079.2	99.5403
1072.84	99.5325
1066.56	99.5324
1060.36	99.5393
1054.23	99.5441
1048.16	99.5405
1042.17	99.5332
1036.24	99.532
1030.38	99.5395
1024.59	99.5478
1018.86	99.5482
1013.2	99.5424
1007.6	99.5402
1002.06	99.5475
996.576	99.5586
991.156	99.5635
985.795	99.56
980.491	99.5571
975.244	99.5635
970.053	99.5765
964.917	99.5856
959.835	99.5853
954.806	99.5821
949.83	99.5869
944.905	99.6007
940.031	99.6136
935.207	99.6168
930.433	99.6139
925.707	99.6165
921.028	99.6298
916.397	99.6457
911.812	99.6527
907.273	99.6506
902.778	99.6507
898.328	99.6621
893.922	99.6797
889.559	99.6907
885.238	99.69
880.958	99.6875
876.72	99.6955
872.523	99.7135
868.365	99.7279
864.247	99.7294
860.168	99.7244
856.127	99.7279
852.124	99.7444
848.159	99.7618
844.23	99.7661
840.337	99.7592
836.48	99.7571
832.658	99.7702
828.871	99.7896
825.118	99.7975
821.399	99.7896
817.714	99.7813
814.061	99.789
810.441	99.809
806.853	99.8213
803.296	99.8138
799.771	99.799
796.277	99.7993
792.813	99.8187
789.379	99.8361
785.974	99.8308
782.599	99.8095
779.253	99.8004
775.935	99.8182
772.645	99.843
769.383	99.8422
766.149	99.8123
762.941	99.789
759.761	99.8073
756.606	99.8548
753.478	99.8769
750.376	99.8362
747.299	99.761
744.247	99.7241
741.22	99.7667
738.218	99.8507
735.239	99.8936
732.285	99.8545
729.354	99.7772
726.447	99.7423
723.563	99.78
720.702	99.8399
717.863	99.8495
715.046	99.7958
712.251	99.7384
709.479	99.7395
706.727	99.7933
703.997	99.8339
701.288	99.8109
698.6	99.7471
695.932	99.711
693.285	99.7377
690.657	99.7899
688.05	99.8022
685.462	99.7563
682.893	99.7009
680.344	99.6938
677.814	99.7361
675.302	99.7724
672.809	99.7563
670.334	99.7036
667.878	99.6719
665.439	99.693
663.018	99.7368
660.615	99.7486
658.229	99.7128
655.86	99.6702
653.508	99.6684
651.173	99.7064
648.854	99.7372
646.553	99.7243
644.267	99.6836
641.997	99.6634
639.744	99.6869
637.506	99.7258
635.283	99.735
633.077	99.7059
630.885	99.6757
628.709	99.6819
626.547	99.7183
624.4	99.7439
622.268	99.7321
620.151	99.7015
618.048	99.6928
615.959	99.7199
613.884	99.7541
611.823	99.7599
609.776	99.737
607.742	99.72
605.723	99.7358
603.716	99.772
601.723	99.7925
599.742	99.7817
597.775	99.7629
595.821	99.7694
593.879	99.8041
591.95	99.836
590.034	99.8383
588.13	99.8208
586.238	99.8184
584.358	99.8478
582.49	99.8874
580.634	99.9025
578.79	99.8873
576.958	99.8721
575.137	99.8869
573.328	99.9247
571.53	99.9485
569.743	99.934
567.967	99.8968
566.203	99.8723
564.449	99.8727
562.706	99.8734
560.974	99.8455
559.253	99.7944
557.542	99.7578
555.841	99.7634
554.151	99.7962
552.471	99.8147
550.802	99.7978
549.142	99.7682
547.492	99.7638
545.852	99.7931
544.222	99.8253
542.602	99.827
540.991	99.8014
539.39	99.784
537.798	99.7994
536.216	99.8327
534.643	99.847
533.079	99.8283
531.524	99.8015
529.979	99.8008
528.442	99.8288
526.914	99.8535
525.395	99.8469
523.885	99.8181
522.383	99.8023
520.89	99.8188
519.405	99.848
517.929	99.8549
516.461	99.8313
515.002	99.8046
513.551	99.8055
512.108	99.8309
510.673	99.8482
509.246	99.8347
507.827	99.804
506.415	99.7898
505.012	99.805
503.616	99.827
502.229	99.8249
500.848	99.7972
499.476	99.7727
498.111	99.7753
496.753	99.7956
495.402	99.8025
494.059	99.7821
492.724	99.7544
491.395	99.748
490.074	99.7637
488.759	99.7724
487.452	99.7516
486.152	99.7157
484.858	99.7023
483.572	99.7273
482.292	99.7627
481.019	99.7666
479.753	99.7305
478.493	99.6911
477.24	99.6889
475.994	99.7221
474.754	99.7486
473.52	99.735
472.293	99.6955
471.072	99.6757
469.858	99.6988
468.649	99.7381
467.447	99.7476
466.251	99.7153
465.062	99.6774
463.878	99.6764
462.7	99.7116
461.528	99.7401
460.362	99.7272
459.202	99.6862
458.048	99.6632
456.9	99.6829
455.757	99.7204
454.62	99.7306
453.489	99.7012
452.363	99.6666
451.243	99.6673
450.129	99.7025
449.02	99.7313
447.916	99.7211
446.818	99.6855
445.725	99.6682
444.638	99.6913
443.556	99.7295
442.479	99.7401
441.407	99.7132
440.34	99.683
439.279	99.6877
438.223	99.7242
437.171	99.7522
436.125	99.7413
435.084	99.7068
434.048	99.692
433.017	99.7171
431.99	99.7556
430.969	99.7647
429.952	99.7355
428.94	99.7039
427.933	99.7098
426.93	99.7509
425.932	99.7844
424.939	99.7744
423.951	99.7309
422.967	99.6987
421.987	99.7076
421.012	99.7429
420.042	99.7651
419.076	99.7548
418.115	99.731
417.158	99.7249
416.205	99.7427
415.257	99.7604
414.313	99.7547
413.373	99.731
412.437	99.7164
411.506	99.7268
410.579	99.7477
409.656	99.7522
408.737	99.7324
407.823	99.7086
406.912	99.7051
406.005	99.722
405.103	99.7361
404.204	99.7279
403.31	99.7039
402.419	99.6884
401.533	99.6947
400.65	99.7107
399.771	99.7137
398.896	99.6973
398.025	99.6775
397.157	99.6733
396.294	99.6849
395.434	99.6943
394.578	99.6869
393.725	99.6683
392.877	99.6569
392.031	99.6621
391.19	99.674
390.352	99.6751
389.518	99.6613
388.687	99.6459
387.86	99.644
387.036	99.6551
386.216	99.6638
385.399	99.6579
384.586	99.6418
383.776	99.6323
382.969	99.6388
382.166	99.6533
381.367	99.6584
380.57	99.6467
379.777	99.6292
378.987	99.6252
378.201	99.6418
377.418	99.6647
376.638	99.6698
375.861	99.6454
375.087	99.6052
374.317	99.5788
373.55	99.5881
372.785	99.628
372.024	99.669
371.267	99.6822
370.512	99.6637
369.76	99.6374
369.011	99.6322
368.266	99.6531
367.523	99.6751
366.783	99.6671
366.047	99.624
365.313	99.5737
364.582	99.5511
363.854	99.5624
363.129	99.5791
362.407	99.5675
361.688	99.5256
360.971	99.4868
360.258	99.4851
359.547	99.5187
358.839	99.55
358.134	99.5457
357.432	99.512
356.732	99.488
356.035	99.5024
355.341	99.5414
354.649	99.5629
353.96	99.5423
353.274	99.5
352.591	99.4787
351.91	99.497
351.232	99.529
350.556	99.5342
349.883	99.5023
349.213	99.4654
348.545	99.4612
347.879	99.4912
347.217	99.5188
346.556	99.5104
345.899	99.4731
345.243	99.4457
344.591	99.4551
343.94	99.486
343.292	99.4994
342.647	99.4766
342.004	99.4403
341.363	99.4281
340.725	99.4493
340.089	99.4753
339.456	99.4727
338.825	99.4415
338.196	99.4147
337.569	99.4195
336.945	99.4467
336.324	99.4616
335.704	99.4445
335.087	99.4131
334.472	99.4018
333.859	99.4212
333.249	99.4462
332.64	99.4456
332.034	99.4187
331.43	99.396
330.829	99.4034
330.229	99.4312
329.632	99.445
329.037	99.4265
328.444	99.3961
327.853	99.3904
327.264	99.4186
326.678	99.4494
326.093	99.4441
325.511	99.4003
324.93	99.3567
324.352	99.3527
323.776	99.3862
323.201	99.4175
322.629	99.4138
322.059	99.3842
321.491	99.3668
320.925	99.3839
320.361	99.4158
319.799	99.4243
319.238	99.3973
318.68	99.3637
318.124	99.3604
317.57	99.3899
317.017	99.4163
316.467	99.4061
315.918	99.3664
315.371	99.338
314.826	99.3498
314.284	99.3858
313.743	99.4035
313.203	99.3809
312.666	99.3415
312.13	99.3279
311.597	99.3533
311.065	99.3876
310.535	99.391
310.007	99.3589
309.48	99.3266
308.956	99.329
308.433	99.3611
307.912	99.3845
307.392	99.371
306.875	99.3343
306.359	99.3141
305.845	99.3306
305.332	99.3619
304.821	99.3694
304.312	99.3421
303.805	99.3086
303.3	99.3042
302.796	99.3306
302.293	99.3543
301.793	99.3452
301.294	99.3112
300.797	99.2886
300.301	99.3003
299.807	99.3296
299.314	99.3398
298.824	99.3167
298.335	99.2847
297.847	99.2782
297.361	99.302
296.877	99.3255
296.394	99.3187
295.912	99.2867
295.433	99.2644
294.955	99.2753
294.478	99.3042
294.003	99.3143
293.529	99.2904
293.057	99.2568
292.587	99.25
292.118	99.2757
291.65	99.3016
291.184	99.2941
290.72	99.2577
290.257	99.2308
289.795	99.2423
289.335	99.2774
288.877	99.2938
288.419	99.269
287.964	99.2267
287.509	99.2101
287.057	99.2337
286.605	99.2675
286.155	99.2712
285.706	99.2409
285.259	99.2133
284.813	99.2229
284.369	99.2626
283.926	99.2903
283.484	99.2765
283.044	99.2366
282.605	99.2126
282.168	99.2245
281.731	99.2477
281.297	99.2421
280.863	99.1987
280.431	99.1506
280	99.1366
