1200	0.237969
1192.15	0.256349
1184.4	0.275421
1176.75	0.295182
1169.21	0.315576
1161.75	0.336479
1154.39	0.357724
1147.13	0.379144
1139.95	0.40063
1132.86	0.422156
1125.87	0.443761
1118.95	0.465498
1112.13	0.487367
1105.38	0.509282
1098.72	0.531073
1092.13	0.55255
1085.63	0.57357
1079.2	0.594095
1072.84	0.614185
1066.56	0.633947
1060.36	0.653449
1054.23	0.672657
1048.16	0.691424
1042.17	0.709547
1036.24	0.726849
1030.38	0.743265
1024.59	0.758861
1018.86	0.773788
1013.2	0.788186
1007.6	0.802089
1002.06	0.815394
996.576	0.827894
991.156	0.839381
985.795	0.849751
980.491	0.859054
975.244	0.86747
970.053	0.875206
964.917	0.882378
959.835	0.888942
954.806	0.894707
949.83	0.899433
944.905	0.902962
940.031	0.905307
935.207	0.906653
930.433	0.907268
925.707	0.907355
921.028	0.90695
916.397	0.905894
911.812	0.90392
907.273	0.900801
902.778	0.896482
898.328	0.89113
893.922	0.885055
889.559	0.878559
885.238	0.871779
880.958	0.864612
876.72	0.85677
872.523	0.847937
868.365	0.837952
864.247	0.826916
860.168	0.815165
856.127	0.80311
852.124	0.791026
848.159	0.778899
844.23	0.766427
840.337	0.753167
836.48	0.738781
832.658	0.723242
828.871	0.706897
825.118	0.690321
821.399	0.674039
817.714	0.658218
814.061	0.642506
810.441	0.626098
806.853	0.608039
803.296	0.587635
799.771	0.564822
796.277	0.540305
792.813	0.515414
789.379	0.491721
785.974	0.470559
782.599	0.452638
779.253	0.437891
775.935	0.425594
772.645	0.414689
769.383	0.404156
766.149	0.393298
762.941	0.381817
759.761	0.369721
756.606	0.357122
753.478	0.344058
750.376	0.330436
747.299	0.316112
744.247	0.301066
741.22	0.28555
738.218	0.270129
735.239	0.255573
732.285	0.242631
729.354	0.231777
726.447	0.223052
723.563	0.216051
720.702	0.210083
717.863	0.204409
715.046	0.198486
712.251	0.192098
709.479	0.185342
706.727	0.178503
703.997	0.171871
701.288	0.165596
698.6	0.159644
695.932	0.153849
693.285	0.14803
690.657	0.142097
688.05	0.136099
685.462	0.130191
682.893	0.124542
680.344	0.119251
677.814	0.114295
675.302	0.109558
672.809	0.104905
670.334	0.100264
667.878	0.0956673
665.439	0.0912316
663.018	0.0870876
660.615	0.0832986
658.229	0.0798192
655.86	0.0765156
653.508	0.0732407
651.173	0.0699221
648.854	0.0666116
646.553	0.0634655
644.267	0.0606621
641.997	0.0582995
639.744	0.0563319
637.506	0.0545849
635.283	0.0528499
633.077	0.051011
630.885	0.049135
628.709	0.0474686
626.547	0.0463319
624.4	0.0459539
622.268	0.0463344
620.151	0.0472108
618.048	0.0481604
615.959	0.0487974
613.884	0.0489679
611.823	0.048833
609.776	0.0487785
607.742	0.049179
605.723	0.0501278
603.716	0.0512834
601.723	0.0519502
599.742	0.0514035
597.775	0.049346
595.821	0.0462899
593.879	0.0436558
591.95	0.0434794
590.034	0.0477766
588.13	0.0577826
586.238	0.0733652
584.358	0.0928694
582.49	0.113498
580.634	0.132119
578.79	0.146209
576.958	0.154588
575.137	0.157654
573.328	0.157073
571.53	0.155037
569.743	0.153437
567.967	0.153263
566.203	0.154462
564.449	0.156255
562.706	0.157716
560.974	0.158322
559.253	0.158221
557.542	0.158101
555.841	0.158781
554.151	0.160734
552.471	0.163818
550.802	0.167345
549.142	0.170443
547.492	0.172528
545.852	0.173628
544.222	0.174383
542.602	0.175727
540.991	0.17841
539.39	0.182626
537.798	0.187931
536.216	0.193518
534.643	0.198691
533.079	0.203281
531.524	0.207756
529.979	0.21295
528.442	0.219524
526.914	0.227473
525.395	0.235962
523.885	0.243659
522.383	0.249459
520.89	0.25326
519.405	0.25637
517.929	0.261242
516.461	0.27056
515.002	0.285979
513.551	0.307113
512.108	0.331263
510.673	0.354145
509.246	0.371423
507.827	0.380467
506.415	0.381613
505.012	0.378326
503.616	0.376125
502.229	0.380614
500.848	0.395388
499.476	0.420627
498.111	0.452972
496.753	0.486712
495.402	0.515822
494.059	0.536041
492.724	0.546164
491.395	0.548104
490.074	0.545788
488.759	0.543414
487.452	0.543824
486.152	0.547661
484.858	0.553547
483.572	0.559102
482.292	0.562248
481.019	0.56219
479.753	0.559659
478.493	0.556389
477.24	0.554152
475.994	0.553869
474.754	0.555204
473.52	0.556822
472.293	0.557131
471.072	0.555101
469.858	0.550764
468.649	0.545161
467.447	0.539787
466.251	0.535839
465.062	0.533649
463.878	0.532579
462.7	0.531388
461.528	0.528895
460.362	0.52457
459.202	0.51878
458.048	0.512575
456.9	0.507143
455.757	0.503221
454.62	0.500752
453.489	0.498952
452.363	0.496736
451.243	0.493267
450.129	0.48837
449.02	0.482586
447.916	0.476877
446.818	0.472131
445.725	0.468724
444.638	0.466357
443.556	0.464233
442.479	0.46147
441.407	0.457548
440.34	0.452544
439.279	0.447073
438.223	0.441959
437.171	0.437822
436.125	0.434783
435.084	0.432429
434.048	0.430045
433.017	0.426984
431.99	0.422981
430.969	0.41827
429.952	0.413447
428.94	0.409167
427.933	0.405819
426.93	0.403367
425.932	0.401388
424.939	0.399313
423.951	0.396711
422.967	0.393499
421.987	0.389965
421.012	0.386607
420.042	0.383887
419.076	0.38202
418.115	0.380895
417.158	0.380158
416.205	0.379408
415.257	0.378394
414.313	0.377125
413.373	0.375843
412.437	0.374891
411.506	0.374544
410.579	0.374898
409.656	0.375845
408.737	0.377159
407.823	0.378614
406.912	0.380087
406.005	0.381591
405.103	0.38324
404.204	0.385176
403.31	0.387495
402.419	0.390229
401.533	0.393364
400.65	0.396884
399.771	0.40079
398.896	0.405091
398.025	0.409747
397.157	0.414615
396.294	0.419424
395.434	0.423812
394.578	0.427421
393.725	0.430016
392.877	0.43158
392.031	0.432339
391.19	0.432711
390.352	0.433185
389.518	0.434186
388.687	0.435951
387.86	0.438479
387.036	0.441545
386.216	0.444767
385.399	0.447721
384.586	0.450044
383.776	0.451522
382.969	0.452145
382.166	0.452105
381.367	0.451754
380.57	0.451513
379.777	0.451764
378.987	0.452743
378.201	0.454476
377.418	0.456775
376.638	0.459316
375.861	0.461764
375.087	0.463907
374.317	0.465739
373.55	0.467459
372.785	0.469381
372.024	0.471777
371.267	0.47475
370.512	0.47816
369.76	0.481661
369.011	0.484835
368.266	0.487346
367.523	0.489068
366.783	0.490098
366.047	0.490684
365.313	0.49107
364.582	0.491363
363.854	0.491471
363.129	0.491158
362.407	0.490177
361.688	0.488424
360.971	0.486018
360.258	0.483272
359.547	0.480547
358.839	0.478077
358.134	0.475827
357.432	0.473493
356.732	0.47063
356.035	0.466867
355.341	0.462113
354.649	0.456637
353.96	0.450987
353.274	0.445776
352.591	0.441423
351.91	0.437989
351.232	0.435181
350.556	0.432547
349.883	0.429765
349.213	0.426888
348.545	0.424432
347.879	0.423209
347.217	0.424001
346.556	0.427175
345.899	0.432448
345.243	0.438908
344.591	0.445332
343.94	0.450671
343.292	0.454522
342.647	0.457366
342.004	0.460462
341.363	0.465414
340.725	0.473564
340.089	0.485451
339.456	0.500562
338.825	0.517464
338.196	0.53428
337.569	0.549316
336.945	0.561599
336.324	0.571119
335.704	0.578706
335.087	0.58561
334.472	0.592972
333.859	0.601411
333.249	0.610866
332.64	0.62074
332.034	0.630238
331.43	0.638726
330.829	0.645975
330.229	0.652171
329.632	0.657743
329.037	0.663105
328.444	0.668445
327.853	0.673658
327.264	0.678422
326.678	0.682369
326.093	0.685236
325.511	0.686929
324.93	0.687474
324.352	0.686903
323.776	0.68516
323.201	0.682065
322.629	0.677371
322.059	0.670849
321.491	0.662348
320.925	0.651789
320.361	0.639115
319.799	0.62425
319.238	0.607151
318.68	0.58797
318.124	0.567257
317.57	0.54606
317.017	0.525796
316.467	0.507823
315.918	0.492828
315.371	0.480264
314.826	0.468163
314.284	0.453534
313.743	0.433354
313.203	0.405877
312.666	0.371756
312.13	0.334476
311.597	0.299767
311.065	0.274055
310.535	0.262403
310.007	0.266677
309.48	0.284634
308.956	0.310361
308.433	0.335972
307.912	0.353995
307.392	0.359598
306.875	0.351855
306.359	0.333623
305.845	0.310162
305.332	0.28707
304.821	0.268392
304.312	0.255587
303.805	0.247653
303.3	0.242211
302.796	0.236938
302.293	0.230667
301.793	0.223698
301.294	0.217277
300.797	0.212609
300.301	0.209993
299.807	0.208558
299.314	0.206757
298.824	0.203351
298.335	0.198347
297.847	0.193339
297.361	0.191012
296.877	0.193953
296.394	0.20333
295.912	0.218083
295.433	0.235083
294.955	0.250295
294.478	0.260487
294.003	0.264742
293.529	0.265101
293.057	0.265979
292.587	0.272559
292.118	0.288787
291.65	0.315809
291.184	0.351473
290.72	0.391094
290.257	0.429141
289.795	0.461142
289.335	0.485038
288.877	0.501509
288.419	0.51322
287.964	0.523425
287.509	0.534572
287.057	0.547484
286.605	0.561391
286.155	0.574668
285.706	0.585848
285.259	0.594389
284.813	0.600866
284.369	0.606554
283.926	0.612687
283.484	0.619782
283.044	0.627384
282.605	0.634317
282.168	0.639295
281.731	0.641554
281.297	0.641186
280.863	0.639033
280.431	0.636218
280	0.633566
