1200	92.0429
1192.15	92.0471
1184.4	92.0516
1176.75	92.0565
1169.21	92.0616
1161.75	92.0672
1154.39	92.073
1147.13	92.0792
1139.95	92.0858
1132.86	92.0926
1125.87	92.0997
1118.95	92.1072
1112.13	92.1149
1105.38	92.1229
1098.72	92.1312
1092.13	92.1397
1085.63	92.1484
1079.2	92.1574
1072.84	92.1666
1066.56	92.1759
1060.36	92.1855
1054.23	92.1952
1048.16	92.205
1042.17	92.215
1036.24	92.225
1030.38	92.2352
1024.59	92.2454
1018.86	92.2556
1013.2	92.2659
1007.6	92.2762
1002.06	92.2865
996.576	92.2967
991.156	92.3069
985.795	92.317
980.491	92.327
975.244	92.3369
970.053	92.3466
964.917	92.3562
959.835	92.3657
954.806	92.3749
949.83	92.3839
944.905	92.3927
940.031	92.4013
935.207	92.4096
930.433	92.4176
925.707	92.4253
921.028	92.4327
916.397	92.4398
911.812	92.4465
907.273	92.4529
902.778	92.4589
898.328	92.4645
893.922	92.4697
889.559	92.4746
885.238	92.479
880.958	92.483
876.72	92.4865
872.523	92.4897
868.365	92.4923
864.247	92.4946
860.168	92.4963
856.127	92.4976
852.124	92.4984
848.159	92.4988
844.23	92.4987
840.337	92.4981
836.48	92.497
832.658	92.4955
828.871	92.4935
825.118	92.491
821.399	92.4881
817.714	92.4846
814.061	92.4808
810.441	92.4764
806.853	92.4716
803.296	92.4664
799.771	92.4607
796.277	92.4546
792.813	92.448
789.379	92.4411
785.974	92.4337
782.599	92.426
779.253	92.4178
775.935	92.4093
772.645	92.4004
769.383	92.3911
766.149	92.3815
762.941	92.3716
759.761	92.3614
756.606	92.3509
753.478	92.34
750.376	92.3289
747.299	92.3175
744.247	92.3059
741.22	92.2941
738.218	92.282
735.239	92.2697
732.285	92.2572
729.354	92.2446
726.447	92.2318
723.563	92.2188
720.702	92.2057
717.863	92.1925
715.046	92.1792
712.251	92.1658
709.479	92.1523
706.727	92.1388
703.997	92.1252
701.288	92.1116
698.6	92.0979
695.932	92.0843
693.285	92.0706
690.657	92.057
688.05	92.0434
685.462	92.0299
682.893	92.0164
680.344	92.003
677.814	91.9897
675.302	91.9764
672.809	91.9633
670.334	91.9502
667.878	91.9373
665.439	91.9245
663.018	91.9119
660.615	91.8994
658.229	91.887
655.86	91.8748
653.508	91.8628
651.173	91.851
648.854	91.8393
646.553	91.8278
644.267	91.8165
641.997	91.8054
639.744	91.7945
637.506	91.7838
635.283	91.7732
633.077	91.7629
630.885	91.7528
628.709	91.7429
626.547	91.7333
624.4	91.7238
622.268	91.7145
620.151	91.7055
618.048	91.6966
615.959	91.688
613.884	91.6795
611.823	91.6713
609.776	91.6633
607.742	91.6554
605.723	91.6478
603.716	91.6403
601.723	91.6331
599.742	91.626
597.775	91.6191
595.821	91.6123
593.879	91.6058
591.95	91.5994
590.034	91.5931
588.13	91.587
586.238	91.5811
584.358	91.5753
582.49	91.5696
580.634	91.5641
578.79	91.5586
576.958	91.5533
575.137	91.5481
573.328	91.543
571.53	91.538
569.743	91.5331
567.967	91.5282
566.203	91.5234
564.449	91.5187
562.706	91.5141
560.974	91.5095
559.253	91.5049
557.542	91.5004
555.841	91.4959
554.151	91.4914
552.471	91.487
550.802	91.4825
549.142	91.4781
547.492	91.4736
545.852	91.4692
544.222	91.4648
542.602	91.4603
540.991	91.4558
539.39	91.4513
537.798	91.4467
536.216	91.4421
534.643	91.4375
533.079	91.4328
531.524	91.4281
529.979	91.4233
528.442	91.4185
526.914	91.4136
525.395	91.4086
523.885	91.4036
522.383	91.3985
520.89	91.3934
519.405	91.3882
517.929	91.3829
516.461	91.3775
515.002	91.3721
513.551	91.3666
512.108	91.3611
510.673	91.3554
509.246	91.3498
507.827	91.344
506.415	91.3382
505.012	91.3323
503.616	91.3264
502.229	91.3204
500.848	91.3143
499.476	91.3082
498.111	91.3021
496.753	91.2959
495.402	91.2897
494.059	91.2834
492.724	91.2771
491.395	91.2708
490.074	91.2645
488.759	91.2581
487.452	91.2518
486.152	91.2454
484.858	91.2391
483.572	91.2328
482.292	91.2264
481.019	91.2201
479.753	91.2139
478.493	91.2076
477.24	91.2015
475.994	91.1953
474.754	91.1893
473.52	91.1833
472.293	91.1773
471.072	91.1715
469.858	91.1657
468.649	91.1601
467.447	91.1545
466.251	91.1491
465.062	91.1438
463.878	91.1386
462.7	91.1335
461.528	91.1286
460.362	91.1239
459.202	91.1193
458.048	91.1149
456.9	91.1107
455.757	91.1066
454.62	91.1027
453.489	91.0991
452.363	91.0956
451.243	91.0924
450.129	91.0893
449.02	91.0865
447.916	91.084
446.818	91.0817
445.725	91.0796
444.638	91.0777
443.556	91.0762
442.479	91.0749
441.407	91.0738
440.34	91.0731
439.279	91.0726
438.223	91.0724
437.171	91.0725
436.125	91.0729
435.084	91.0736
434.048	91.0745
433.017	91.0758
431.99	91.0774
430.969	91.0793
429.952	91.0815
428.94	91.0841
427.933	91.0869
426.93	91.0901
425.932	91.0935
424.939	91.0973
423.951	91.1015
422.967	91.1059
421.987	91.1107
421.012	91.1157
420.042	91.1211
419.076	91.1269
418.115	91.1329
417.158	91.1393
416.205	91.1459
415.257	91.1529
414.313	91.1602
413.373	91.1678
412.437	91.1757
411.506	91.1839
410.579	91.1924
409.656	91.2012
408.737	91.2103
407.823	91.2197
406.912	91.2293
406.005	91.2392
405.103	91.2494
404.204	91.2599
403.31	91.2706
402.419	91.2816
401.533	91.2928
400.65	91.3043
399.771	91.316
398.896	91.3279
398.025	91.3401
397.157	91.3525
396.294	91.365
395.434	91.3778
394.578	91.3908
393.725	91.4039
392.877	91.4173
392.031	91.4308
391.19	91.4444
390.352	91.4582
389.518	91.4722
388.687	91.4863
387.86	91.5005
387.036	91.5148
386.216	91.5293
385.399	91.5438
384.586	91.5585
383.776	91.5732
382.969	91.588
382.166	91.6029
381.367	91.6178
380.57	91.6328
379.777	91.6478
378.987	91.6629
378.201	91.678
377.418	91.6931
376.638	91.7082
375.861	91.7233
375.087	91.7384
374.317	91.7534
373.55	91.7685
372.785	91.7835
372.024	91.7984
371.267	91.8133
370.512	91.8282
369.76	91.8429
369.011	91.8576
368.266	91.8723
367.523	91.8868
366.783	91.9012
366.047	91.9155
365.313	91.9297
364.582	91.9438
363.854	91.9577
363.129	91.9716
362.407	91.9852
361.688	91.9988
360.971	92.0121
360.258	92.0253
359.547	92.0384
358.839	92.0513
358.134	92.064
357.432	92.0765
356.732	92.0888
356.035	92.1009
355.341	92.1129
354.649	92.1246
353.96	92.1361
353.274	92.1474
352.591	92.1585
351.91	92.1694
351.232	92.1801
350.556	92.1905
349.883	92.2007
349.213	92.2107
348.545	92.2204
347.879	92.2299
347.217	92.2392
346.556	92.2482
345.899	92.257
345.243	92.2655
344.591	92.2738
343.94	92.2818
343.292	92.2896
342.647	92.2971
342.004	92.3044
341.363	92.3114
340.725	92.3182
340.089	92.3247
339.456	92.331
338.825	92.337
338.196	92.3427
337.569	92.3482
336.945	92.3535
336.324	92.3585
335.704	92.3632
335.087	92.3677
334.472	92.372
333.859	92.376
333.249	92.3797
332.64	92.3833
332.034	92.3865
331.43	92.3896
330.829	92.3924
330.229	92.3949
329.632	92.3973
329.037	92.3994
328.444	92.4012
327.853	92.4029
327.264	92.4043
326.678	92.4055
326.093	92.4065
325.511	92.4073
324.93	92.4079
324.352	92.4082
323.776	92.4084
323.201	92.4084
322.629	92.4082
322.059	92.4077
321.491	92.4071
320.925	92.4064
320.361	92.4054
319.799	92.4043
319.238	92.403
318.68	92.4015
318.124	92.3999
317.57	92.3981
317.017	92.3962
316.467	92.3941
315.918	92.3919
315.371	92.3895
314.826	92.387
314.284	92.3844
313.743	92.3816
313.203	92.3788
312.666	92.3758
312.13	92.3727
311.597	92.3695
311.065	92.3662
310.535	92.3628
310.007	92.3593
309.48	92.3558
308.956	92.3521
308.433	92.3484
307.912	92.3446
307.392	92.3407
306.875	92.3368
306.359	92.3328
305.845	92.3288
305.332	92.3247
304.821	92.3206
304.312	92.3164
303.805	92.3122
303.3	92.308
302.796	92.3038
302.293	92.2995
301.793	92.2952
301.294	92.2909
300.797	92.2866
300.301	92.2823
299.807	92.278
299.314	92.2737
298.824	92.2694
298.335	92.2651
297.847	92.2608
297.361	92.2566
296.877	92.2524
296.394	92.2482
295.912	92.244
295.433	92.2399
294.955	92.2358
294.478	92.2318
294.003	92.2278
293.529	92.2239
293.057	92.22
292.587	92.2161
292.118	92.2124
291.65	92.2087
291.184	92.205
290.72	92.2014
290.257	92.1979
289.795	92.1945
289.335	92.1911
288.877	92.1878
288.419	92.1846
287.964	92.1815
287.509	92.1785
287.057	92.1755
286.605	92.1726
286.155	92.1698
285.706	92.1672
285.259	92.1646
284.813	92.162
284.369	92.1596
283.926	92.1573
283.484	92.1551
283.044	92.153
282.605	92.1509
282.168	92.149
281.731	92.1472
281.297	92.1455
280.863	92.1438
280.431	92.1423
280	92.1409
