1200	96.4094
1192.15	96.4029
1184.4	96.3966
1176.75	96.3906
1169.21	96.3847
1161.75	96.379
1154.39	96.3736
1147.13	96.3684
1139.95	96.3634
1132.86	96.3587
1125.87	96.3543
1118.95	96.3501
1112.13	96.3461
1105.38	96.3425
1098.72	96.339
1092.13	96.3359
1085.63	96.333
1079.2	96.3304
1072.84	96.3281
1066.56	96.326
1060.36	96.3241
1054.23	96.3226
1048.16	96.3213
1042.17	96.3202
1036.24	96.3194
1030.38	96.3188
1024.59	96.3184
1018.86	96.3182
1013.2	96.3183
1007.6	96.3186
1002.06	96.319
996.576	96.3197
991.156	96.3205
985.795	96.3215
980.491	96.3226
975.244	96.3239
970.053	96.3253
964.917	96.3268
959.835	96.3285
954.806	96.3302
949.83	96.332
944.905	96.3339
940.031	96.3359
935.207	96.3379
930.433	96.3399
925.707	96.342
921.028	96.3441
916.397	96.3461
911.812	96.3482
907.273	96.3502
902.778	96.3522
898.328	96.3542
893.922	96.3561
889.559	96.3579
885.238	96.3596
880.958	96.3613
876.72	96.3628
872.523	96.3643
868.365	96.3656
864.247	96.3668
860.168	96.3678
856.127	96.3687
852.124	96.3695
848.159	96.3701
844.23	96.3705
840.337	96.3708
836.48	96.3708
832.658	96.3707
828.871	96.3704
825.118	96.37
821.399	96.3693
817.714	96.3684
814.061	96.3673
810.441	96.366
806.853	96.3645
803.296	96.3628
799.771	96.3609
796.277	96.3588
792.813	96.3565
789.379	96.354
785.974	96.3513
782.599	96.3483
779.253	96.3452
775.935	96.3419
772.645	96.3384
769.383	96.3347
766.149	96.3308
762.941	96.3268
759.761	96.3225
756.606	96.3181
753.478	96.3136
750.376	96.3089
747.299	96.304
744.247	96.299
741.22	96.2939
738.218	96.2886
735.239	96.2833
732.285	96.2778
729.354	96.2722
726.447	96.2665
723.563	96.2608
720.702	96.2549
717.863	96.249
715.046	96.2431
712.251	96.2371
709.479	96.231
706.727	96.225
703.997	96.2189
701.288	96.2128
698.6	96.2067
695.932	96.2006
693.285	96.1946
690.657	96.1885
688.05	96.1825
685.462	96.1766
682.893	96.1707
680.344	96.1649
677.814	96.1591
675.302	96.1535
672.809	96.1479
670.334	96.1424
667.878	96.1371
665.439	96.1318
663.018	96.1267
660.615	96.1217
658.229	96.1168
655.86	96.1121
653.508	96.1076
651.173	96.1032
648.854	96.0989
646.553	96.0949
644.267	96.091
641.997	96.0872
639.744	96.0837
637.506	96.0803
635.283	96.0772
633.077	96.0742
630.885	96.0714
628.709	96.0689
626.547	96.0665
624.4	96.0643
622.268	96.0624
620.151	96.0606
618.048	96.059
615.959	96.0577
613.884	96.0566
611.823	96.0556
609.776	96.0549
607.742	96.0544
605.723	96.054
603.716	96.0539
601.723	96.054
599.742	96.0543
597.775	96.0547
595.821	96.0554
593.879	96.0562
591.95	96.0572
590.034	96.0584
588.13	96.0598
586.238	96.0614
584.358	96.0631
582.49	96.0649
580.634	96.0669
578.79	96.0691
576.958	96.0714
575.137	96.0739
573.328	96.0764
571.53	96.0791
569.743	96.082
567.967	96.0849
566.203	96.0879
564.449	96.091
562.706	96.0943
560.974	96.0976
559.253	96.1009
557.542	96.1044
555.841	96.1079
554.151	96.1114
552.471	96.115
550.802	96.1186
549.142	96.1223
547.492	96.126
545.852	96.1297
544.222	96.1334
542.602	96.1371
540.991	96.1408
539.39	96.1445
537.798	96.1481
536.216	96.1518
534.643	96.1554
533.079	96.1589
531.524	96.1624
529.979	96.1659
528.442	96.1693
526.914	96.1726
525.395	96.1758
523.885	96.179
522.383	96.1821
520.89	96.1851
519.405	96.188
517.929	96.1908
516.461	96.1935
515.002	96.196
513.551	96.1985
512.108	96.2008
510.673	96.2031
509.246	96.2052
507.827	96.2071
506.415	96.209
505.012	96.2107
503.616	96.2122
502.229	96.2137
500.848	96.2149
499.476	96.2161
498.111	96.2171
496.753	96.2179
495.402	96.2186
494.059	96.2191
492.724	96.2195
491.395	96.2198
490.074	96.2199
488.759	96.2198
487.452	96.2196
486.152	96.2193
484.858	96.2188
483.572	96.2181
482.292	96.2174
481.019	96.2164
479.753	96.2154
478.493	96.2142
477.24	96.2128
475.994	96.2113
474.754	96.2097
473.52	96.208
472.293	96.2061
471.072	96.2042
469.858	96.2021
468.649	96.1998
467.447	96.1975
466.251	96.1951
465.062	96.1926
463.878	96.1899
462.7	96.1872
461.528	96.1844
460.362	96.1815
459.202	96.1785
458.048	96.1754
456.9	96.1723
455.757	96.1691
454.62	96.1658
453.489	96.1625
452.363	96.1591
451.243	96.1557
450.129	96.1522
449.02	96.1487
447.916	96.1451
446.818	96.1416
445.725	96.138
444.638	96.1343
443.556	96.1307
442.479	96.1271
441.407	96.1234
440.34	96.1197
439.279	96.1161
438.223	96.1125
437.171	96.1088
436.125	96.1052
435.084	96.1016
434.048	96.0981
433.017	96.0945
431.99	96.091
430.969	96.0875
429.952	96.0841
428.94	96.0807
427.933	96.0774
426.93	96.0741
425.932	96.0708
424.939	96.0677
423.951	96.0645
422.967	96.0615
421.987	96.0585
421.012	96.0555
420.042	96.0526
419.076	96.0498
418.115	96.0471
417.158	96.0444
416.205	96.0419
415.257	96.0393
414.313	96.0369
413.373	96.0345
412.437	96.0322
411.506	96.03
410.579	96.0279
409.656	96.0259
408.737	96.0239
407.823	96.022
406.912	96.0202
406.005	96.0184
405.103	96.0168
404.204	96.0152
403.31	96.0137
402.419	96.0122
401.533	96.0109
400.65	96.0096
399.771	96.0083
398.896	96.0072
398.025	96.0061
397.157	96.005
396.294	96.0041
395.434	96.0032
394.578	96.0023
393.725	96.0015
392.877	96.0008
392.031	96.0001
391.19	95.9994
390.352	95.9988
389.518	95.9982
388.687	95.9977
387.86	95.9972
387.036	95.9968
386.216	95.9963
385.399	95.9959
384.586	95.9955
383.776	95.9952
382.969	95.9948
382.166	95.9945
381.367	95.9941
380.57	95.9938
379.777	95.9935
378.987	95.9931
378.201	95.9928
377.418	95.9924
376.638	95.9921
375.861	95.9917
375.087	95.9913
374.317	95.9909
373.55	95.9904
372.785	95.9899
372.024	95.9894
371.267	95.9889
370.512	95.9883
369.76	95.9876
369.011	95.9869
368.266	95.9862
367.523	95.9854
366.783	95.9845
366.047	95.9836
365.313	95.9826
364.582	95.9816
363.854	95.9805
363.129	95.9793
362.407	95.978
361.688	95.9767
360.971	95.9753
360.258	95.9738
359.547	95.9722
358.839	95.9705
358.134	95.9687
357.432	95.9669
356.732	95.9649
356.035	95.9629
355.341	95.9607
354.649	95.9585
353.96	95.9562
353.274	95.9537
352.591	95.9512
351.91	95.9485
351.232	95.9458
350.556	95.9429
349.883	95.94
349.213	95.9369
348.545	95.9337
347.879	95.9305
347.217	95.9271
346.556	95.9236
345.899	95.92
345.243	95.9163
344.591	95.9125
343.94	95.9085
343.292	95.9045
342.647	95.9004
342.004	95.8961
341.363	95.8918
340.725	95.8873
340.089	95.8828
339.456	95.8781
338.825	95.8734
338.196	95.8685
337.569	95.8636
336.945	95.8585
336.324	95.8534
335.704	95.8482
335.087	95.8428
334.472	95.8374
333.859	95.8319
333.249	95.8264
332.64	95.8207
332.034	95.815
331.43	95.8091
330.829	95.8032
330.229	95.7973
329.632	95.7912
329.037	95.7851
328.444	95.779
327.853	95.7728
327.264	95.7665
326.678	95.7601
326.093	95.7538
325.511	95.7473
324.93	95.7408
324.352	95.7343
323.776	95.7278
323.201	95.7212
322.629	95.7146
322.059	95.7079
321.491	95.7012
320.925	95.6945
320.361	95.6878
319.799	95.6811
319.238	95.6744
318.68	95.6676
318.124	95.6609
317.57	95.6541
317.017	95.6474
316.467	95.6407
315.918	95.634
315.371	95.6273
314.826	95.6206
314.284	95.6139
313.743	95.6073
313.203	95.6007
312.666	95.5942
312.13	95.5877
311.597	95.5812
311.065	95.5748
310.535	95.5684
310.007	95.5621
309.48	95.5559
308.956	95.5497
308.433	95.5436
307.912	95.5375
307.392	95.5316
306.875	95.5257
306.359	95.5199
305.845	95.5141
305.332	95.5085
304.821	95.503
304.312	95.4975
303.805	95.4922
303.3	95.4869
302.796	95.4818
302.293	95.4768
301.793	95.4719
301.294	95.4671
300.797	95.4624
300.301	95.4579
299.807	95.4534
299.314	95.4492
298.824	95.445
298.335	95.441
297.847	95.4371
297.361	95.4333
296.877	95.4297
296.394	95.4263
295.912	95.4229
295.433	95.4198
294.955	95.4168
294.478	95.4139
294.003	95.4112
293.529	95.4087
293.057	95.4063
292.587	95.4041
292.118	95.4021
291.65	95.4002
291.184	95.3985
290.72	95.3969
290.257	95.3955
289.795	95.3943
289.335	95.3933
288.877	95.3925
288.419	95.3918
287.964	95.3913
287.509	95.391
287.057	95.3908
286.605	95.3909
286.155	95.3911
285.706	95.3915
285.259	95.3921
284.813	95.3929
284.369	95.3938
283.926	95.3949
283.484	95.3962
283.044	95.3977
282.605	95.3994
282.168	95.4012
281.731	95.4032
281.297	95.4055
280.863	95.4078
280.431	95.4104
280	95.4131
