1200	96.5119
1192.15	96.5085
1184.4	96.5049
1176.75	96.5012
1169.21	96.4974
1161.75	96.4935
1154.39	96.4895
1147.13	96.4854
1139.95	96.4813
1132.86	96.477
1125.87	96.4727
1118.95	96.4684
1112.13	96.464
1105.38	96.4596
1098.72	96.4552
1092.13	96.4507
1085.63	96.4463
1079.2	96.4418
1072.84	96.4374
1066.56	96.433
1060.36	96.4286
1054.23	96.4243
1048.16	96.42
1042.17	96.4157
1036.24	96.4115
1030.38	96.4074
1024.59	96.4033
1018.86	96.3993
1013.2	96.3954
1007.6	96.3916
1002.06	96.3879
996.576	96.3842
991.156	96.3807
985.795	96.3772
980.491	96.3739
975.244	96.3707
970.053	96.3675
964.917	96.3645
959.835	96.3616
954.806	96.3588
949.83	96.3561
944.905	96.3535
940.031	96.351
935.207	96.3486
930.433	96.3463
925.707	96.3442
921.028	96.3421
916.397	96.3402
911.812	96.3383
907.273	96.3366
902.778	96.3349
898.328	96.3333
893.922	96.3318
889.559	96.3304
885.238	96.3291
880.958	96.3279
876.72	96.3267
872.523	96.3256
868.365	96.3246
864.247	96.3236
860.168	96.3226
856.127	96.3218
852.124	96.3209
848.159	96.3201
844.23	96.3193
840.337	96.3186
836.48	96.3179
832.658	96.3172
828.871	96.3165
825.118	96.3158
821.399	96.3151
817.714	96.3144
814.061	96.3137
810.441	96.313
806.853	96.3122
803.296	96.3115
799.771	96.3107
796.277	96.3099
792.813	96.309
789.379	96.3081
785.974	96.3072
782.599	96.3062
779.253	96.3052
775.935	96.3041
772.645	96.3029
769.383	96.3017
766.149	96.3004
762.941	96.2991
759.761	96.2976
756.606	96.2962
753.478	96.2946
750.376	96.293
747.299	96.2912
744.247	96.2895
741.22	96.2876
738.218	96.2856
735.239	96.2836
732.285	96.2815
729.354	96.2793
726.447	96.2771
723.563	96.2747
720.702	96.2723
717.863	96.2699
715.046	96.2673
712.251	96.2647
709.479	96.262
706.727	96.2592
703.997	96.2564
701.288	96.2535
698.6	96.2506
695.932	96.2476
693.285	96.2445
690.657	96.2414
688.05	96.2382
685.462	96.2351
682.893	96.2318
680.344	96.2286
677.814	96.2253
675.302	96.2219
672.809	96.2186
670.334	96.2152
667.878	96.2118
665.439	96.2085
663.018	96.2051
660.615	96.2017
658.229	96.1983
655.86	96.1949
653.508	96.1915
651.173	96.1882
648.854	96.1849
646.553	96.1816
644.267	96.1783
641.997	96.1751
639.744	96.1719
637.506	96.1688
635.283	96.1657
633.077	96.1626
630.885	96.1597
628.709	96.1567
626.547	96.1539
624.4	96.1511
622.268	96.1484
620.151	96.1458
618.048	96.1432
615.959	96.1408
613.884	96.1384
611.823	96.1361
609.776	96.1339
607.742	96.1318
605.723	96.1298
603.716	96.1279
601.723	96.1261
599.742	96.1244
597.775	96.1228
595.821	96.1214
593.879	96.12
591.95	96.1187
590.034	96.1176
588.13	96.1165
586.238	96.1156
584.358	96.1148
582.49	96.1141
580.634	96.1135
578.79	96.113
576.958	96.1126
575.137	96.1124
573.328	96.1122
571.53	96.1122
569.743	96.1122
567.967	96.1124
566.203	96.1127
564.449	96.113
562.706	96.1135
560.974	96.1141
559.253	96.1147
557.542	96.1155
555.841	96.1163
554.151	96.1173
552.471	96.1183
550.802	96.1194
549.142	96.1205
547.492	96.1218
545.852	96.1231
544.222	96.1245
542.602	96.1259
540.991	96.1274
539.39	96.129
537.798	96.1306
536.216	96.1322
534.643	96.1339
533.079	96.1357
531.524	96.1374
529.979	96.1392
528.442	96.1411
526.914	96.1429
525.395	96.1448
523.885	96.1467
522.383	96.1486
520.89	96.1505
519.405	96.1524
517.929	96.1543
516.461	96.1561
515.002	96.158
513.551	96.1599
512.108	96.1617
510.673	96.1635
509.246	96.1653
507.827	96.1671
506.415	96.1688
505.012	96.1705
503.616	96.1721
502.229	96.1737
500.848	96.1753
499.476	96.1767
498.111	96.1782
496.753	96.1795
495.402	96.1809
494.059	96.1821
492.724	96.1833
491.395	96.1844
490.074	96.1854
488.759	96.1864
487.452	96.1873
486.152	96.1881
484.858	96.1888
483.572	96.1895
482.292	96.19
481.019	96.1905
479.753	96.1909
478.493	96.1912
477.24	96.1914
475.994	96.1915
474.754	96.1915
473.52	96.1915
472.293	96.1913
471.072	96.1911
469.858	96.1907
468.649	96.1903
467.447	96.1898
466.251	96.1892
465.062	96.1885
463.878	96.1877
462.7	96.1868
461.528	96.1858
460.362	96.1848
459.202	96.1836
458.048	96.1824
456.9	96.1811
455.757	96.1797
454.62	96.1782
453.489	96.1766
452.363	96.175
451.243	96.1733
450.129	96.1715
449.02	96.1696
447.916	96.1677
446.818	96.1657
445.725	96.1636
444.638	96.1615
443.556	96.1593
442.479	96.1571
441.407	96.1547
440.34	96.1524
439.279	96.15
438.223	96.1475
437.171	96.145
436.125	96.1424
435.084	96.1398
434.048	96.1372
433.017	96.1345
431.99	96.1318
430.969	96.129
429.952	96.1262
428.94	96.1234
427.933	96.1206
426.93	96.1177
425.932	96.1149
424.939	96.112
423.951	96.1091
422.967	96.1062
421.987	96.1032
421.012	96.1003
420.042	96.0973
419.076	96.0944
418.115	96.0914
417.158	96.0885
416.205	96.0855
415.257	96.0826
414.313	96.0796
413.373	96.0767
412.437	96.0737
411.506	96.0708
410.579	96.0679
409.656	96.065
408.737	96.0621
407.823	96.0593
406.912	96.0564
406.005	96.0536
405.103	96.0508
404.204	96.048
403.31	96.0452
402.419	96.0424
401.533	96.0397
400.65	96.037
399.771	96.0343
398.896	96.0316
398.025	96.029
397.157	96.0264
396.294	96.0238
395.434	96.0212
394.578	96.0187
393.725	96.0161
392.877	96.0136
392.031	96.0112
391.19	96.0087
390.352	96.0063
389.518	96.0038
388.687	96.0015
387.86	95.9991
387.036	95.9967
386.216	95.9944
385.399	95.9921
384.586	95.9898
383.776	95.9875
382.969	95.9852
382.166	95.983
381.367	95.9807
380.57	95.9785
379.777	95.9763
378.987	95.9741
378.201	95.9719
377.418	95.9697
376.638	95.9675
375.861	95.9653
375.087	95.9631
374.317	95.961
373.55	95.9588
372.785	95.9566
372.024	95.9544
371.267	95.9522
370.512	95.95
369.76	95.9478
369.011	95.9456
368.266	95.9434
367.523	95.9412
366.783	95.9389
366.047	95.9367
365.313	95.9344
364.582	95.9321
363.854	95.9298
363.129	95.9274
362.407	95.9251
361.688	95.9227
360.971	95.9203
360.258	95.9179
359.547	95.9154
358.839	95.9129
358.134	95.9104
357.432	95.9078
356.732	95.9053
356.035	95.9027
355.341	95.9
354.649	95.8973
353.96	95.8946
353.274	95.8918
352.591	95.889
351.91	95.8862
351.232	95.8833
350.556	95.8804
349.883	95.8775
349.213	95.8745
348.545	95.8714
347.879	95.8683
347.217	95.8652
346.556	95.862
345.899	95.8588
345.243	95.8556
344.591	95.8523
343.94	95.8489
343.292	95.8455
342.647	95.8421
342.004	95.8386
341.363	95.8351
340.725	95.8315
340.089	95.8279
339.456	95.8243
338.825	95.8206
338.196	95.8168
337.569	95.8131
336.945	95.8092
336.324	95.8054
335.704	95.8015
335.087	95.7975
334.472	95.7935
333.859	95.7895
333.249	95.7855
332.64	95.7814
332.034	95.7772
331.43	95.7731
330.829	95.7689
330.229	95.7647
329.632	95.7604
329.037	95.7561
328.444	95.7518
327.853	95.7474
327.264	95.7431
326.678	95.7387
326.093	95.7343
325.511	95.7298
324.93	95.7254
324.352	95.7209
323.776	95.7164
323.201	95.7119
322.629	95.7074
322.059	95.7029
321.491	95.6983
320.925	95.6938
320.361	95.6893
319.799	95.6847
319.238	95.6801
318.68	95.6756
318.124	95.671
317.57	95.6665
317.017	95.662
316.467	95.6574
315.918	95.6529
315.371	95.6484
314.826	95.6439
314.284	95.6394
313.743	95.635
313.203	95.6305
312.666	95.6261
312.13	95.6217
311.597	95.6173
311.065	95.613
310.535	95.6087
310.007	95.6044
309.48	95.6002
308.956	95.596
308.433	95.5918
307.912	95.5877
307.392	95.5836
306.875	95.5795
306.359	95.5755
305.845	95.5716
305.332	95.5677
304.821	95.5639
304.312	95.5601
303.805	95.5563
303.3	95.5527
302.796	95.549
302.293	95.5455
301.793	95.542
301.294	95.5386
300.797	95.5352
300.301	95.5319
299.807	95.5287
299.314	95.5255
298.824	95.5225
298.335	95.5195
297.847	95.5165
297.361	95.5137
296.877	95.5109
296.394	95.5082
295.912	95.5056
295.433	95.5031
294.955	95.5007
294.478	95.4983
294.003	95.496
293.529	95.4938
293.057	95.4917
292.587	95.4897
292.118	95.4878
291.65	95.486
291.184	95.4843
290.72	95.4826
290.257	95.4811
289.795	95.4796
289.335	95.4782
288.877	95.477
288.419	95.4758
287.964	95.4747
287.509	95.4737
287.057	95.4728
286.605	95.4721
286.155	95.4714
285.706	95.4708
285.259	95.4703
284.813	95.4698
284.369	95.4695
283.926	95.4693
283.484	95.4692
283.044	95.4691
282.605	95.4692
282.168	95.4694
281.731	95.4696
281.297	95.47
280.863	95.4704
280.431	95.4709
280	95.4715
